ZB_1	ZB_2	ZB_3	ZB_4	ZB_5	ZB_6	ZB_7	ZB_8	ZB_9	ZB_10	ZB_11	ZB_12	ZB_13	ZB_14	ZB_15	ZB_16	ZB_17	ZB_18	ZB_19	ZB_20	ZB_21	ZB_22	ZB_23	ZB_24	ZB_25	ZB_26	ZB_27	ZB_28	ZB_29	ZB_30	ZB_31	ZB_32	ZB_33	ZB_34	ZB_35	ZB_36	ZB_37	ZB_38	ZB_39	ZB_40	ZB_41	ZB_42	ZB_43	ZB_44	ZB_45	ZB_46	ZB_47	ZB_48	ZB_49	ZB_50	ZB_51	ZB_52	ZB_53	ZB_54	ZB_55	ZB_56	ZB_57	ZB_58	ZB_59	ZB_60	ZB_61	ZB_62	ZB_63	ZB_64
ZB_1	0	0.681520548427948	0.664516012434035	0.796000708375374	0.683867654535963	0.567553657666309	0.628411742362581	0.641374899227802	0.753930524427966	0.624932330961624	0.578628971225053	0.711594222443998	0.695892500366854	0.766111323030609	0.760043832108251	0.759588637820723	0.629563670423757	0.758660730878448	0.694332320981368	0.713624576456775	0.820425961616523	0.650833213626609	0.712139358682044	0.777500614976143	0.700249031672554	0.639308315481957	0.693910012586619	0.774905371403566	0.782351189368276	0.72399963241086	0.754153951814939	0.700845064553765	0.708317641442013	0.702868176423627	0.564598167362689	0.648295495027305	0.711370363264061	0.598499240208374	0.68571144564341	0.793918637097959	0.655746941403735	0.718943377982467	0.745136330943092	0.798413341175984	0.671294192197917	0.741688112999443	0.981683183093547	0.714766716372202	0.776211993737359	0.598997933556857	0.785822922427704	0.687293907362322	0.857548995343791	0.631970753398893	0.66169728037548	0.74287074351943	0.683966812258681	0.791912630900701	0.587937087287104	0.753877467454539	0.523884354010387	0.674870768717692	0.693978763991022	0.794945073672361
ZB_2	0.681520548427948	0	0.83465611734066	0.687194326631685	0.398539126595431	0.722734129047039	0.713864377174437	0.766563029605607	0.800496201837157	0.80482011833189	0.317638583819649	0.766421252065566	0.601514403412145	0.778682723835725	0.822888387102356	0.806723704521898	0.514066996765572	0.769412227084962	0.646218530177937	0.491457068580857	0.676408167972747	0.643779470760095	0.803144530750407	0.649905967556362	0.741506698397731	0.73286435310325	0.708647718820627	0.690693051188634	0.769688108242921	0.641325335061709	0.825334907312431	0.703586111780851	0.701525852957241	0.689474109472032	0.325943758564743	0.65312376937154	0.719536064397803	0.736528510252098	0.560060743849423	0.780219137503388	0.771061256051067	0.750543770789363	0.864483174889299	0.91569295849847	0.734801094398274	0.805172602774293	0.976852151931553	0.771629372821634	0.781264719736222	0.36083417408882	0.587771830410845	0.801154962660171	0.805565298621773	0.635092978495652	0.688537838329314	0.711837628342345	0.730313010604556	0.739804661001964	0.760563363131532	0.728423807554014	0.431606214342029	0.760547919870401	0.807079457188271	0.617935025281605
ZB_3	0.664516012434035	0.83465611734066	0	0.539486332549916	0.792956014428334	0.77162230758557	0.574208326733518	0.462634665987414	0.545712874255289	0.500820303084495	0.803795190787698	0.697254044155051	0.786536405375375	0.535631218734867	0.471172314120309	0.46125156885258	0.811031707288649	0.574410484410666	0.74771880064123	0.777612279392611	0.769300610843458	0.646517789957767	0.343568194742137	0.77936602437406	0.779633311849485	0.752603948388024	0.776750069572697	0.678957256928135	0.532049732621552	0.783721810454377	0.475942331075213	0.72023742748165	0.745237894464888	0.785270644626818	0.833615004635128	0.676041640438562	0.670327805584213	0.713936842469247	0.698538864182951	0.576182454267594	0.667710069414349	0.376156029667613	0.378312719470589	0.478394751598798	0.428317708164709	0.714772501294388	0.968598504226656	0.762890317671518	0.731707153097704	0.836313285183967	0.680810270207206	0.262619727875225	0.761496353255594	0.751239842807552	0.765697353328519	0.559087731062201	0.691171885193154	0.612225884405168	0.734077038867119	0.622221075002366	0.824423853646947	0.365447894863951	0.308677645123648	0.735298746897512
ZB_4	0.796000708375374	0.687194326631685	0.539486332549916	0	0.747843948544984	0.855267211441517	0.751781933094763	0.689592528938811	0.662004170597464	0.683804476568153	0.746521259646038	0.779972393995919	0.810705315116738	0.620052696208968	0.716356320933643	0.6133260435096	0.822015937213671	0.676999744876265	0.80441789634777	0.754434168009497	0.744318669613189	0.642965739136584	0.608585382255974	0.786921462642421	0.856560319982324	0.806617545051961	0.811049815175583	0.562525185142544	0.587031449818119	0.802759492239688	0.609292438505922	0.755058599457749	0.829218400041373	0.85114405658442	0.719106627621549	0.606187162908749	0.685705664104024	0.803963164015592	0.545109901764317	0.624318464403589	0.783720341737721	0.503409487233966	0.660797917885714	0.720764528374893	0.58047657679754	0.756151966803307	0.938294413624048	0.797771825708771	0.625095137912583	0.772223496687982	0.583408044109242	0.486426377580692	0.709413148227164	0.837666710304188	0.79876484389454	0.405088371692343	0.698698151312723	0.64997741593442	0.835649684238953	0.54308161937647	0.765471039585291	0.516028919424076	0.623952343185189	0.773741086749285
ZB_5	0.683867654535963	0.398539126595431	0.792956014428334	0.747843948544984	0	0.701597228532931	0.609612970194256	0.738725777481807	0.776865341909464	0.789489314863658	0.458573698079171	0.709684505909685	0.612216917241864	0.753273874085199	0.783449232988984	0.782788191266832	0.474329744537493	0.754318259144705	0.653540236173256	0.376695986232244	0.62906187364613	0.586284811134192	0.807900731327179	0.639388691392819	0.69784924165598	0.712199460896081	0.670506033057042	0.730074925377304	0.795156015638447	0.615432424598006	0.779884375218967	0.640815749447759	0.702917130911034	0.660988362835166	0.403420766259844	0.631701823015402	0.676382274460603	0.677327802966545	0.690444372791221	0.74221203851501	0.749552495761772	0.75326830820999	0.834455210016368	0.868209781342107	0.722999342824083	0.76262789118485	0.98873873135999	0.772222004276778	0.785970445239375	0.43706250114031	0.704730284961426	0.795202505879532	0.771322198867494	0.6689459766578	0.635251108474537	0.813003178452663	0.733576412675212	0.672046629387158	0.760715602422277	0.752587465128987	0.49781888169655	0.737318618684827	0.787874153983032	0.528152788599572
ZB_6	0.567553657666309	0.722734129047039	0.77162230758557	0.855267211441517	0.701597228532931	0	0.637052967840589	0.752498795426128	0.771886851228122	0.752411038769247	0.661597123869703	0.35829023030828	0.421099767644997	0.83917817334886	0.833088715858069	0.842400640723169	0.422581111613195	0.746305393796198	0.327720807045434	0.709189795517368	0.843415705503671	0.728480444943365	0.815470311292849	0.811385270722555	0.352915313273807	0.271999784011447	0.221874651499944	0.800673592480398	0.855381957884958	0.29657302515041	0.795416084522576	0.342991515229539	0.316639040572914	0.232131977426647	0.699848607213743	0.738134563541785	0.799736062843826	0.234494879901296	0.755096859835781	0.85955341402488	0.376293174277413	0.793929265075335	0.844266159513517	0.877634980811221	0.756451714471958	0.764208688397691	0.989768610273048	0.32669719004993	0.810301861660936	0.690122128046725	0.785093626557412	0.789391026318199	0.899839815891754	0.384311733376057	0.26843603600163	0.81643132118587	0.356843194761677	0.833614572207486	0.356289630397079	0.823741360162114	0.687627166876931	0.78032358334299	0.729905164691754	0.8390832292932
ZB_7	0.628411742362581	0.713864377174437	0.574208326733518	0.751781933094763	0.609612970194256	0.637052967840589	0	0.45411108548572	0.565361539873567	0.685167154615071	0.706261189062248	0.644378000274311	0.68332361453069	0.686687998145835	0.658612295863965	0.653176140538374	0.68625520152967	0.56203260769638	0.66965483744156	0.631462737323632	0.672381618173835	0.566300277556868	0.586968117199154	0.815628578507858	0.698818099392753	0.688071212772412	0.686113089824396	0.713275649144404	0.688731184810443	0.683244388435337	0.58642055480803	0.637096179988874	0.662117461426473	0.696041346678572	0.74935725662496	0.571109206334199	0.674454602739693	0.551669936564672	0.737796825435043	0.709266051700879	0.570127449532581	0.630652472956919	0.618664218147734	0.745109690922002	0.61095436364467	0.605976073268981	0.980561697571532	0.677238970056279	0.750242320845863	0.698785572038172	0.566610576107432	0.577568559582787	0.740679062654915	0.597991109921663	0.630295590589277	0.722529600842881	0.580725870212653	0.714739725447892	0.614581810065497	0.71682016121086	0.650175281475142	0.569327766375891	0.5281486557667	0.665851388807488
ZB_8	0.641374899227802	0.766563029605607	0.462634665987414	0.689592528938811	0.738725777481807	0.752498795426128	0.45411108548572	0	0.627617228146868	0.640227928250815	0.766362153599492	0.716430940486606	0.751759588139043	0.592884226464972	0.544173673993626	0.570394458955063	0.766169439227697	0.649673221096238	0.772887021869251	0.699715812163478	0.633306680568373	0.467747449397042	0.478641925304519	0.79641893034653	0.778275053861837	0.759802763694854	0.758242562793525	0.68639068144893	0.599125250108087	0.743718223908114	0.508493053555206	0.72142758069839	0.745296636612081	0.766956819916093	0.776220900856583	0.563761265411597	0.693012222935719	0.715521008895913	0.684879748049065	0.632549952075499	0.672443560650368	0.52417306898392	0.474858407312768	0.680114805859195	0.543202035543107	0.749979470615608	0.97337766946177	0.753519378921452	0.679808775181018	0.776616166753027	0.597625324250796	0.432261831532813	0.65853561392251	0.683121530620639	0.764937645986223	0.671996439090716	0.669819429740946	0.675936602645389	0.667579335399081	0.621384261070945	0.717943232357309	0.480347462860672	0.431838567053835	0.656637095924134
ZB_9	0.753930524427966	0.800496201837157	0.545712874255289	0.662004170597464	0.776865341909464	0.771886851228122	0.565361539873567	0.627617228146868	0	0.69092171882392	0.828459488708979	0.724456128039118	0.730154460459524	0.488568783476977	0.557518985845572	0.221990561201015	0.803723975458523	0.293204275941458	0.752833285353611	0.70995316056262	0.84549934071016	0.609576344447861	0.461623148007327	0.703391494867977	0.78059491251414	0.741207487260059	0.739431045104365	0.65606518721357	0.472567027043318	0.756065372789904	0.439789670951484	0.667491478697732	0.747932751415912	0.785877712899699	0.823648501114015	0.68031828726203	0.533610697090897	0.689801808536041	0.751856529014595	0.399011936100393	0.665913502330393	0.359578788058769	0.443941684523262	0.663092635816877	0.596534020129503	0.469657600918338	0.971574868044961	0.712969990421611	0.668657803209338	0.839831237992238	0.42875782840418	0.490009577370172	0.650578670909527	0.753816086129532	0.724020524457848	0.580403181142718	0.680075355541912	0.457479494118013	0.737770149547157	0.485025281991443	0.802402133962237	0.450119961251549	0.58496998250317	0.764214705610785
ZB_10	0.624932330961624	0.80482011833189	0.500820303084495	0.683804476568153	0.789489314863658	0.752411038769247	0.685167154615071	0.640227928250815	0.69092171882392	0	0.817406621735662	0.727644729495054	0.774388516148122	0.703055990801592	0.664395516474332	0.671063324079685	0.829732403809226	0.700706662118037	0.76055744554394	0.858944536572206	0.742473837758888	0.622916325036247	0.577332721422642	0.680033656112397	0.737017222682849	0.765271648150966	0.763648733963849	0.693232829633829	0.718191699224183	0.791049305303966	0.679740346128703	0.721491062888416	0.752416489179228	0.768186440212164	0.840653975911882	0.743257272898417	0.741625976635056	0.693847111839038	0.64040961008271	0.743059579058666	0.648295748459535	0.591485937008083	0.623363253961218	0.536740931938595	0.566429093771595	0.727913989134325	0.96441671641379	0.696066840072515	0.757762606591081	0.834820330056237	0.766905867570304	0.476543196318951	0.73867366875936	0.729091359348265	0.751475705074437	0.593357754388928	0.767227152203097	0.746058247767283	0.776546291583061	0.759049976387826	0.837823020253915	0.584007562487836	0.551178340458183	0.801691026865424
ZB_11	0.578628971225053	0.317638583819649	0.803795190787698	0.746521259646038	0.458573698079171	0.661597123869703	0.706261189062248	0.766362153599492	0.828459488708979	0.817406621735662	0	0.718624039640001	0.608506805900727	0.786489489317326	0.813987823061267	0.83484727130287	0.35487245993985	0.792875806121492	0.64898175191971	0.472274767256407	0.742033836576295	0.674281609293329	0.797363214207772	0.686294003065372	0.716498284356052	0.663673951377093	0.687767859851437	0.711280091600694	0.817618582186633	0.620100005916896	0.794756348107692	0.685708643408955	0.70292607399094	0.681364650551708	0.185368871926638	0.581129685199864	0.663365730687083	0.714913255814618	0.658946685094737	0.802149904447162	0.753217127872545	0.793886523084464	0.851254177680994	0.889048705305234	0.747906769660372	0.795459740915174	0.977911922776962	0.754527187427161	0.758863534295792	0.20455993935049	0.696821195164834	0.802739765742781	0.848198190119905	0.643397366447204	0.671420895787543	0.750811402498857	0.708883189098171	0.745996964503344	0.679361153925786	0.760129657481484	0.373456638121835	0.787160075153054	0.770073786063311	0.690753018262482
ZB_12	0.711594222443998	0.766421252065566	0.697254044155051	0.779972393995919	0.709684505909685	0.35829023030828	0.644378000274311	0.716430940486606	0.724456128039118	0.727644729495054	0.718624039640001	0	0.317845730630218	0.80148366950164	0.791486635654025	0.804096678287379	0.52623396835971	0.747021231791839	0.368189489050868	0.684982183884326	0.799815689837294	0.581558155175017	0.771400833761635	0.735358418473295	0.23973084200401	0.305198746958851	0.220002963876076	0.735863900779278	0.789347091827715	0.279484638255699	0.748085073025423	0.301231073783038	0.166769047502634	0.281883836515417	0.757394253338194	0.700930778634455	0.709073058032533	0.388973339417248	0.67150968647958	0.734865434508266	0.233055539189494	0.755938510197912	0.797430345056046	0.834434892114458	0.741873204948301	0.699627921606444	0.989603109388154	0.223158172267242	0.69937006660711	0.76081678865335	0.724888184533925	0.735158861614196	0.890026604766122	0.402208075180796	0.304757033079547	0.787487183849834	0.429400816098864	0.736917600620286	0.433541959992124	0.698809004321925	0.818299172282145	0.732581224562281	0.67112757022849	0.843206294541545
ZB_13	0.695892500366854	0.601514403412145	0.786536405375375	0.810705315116738	0.612216917241864	0.421099767644997	0.68332361453069	0.751759588139043	0.730154460459524	0.774388516148122	0.608506805900727	0.317845730630218	0	0.818308077032635	0.84717540120381	0.798153626104051	0.47043096328511	0.724698362579747	0.340564257770935	0.592588615030047	0.780211211138936	0.569831182144054	0.771226845796584	0.705629780890368	0.235403671975288	0.359515304570711	0.258678785703488	0.686958827066103	0.796502385991873	0.268595242601706	0.764401712987413	0.306719002900908	0.308190358373959	0.355473495614182	0.625475187207553	0.689412943157648	0.71486940893411	0.424746869459157	0.685426176546835	0.730597286311145	0.394377620365101	0.742207514514644	0.84418379937755	0.888278689800174	0.779775620267039	0.709368346915542	0.991521633318863	0.352355372456089	0.691969110185723	0.660679474253159	0.655797984109869	0.781410664547643	0.834872574234276	0.260100300581551	0.271128360813685	0.758886923454558	0.496621812856415	0.716507351119699	0.403211122878969	0.698347773197895	0.667564629920795	0.748549448957451	0.748603632283528	0.776003072303457
ZB_14	0.766111323030609	0.778682723835725	0.535631218734867	0.620052696208968	0.753273874085199	0.83917817334886	0.686687998145835	0.592884226464972	0.488568783476977	0.703055990801592	0.786489489317326	0.80148366950164	0.818308077032635	0	0.167338036195005	0.371620395572491	0.814759573609732	0.492982663303097	0.831962254428761	0.677011842335953	0.830290885436721	0.63306245136578	0.438810346524652	0.587618318393642	0.855025986475856	0.811412399846452	0.810188298311349	0.677192664255184	0.418681792467172	0.830994420424627	0.382515122235311	0.775982497942375	0.821312198162497	0.853377812763547	0.808221293618272	0.680010131088448	0.628141875554906	0.800533344650992	0.770027671656901	0.474039020601315	0.769591690914116	0.452889508089331	0.345942624524751	0.621361347569107	0.320227160420252	0.636745382777129	0.958700179065199	0.786201313230759	0.660836076354298	0.791416709689231	0.660251011264281	0.428180789456167	0.696447223420056	0.829999133342152	0.810911396710395	0.612221123417722	0.788499962542935	0.552256076957491	0.827529889216903	0.583987940083951	0.818990438069824	0.435642462425844	0.553072394824087	0.608809889150254
ZB_15	0.760043832108251	0.822888387102356	0.471172314120309	0.716356320933643	0.783449232988984	0.833088715858069	0.658612295863965	0.544173673993626	0.557518985845572	0.664395516474332	0.813987823061267	0.791486635654025	0.84717540120381	0.167338036195005	0	0.452427566807314	0.836921528715461	0.573271543909876	0.848624885407117	0.729445866826711	0.827554731613433	0.694810610811489	0.454664134155839	0.643964872315044	0.848364536617959	0.841315487634812	0.840274789987159	0.733958065551291	0.499270752680981	0.85794466117026	0.467051785738731	0.81077794486313	0.81325304395261	0.847290352199367	0.846526956253158	0.720934299955989	0.694178196791622	0.817385736595523	0.784506834768624	0.551461778097292	0.755248733883436	0.541936197398857	0.281907319556444	0.553977005569236	0.314906080831652	0.703336670525295	0.962382673850632	0.826829067904531	0.723459364479304	0.830761777845383	0.717704827218161	0.435071304610277	0.753547600929341	0.826978527943394	0.843243238578207	0.695867887877895	0.791757908486104	0.626497563221919	0.818735323733612	0.647174397297194	0.85855541801341	0.514335755059678	0.493674244394736	0.566482079517179
ZB_16	0.759588637820723	0.806723704521898	0.46125156885258	0.6133260435096	0.782788191266832	0.842400640723169	0.653176140538374	0.570394458955063	0.221990561201015	0.671063324079685	0.83484727130287	0.804096678287379	0.798153626104051	0.371620395572491	0.452427566807314	0	0.845345584892951	0.400699769053118	0.822679353167158	0.711514357754063	0.839391333287202	0.586572369601808	0.350473214186416	0.691690392064125	0.85378484156326	0.810661654320886	0.809343969634541	0.623309218152548	0.355400559354453	0.818876843156932	0.323456542398578	0.750861016868821	0.819820724933334	0.852240153862962	0.830167700327643	0.667177128275244	0.499895163064401	0.777459743981063	0.745640825046262	0.267890458249999	0.764049188139986	0.230526969244519	0.285280759144611	0.574318420132821	0.53258961373806	0.633378190237225	0.963949853219637	0.798640761725409	0.625622360524561	0.847624610406981	0.560066624054643	0.385266475979219	0.585234654269604	0.8313247703188	0.797487607275271	0.515260773698705	0.768837834200987	0.386483596535697	0.819138335456688	0.408091985786806	0.809938659503523	0.343783143053216	0.513110022634459	0.746928811194908
ZB_17	0.629563670423757	0.514066996765572	0.811031707288649	0.822015937213671	0.474329744537493	0.422581111613195	0.68625520152967	0.766169439227697	0.803723975458523	0.829732403809226	0.35487245993985	0.52623396835971	0.47043096328511	0.814759573609732	0.836921528715461	0.845345584892951	0	0.788985214322166	0.474267750089497	0.492699472617525	0.769538261919936	0.675123308110815	0.818246031571328	0.740324738016263	0.537363481184697	0.414615706591786	0.459939007965188	0.795960600286943	0.834383714602591	0.385851878354204	0.814930528177161	0.532166004587334	0.502634542388023	0.446843712953108	0.403510883306813	0.673500797716784	0.678340739512831	0.5282871820681	0.706213295137625	0.816572689110133	0.617961758665473	0.80624586225812	0.866625877679954	0.900682171753663	0.768345327473759	0.781432457871107	0.985969958869162	0.568719635120861	0.805176080932707	0.408482876341269	0.730056684965302	0.820619226022768	0.856376987589621	0.549341089962342	0.494364561709892	0.821830378381225	0.585332973847398	0.765741224407754	0.567542533235557	0.800592085575722	0.520510576150001	0.795621166958555	0.799608810129731	0.723355238830127
ZB_18	0.758660730878448	0.769412227084962	0.574410484410666	0.676999744876265	0.754318259144705	0.746305393796198	0.56203260769638	0.649673221096238	0.293204275941458	0.700706662118037	0.792875806121492	0.747021231791839	0.724698362579747	0.492982663303097	0.573271543909876	0.400699769053118	0.788985214322166	0	0.718211196926136	0.670554223004398	0.775394513692952	0.647530532767837	0.496194735906871	0.651194816291655	0.799864043000196	0.759749914590508	0.713464600112381	0.618912255303782	0.509892248813259	0.727642196773989	0.472697852757401	0.639433675995485	0.729055487027724	0.748164312110247	0.79874897898076	0.689603808023144	0.597587924641372	0.715681467429747	0.764330561638474	0.510347532570914	0.688746779733187	0.478740289532161	0.493761564699151	0.676085536861353	0.604117270571807	0.532813462007862	0.975239156325637	0.726511324525369	0.692266626938309	0.796721529427315	0.547598633854268	0.523287884926627	0.722950266115676	0.72425247626813	0.699404735797782	0.647530707312954	0.700392707474318	0.432553424657534	0.754955949721746	0.571621439179155	0.756874703372033	0.474186957402896	0.610720523470883	0.686978735952715
ZB_19	0.694332320981368	0.646218530177937	0.74771880064123	0.80441789634777	0.653540236173256	0.327720807045434	0.66965483744156	0.772887021869251	0.752833285353611	0.76055744554394	0.64898175191971	0.368189489050868	0.340564257770935	0.831962254428761	0.848624885407117	0.822679353167158	0.474267750089497	0.718211196926136	0	0.658461109109967	0.763603737631594	0.689313777852919	0.757437555928851	0.724479610524179	0.295129515959729	0.266612571494686	0.26172008450441	0.761718292079842	0.764597758477807	0.29218559054779	0.774419839839617	0.296774308861714	0.276260465824918	0.224603790073234	0.686953737898727	0.756549394738788	0.759095886899942	0.27328666159552	0.694265263329585	0.816293601065083	0.347429584159728	0.774816776230199	0.83481188983978	0.857248167056246	0.774689154656036	0.758414588411776	0.991010875515619	0.384998425365952	0.770200715506737	0.676476323337362	0.674002690831328	0.770062068418958	0.888792903595788	0.319237078721681	0.218989285174015	0.787741838978762	0.37878387984203	0.773633313445462	0.42826236473681	0.782045737776798	0.719601666445427	0.764613146889856	0.733450729408153	0.816994910716194
ZB_20	0.713624576456775	0.491457068580857	0.777612279392611	0.754434168009497	0.376695986232244	0.709189795517368	0.631462737323632	0.699715812163478	0.70995316056262	0.858944536572206	0.472274767256407	0.684982183884326	0.592588615030047	0.677011842335953	0.729445866826711	0.711514357754063	0.492699472617525	0.670554223004398	0.658461109109967	0	0.70288107334822	0.572579810992524	0.778216826347128	0.596793389425793	0.744371562155337	0.729101755764514	0.652544852235848	0.667377095900372	0.724867804622165	0.593489473196564	0.689945100778309	0.631069973308396	0.666980994545667	0.681810350822349	0.451328179236132	0.594129325570163	0.606376224049957	0.70739776890994	0.779600905231511	0.622138809232979	0.761391750258648	0.713129536304735	0.781023374010641	0.839065438501563	0.683637338624806	0.662034193918987	0.97276788361985	0.756517840681884	0.615949352929544	0.521515597012403	0.66077387000697	0.775704176425722	0.771807198530155	0.705662548261506	0.615615751057681	0.75391903033378	0.715827987147928	0.538749981751711	0.730156810687203	0.605332543730891	0.536765403930289	0.739871485122022	0.750643394792973	0.550201226299245
ZB_21	0.820425961616523	0.676408167972747	0.769300610843458	0.744318669613189	0.62906187364613	0.843415705503671	0.672381618173835	0.633306680568373	0.84549934071016	0.742473837758888	0.742033836576295	0.799815689837294	0.780211211138936	0.830290885436721	0.827554731613433	0.839391333287202	0.769538261919936	0.775394513692952	0.763603737631594	0.70288107334822	0	0.596303809136351	0.782789224383944	0.606624563972704	0.808859443925164	0.870779633409486	0.803336621024864	0.616577546016725	0.691208274565115	0.771900401439346	0.798136468275871	0.773060022763017	0.730122848207606	0.722327639706145	0.72602283049012	0.591032956262067	0.731757947176261	0.839600521293809	0.717917316365085	0.764177106697457	0.821241884768474	0.789814903135716	0.81344488927333	0.80271977259539	0.791684037437175	0.761348706890673	0.958880021642094	0.833203752096696	0.748258876981145	0.737769158968747	0.657319575366499	0.759594644383793	0.686983649186719	0.788427288028154	0.794463479711309	0.752956652293352	0.82240656211702	0.637814566944542	0.825680166129228	0.779026608176036	0.71298139061124	0.730316300714293	0.745093543496785	0.666229688119265
ZB_22	0.650833213626609	0.643779470760095	0.646517789957767	0.642965739136584	0.586284811134192	0.728480444943365	0.566300277556868	0.467747449397042	0.609576344447861	0.622916325036247	0.674281609293329	0.581558155175017	0.569831182144054	0.63306245136578	0.694810610811489	0.586572369601808	0.675123308110815	0.647530532767837	0.689313777852919	0.572579810992524	0.596303809136351	0	0.611188564957342	0.539666974137518	0.651869669249847	0.70057190033926	0.611744018360721	0.479454982090524	0.568210399089886	0.593571027280378	0.579216729487973	0.522960544841048	0.622416416699074	0.69936910330271	0.648954195837673	0.392337179944746	0.536653184074749	0.651567841266059	0.528059969587907	0.443074901574321	0.614393385570577	0.536182378609977	0.650869358734758	0.790450242589365	0.633612165768089	0.590886899918633	0.972295837619354	0.654851815939316	0.510697908397524	0.674646601958032	0.522364494667841	0.584496464692841	0.673370970963169	0.665808897638133	0.590426189633298	0.609947782131248	0.693560072195936	0.48156060577298	0.729883803508051	0.445946475679144	0.696981862922176	0.497370545534176	0.625319268764175	0.740085970885701
ZB_23	0.712139358682044	0.803144530750407	0.343568194742137	0.608585382255974	0.807900731327179	0.815470311292849	0.586968117199154	0.478641925304519	0.461623148007327	0.577332721422642	0.797363214207772	0.771400833761635	0.771226845796584	0.438810346524652	0.454664134155839	0.350473214186416	0.818246031571328	0.496194735906871	0.757437555928851	0.778216826347128	0.782789224383944	0.611188564957342	0	0.735672769240404	0.787016971237505	0.762134510676659	0.797053388836842	0.640810141513624	0.438602131243957	0.8237233411818	0.369531302807857	0.744914128066165	0.790752962358418	0.826158740967851	0.829088389487601	0.648531611001539	0.618310055027197	0.740608406689718	0.660947384959711	0.495477074062212	0.722215222303421	0.379559063358053	0.302683410883741	0.576246543850384	0.498928908249876	0.654886066691553	0.967495563421792	0.779127368449239	0.676741338250528	0.811774623268797	0.557799166732762	0.25863342373672	0.704950700721253	0.759015732621383	0.787100558203718	0.564242086809659	0.748791280788861	0.545453500093908	0.78611650648748	0.559244862951203	0.766292617956436	0.376964308860644	0.406460799328003	0.730096892184077
ZB_24	0.777500614976143	0.649905967556362	0.77936602437406	0.786921462642421	0.639388691392819	0.811385270722555	0.815628578507858	0.79641893034653	0.703391494867977	0.680033656112397	0.686294003065372	0.735358418473295	0.705629780890368	0.587618318393642	0.643964872315044	0.691690392064125	0.740324738016263	0.651194816291655	0.724479610524179	0.596793389425793	0.606624563972704	0.539666974137518	0.735672769240404	0	0.74680427839275	0.803913776222202	0.705576671586659	0.556795843366578	0.5626088604658	0.716374338272283	0.695366044681739	0.670295767487888	0.670263926956922	0.706083316545682	0.717841682883626	0.636495360555081	0.619770638944861	0.79780158900039	0.745738726394601	0.549098039215686	0.79400943374646	0.703610655041612	0.731231706220634	0.780498758161084	0.664630038264659	0.57404016503573	0.981922250953236	0.764319568201222	0.59846491567302	0.718257800821948	0.673110447962504	0.731067831411666	0.789030953520625	0.804628082101745	0.700695048129404	0.688912274385727	0.843058733790999	0.434652561901669	0.862984104545839	0.610625636269635	0.814924516930739	0.705938519404233	0.784378037603799	0.718724410402509
ZB_25	0.700249031672554	0.741506698397731	0.779633311849485	0.856560319982324	0.69784924165598	0.352915313273807	0.698818099392753	0.778275053861837	0.78059491251414	0.737017222682849	0.716498284356052	0.23973084200401	0.235403671975288	0.855025986475856	0.848364536617959	0.85378484156326	0.537363481184697	0.799864043000196	0.295129515959729	0.744371562155337	0.808859443925164	0.651869669249847	0.787016971237505	0.74680427839275	0	0.286625738277701	0.224864413509122	0.747910412989882	0.839595983115457	0.306917402072306	0.804239596256286	0.279347932930836	0.277630896901017	0.278193408642031	0.754434742486043	0.754846055897787	0.760261230094969	0.323523287107939	0.689500180544583	0.789968746814646	0.322453884459823	0.803396125837209	0.85537925231398	0.870204463035934	0.800316253851232	0.6982776759963	0.990143922435958	0.300143040684464	0.713663091630362	0.757620508181613	0.739911402160095	0.79815181917412	0.895252814998188	0.336691143202261	0.241889481730788	0.792191959684663	0.399151075551245	0.788690808116907	0.401842964759448	0.753919148684755	0.794985371998983	0.793441954762245	0.736351436653964	0.887882822902796
ZB_26	0.639308315481957	0.73286435310325	0.752603948388024	0.806617545051961	0.712199460896081	0.271999784011447	0.688071212772412	0.759802763694854	0.741207487260059	0.765271648150966	0.663673951377093	0.305198746958851	0.359515304570711	0.811412399846452	0.841315487634812	0.810661654320886	0.414615706591786	0.759749914590508	0.266612571494686	0.729101755764514	0.870779633409486	0.70057190033926	0.762134510676659	0.803913776222202	0.286625738277701	0	0.205316816487612	0.813809903017131	0.822827263466191	0.25070764398791	0.761450224167169	0.369238891035103	0.328568316154997	0.258265361568646	0.695231418278804	0.77155599773809	0.724472204207594	0.287158171631881	0.716523409487901	0.825026014969206	0.360065891996654	0.757916997958966	0.838003927891357	0.860058699480401	0.751444090290837	0.77292578825478	0.991184848060017	0.257814984390547	0.783949163971336	0.68870980193591	0.727188475441664	0.774508087444668	0.876609803134829	0.375355828872186	0.300547149978681	0.786063089798546	0.372616632045034	0.82206540958287	0.409182333063269	0.791109605983862	0.714819783697364	0.751904802957624	0.738612162649912	0.860927718339607
ZB_27	0.693910012586619	0.708647718820627	0.776750069572697	0.811049815175583	0.670506033057042	0.221874651499944	0.686113089824396	0.758242562793525	0.739431045104365	0.763648733963849	0.687767859851437	0.220002963876076	0.258678785703488	0.810188298311349	0.840274789987159	0.809343969634541	0.459939007965188	0.713464600112381	0.26172008450441	0.652544852235848	0.803336621024864	0.611744018360721	0.797053388836842	0.705576671586659	0.224864413509122	0.205316816487612	0	0.692796668664299	0.794119768528385	0.122742821882412	0.758024776088672	0.198411228750462	0.187781707063622	0.144032233015021	0.716046985164473	0.692870597133846	0.719265606641191	0.292225782523095	0.716269419757143	0.743160843565719	0.362719055303372	0.756256843067575	0.8369047670197	0.883072206996877	0.751703764079101	0.685267633859316	0.991124942766553	0.262925472747497	0.696695198312721	0.71910574352971	0.733059593766288	0.771177741993817	0.877299166925495	0.374291647520277	0.125603068192238	0.774686770691454	0.348637882565977	0.71990507177889	0.422179821153817	0.710754338144509	0.760321930256623	0.746853313462192	0.736834899120805	0.845238956235268
ZB_28	0.774905371403566	0.690693051188634	0.678957256928135	0.562525185142544	0.730074925377304	0.800673592480398	0.713275649144404	0.68639068144893	0.65606518721357	0.693232829633829	0.711280091600694	0.735863900779278	0.686958827066103	0.677192664255184	0.733958065551291	0.623309218152548	0.795960600286943	0.618912255303782	0.761718292079842	0.667377095900372	0.616577546016725	0.479454982090524	0.640810141513624	0.556795843366578	0.747910412989882	0.813809903017131	0.692796668664299	0	0.608899207485249	0.712381887689389	0.647464752770986	0.637029518895128	0.736011961988397	0.769767622412991	0.716208562336651	0.432670036543221	0.640048322825636	0.783662314108885	0.609262867898747	0.466749324535914	0.785674259479547	0.572343652269281	0.688249437529572	0.744188973232121	0.674421360858758	0.53077358844746	0.967342139155213	0.763468603051959	0.369286719975445	0.771188954772087	0.56805071811529	0.611919325660776	0.738537351806885	0.782739714948602	0.673968328742059	0.383595983178437	0.708455833912777	0.467761002577009	0.829103687091659	0.395082948492013	0.769515835330471	0.525274677196187	0.68765305159422	0.814724396766426
ZB_29	0.782351189368276	0.769688108242921	0.532049732621552	0.587031449818119	0.795156015638447	0.855381957884958	0.688731184810443	0.599125250108087	0.472567027043318	0.718191699224183	0.817618582186633	0.789347091827715	0.796502385991873	0.418681792467172	0.499270752680981	0.355400559354453	0.834383714602591	0.509892248813259	0.764597758477807	0.724867804622165	0.691208274565115	0.568210399089886	0.438602131243957	0.5626088604658	0.839595983115457	0.822827263466191	0.794119768528385	0.608899207485249	0	0.814820474537706	0.366397245574623	0.737313125104549	0.75992206850458	0.79783690763272	0.836658048459033	0.635889204521412	0.551358627878571	0.794976164648043	0.729302845016092	0.34980309928065	0.784181292060712	0.437033336483804	0.369552237005585	0.646277124674062	0.567980859678541	0.571773858017823	0.947892329943026	0.801357122529987	0.595293704101656	0.828281628263218	0.506355173369628	0.444028669076869	0.70429102987911	0.844906343064506	0.781403238374871	0.560918810624244	0.767989377666708	0.437413424126436	0.833839850416857	0.490494184764229	0.82380131368485	0.43673457014672	0.549032527142927	0.760800485222471
ZB_30	0.72399963241086	0.641325335061709	0.783721810454377	0.802759492239688	0.615432424598006	0.29657302515041	0.683244388435337	0.743718223908114	0.756065372789904	0.791049305303966	0.620100005916896	0.279484638255699	0.268595242601706	0.830994420424627	0.85794466117026	0.818876843156932	0.385851878354204	0.727642196773989	0.29218559054779	0.593489473196564	0.771900401439346	0.593571027280378	0.8237233411818	0.716374338272283	0.306917402072306	0.25070764398791	0.122742821882412	0.712381887689389	0.814820474537706	0	0.785884858360644	0.275465676721465	0.25784425225357	0.210863001475061	0.664579682017356	0.682255179991164	0.706969705776121	0.369066548604832	0.704867693257318	0.759430148181129	0.429310422417469	0.770039032666757	0.859569813021224	0.875426927638281	0.774239273612353	0.720722916398687	0.992138248503622	0.338085809889248	0.720177361711404	0.649113237797722	0.706622391313273	0.801600017024692	0.853517750736883	0.393271579191862	0.217040947160842	0.777759918329224	0.417667465748173	0.731432317083317	0.437376623851714	0.728380646885859	0.727011025794095	0.76791355410074	0.771288465163224	0.819948020698114
ZB_31	0.754153951814939	0.825334907312431	0.475942331075213	0.609292438505922	0.779884375218967	0.795416084522576	0.58642055480803	0.508493053555206	0.439789670951484	0.679740346128703	0.794756348107692	0.748085073025423	0.764401712987413	0.382515122235311	0.467051785738731	0.323456542398578	0.814930528177161	0.472697852757401	0.774419839839617	0.689945100778309	0.798136468275871	0.579216729487973	0.369531302807857	0.695366044681739	0.804239596256286	0.761450224167169	0.758024776088672	0.647464752770986	0.366397245574623	0.785884858360644	0	0.690937394747435	0.770001242436338	0.807415670176691	0.845946936568478	0.633961466580387	0.52123153633756	0.714424152391429	0.74525107919876	0.426282503708263	0.692467306504339	0.383827825638778	0.321461723714874	0.621720379286917	0.521036610016892	0.617205657810453	0.968323984936077	0.732440622823262	0.496329603597189	0.81875179812922	0.603372869566256	0.366523320289274	0.626177445035743	0.798795269847007	0.742771712864892	0.589564923870719	0.70675204604967	0.512397992124381	0.762460860198893	0.51231837574962	0.760618459417132	0.381439326649536	0.293631485084745	0.701112959802553
ZB_32	0.700845064553765	0.703586111780851	0.72023742748165	0.755058599457749	0.640815749447759	0.342991515229539	0.637096179988874	0.72142758069839	0.667491478697732	0.721491062888416	0.685708643408955	0.301231073783038	0.306719002900908	0.775982497942375	0.81077794486313	0.750861016868821	0.532166004587334	0.639433675995485	0.296774308861714	0.631069973308396	0.773060022763017	0.522960544841048	0.744914128066165	0.670295767487888	0.279347932930836	0.369238891035103	0.198411228750462	0.637029518895128	0.737313125104549	0.275465676721465	0.690937394747435	0	0.314788507647112	0.31931809946339	0.715359945092155	0.661594937931701	0.654271514244184	0.251146177832373	0.65019109489718	0.671858704860456	0.320935993216544	0.694679597216313	0.79066315812116	0.862730594627451	0.741550182484322	0.631226124044713	0.989573728059532	0.368400800842659	0.643889276433297	0.7243797350357	0.666308044642604	0.712169660973787	0.853827804314286	0.413670932295738	0.150737364921405	0.729922091837874	0.292360452713913	0.647430904023808	0.472189273879323	0.637617086657412	0.753971523286411	0.672549275842402	0.671216658041091	0.835423571257046
ZB_33	0.708317641442013	0.701525852957241	0.745237894464888	0.829218400041373	0.702917130911034	0.316639040572914	0.662117461426473	0.745296636612081	0.747932751415912	0.752416489179228	0.70292607399094	0.166769047502634	0.308190358373959	0.821312198162497	0.81325304395261	0.819820724933334	0.502634542388023	0.729055487027724	0.276260465824918	0.666980994545667	0.730122848207606	0.622416416699074	0.790752962358418	0.670263926956922	0.277630896901017	0.328568316154997	0.187781707063622	0.736011961988397	0.75992206850458	0.25784425225357	0.770001242436338	0.314788507647112	0	0.16096778719253	0.740196765006727	0.69831144493554	0.7313932332389	0.376147045865364	0.697312716288932	0.757252012031887	0.311759279875314	0.770592989933133	0.81916210903305	0.87763761529615	0.735734857601631	0.725484078030615	0.990710721675673	0.292854923889407	0.728788385285999	0.742571784431298	0.702887851989479	0.768732138124673	0.900783594310877	0.387858560416724	0.26338048511515	0.802875451076019	0.421086752715918	0.712723942533341	0.424170593926532	0.723419858413505	0.777578168016929	0.759977511562574	0.702011891199742	0.803757198239293
ZB_34	0.702868176423627	0.689474109472032	0.785270644626818	0.85114405658442	0.660988362835166	0.232131977426647	0.696041346678572	0.766956819916093	0.785877712899699	0.768186440212164	0.681364650551708	0.281883836515417	0.355473495614182	0.853377812763547	0.847290352199367	0.852240153862962	0.446843712953108	0.748164312110247	0.224603790073234	0.681810350822349	0.722327639706145	0.69936910330271	0.826158740967851	0.706083316545682	0.278193408642031	0.258265361568646	0.144032233015021	0.769767622412991	0.79783690763272	0.210863001475061	0.807415670176691	0.31931809946339	0.16096778719253	0	0.715099024447579	0.740772439233989	0.744486407447784	0.33235661854003	0.732705877448068	0.822851905995715	0.373881218271548	0.806528597820524	0.85358403407557	0.88527080403464	0.775195226814074	0.766884562327565	0.991292474729009	0.327548738006478	0.77805497447944	0.733623564394086	0.739884786817691	0.801985100176639	0.906518029005385	0.381880524253447	0.24366604544589	0.817907497244913	0.380516006393505	0.764678397583414	0.420863369036791	0.789277499676584	0.766694571174904	0.797592008714513	0.746429115555327	0.826973279644281
