ZB_1	ZB_2	ZB_3	ZB_4	ZB_5	ZB_6	ZB_7	ZB_8	ZB_9	ZB_10	ZB_11	ZB_12	ZB_13	ZB_14	ZB_15	ZB_16	ZB_17	ZB_18	ZB_19	ZB_20	ZB_21	ZB_22	ZB_23	ZB_24	ZB_25	ZB_26	ZB_27	ZB_28	ZB_29	ZB_30	ZB_31	ZB_32	ZB_33	ZB_34	ZB_35	ZB_36	ZB_37	ZB_38	ZB_39	ZB_40	ZB_41	ZB_42	ZB_43	ZB_44	ZB_45	ZB_46	ZB_47	ZB_48	ZB_49	ZB_50	ZB_51	ZB_52	ZB_53	ZB_54	ZB_55	ZB_56	ZB_57	ZB_58	ZB_59	ZB_60	ZB_61	ZB_62	ZB_63	ZB_64
ZB_1	0	0.534419792752835	0.485455128695773	0.494501441565274	0.583359469955513	0.561366171735832	0.535567590127805	0.706437681493823	0.410719786168573	0.275529127702625	0.446723515507	0.380701481989898	0.490014047406834	0.519427702707917	0.484764986276084	0.469513007763162	0.501349488025857	0.487326119007854	0.48982875495275	0.580166985326709	0.402893310516518	0.549332827504289	0.526335820229958	0.533396246750277	0.494718009826807	0.511283124076855	0.451550124844229	0.327690611013253	0.564901461035054	0.525756069695736	0.450545101711361	0.501507900018836	0.417210761951994	0.565862298648432	0.503624674781484	0.378897600615231	0.535700875735997	0.460318308654755	0.338590134372245	0.451507180488505	0.477217551660138	0.398841826210339	0.583610194502603	0.348114675752353	0.563277214091814	0.500028391248613	0.379768356876469	0.429911968010518	0.456055985612636	0.559744074941701	0.45020964981625	0.483103870645636	0.26811323732858	0.389340035736345	0.473296999014691	0.326685405609632	0.564807232802171	0.428069850867862	0.520544138119225	0.489930938983013	0.567180292406585	0.52303760366028	0.578781072642905	0.625902950904416
ZB_2	0.534419792752835	0	0.601406346265184	0.408502984527144	0.320565723007061	0.613879836278335	0.620459089403511	0.727969826730567	0.52812738180682	0.61323350680128	0.356861430076106	0.587024738388732	0.550144428269833	0.49033856677643	0.565059684897308	0.453659679685011	0.366255818123908	0.43925977313057	0.539179697245613	0.206967700350927	0.610593600644026	0.540796933608793	0.60576800097894	0.643501979467221	0.645609107671198	0.534302056286509	0.587987645639264	0.492424004433258	0.587926740159252	0.516234374342354	0.516218678070013	0.548146468410737	0.589922179956008	0.552598602254972	0.228866121929866	0.588008366878175	0.529882662874842	0.529063039873851	0.539044164442555	0.503890437456871	0.592451865316677	0.49925474409704	0.733885245935194	0.645254079142077	0.605931290470295	0.572079567435881	0.549306191492897	0.504223694984511	0.55982667030445	0.180342877308586	0.553039429103452	0.529556566446988	0.572184329846891	0.547549658840653	0.528497607075152	0.47855802759308	0.628771082452787	0.475656932285826	0.52824498755078	0.496360828026979	0.249376907703552	0.532566431773421	0.713336278414338	0.463492043323175
ZB_3	0.485455128695773	0.601406346265184	0	0.618158064819957	0.632651747936743	0.688387294586502	0.488643729908118	0.704822410302481	0.560337572470544	0.444511857830687	0.567830084918459	0.537735412487412	0.649646266356901	0.566170182784055	0.589557598737456	0.610442836143523	0.668494802112672	0.531851115287921	0.661023341966058	0.656914916004703	0.534772266442996	0.639253611383427	0.49042118451868	0.405960148475192	0.597371049609632	0.657972065556734	0.586340677359787	0.532756700860491	0.629819209865321	0.653705055722156	0.524882672738256	0.637898129954464	0.549103944656413	0.674825560032768	0.571063503617277	0.496951411092835	0.649322900729991	0.615911080042738	0.498720919864223	0.536300526236547	0.646180470408542	0.548458687117087	0.535941389807707	0.430933205918903	0.641898906165319	0.531727764860646	0.516412741967372	0.612103348459256	0.487708252207981	0.591927835044014	0.524114218454258	0.463763939415555	0.483083386180726	0.545366188920785	0.672217174377738	0.520939626977092	0.6538141342486	0.557163905363699	0.599750190780325	0.554783364291343	0.578381282876988	0.603651699042735	0.581277642286526	0.536915701821318
ZB_4	0.494501441565274	0.408502984527144	0.618158064819957	0	0.463832217498294	0.626546850497172	0.691244492873315	0.62097057998994	0.415683842752754	0.479115073750978	0.448356116242147	0.571216345964146	0.57984228912963	0.393300714366927	0.382025168541094	0.451911574867517	0.497645590011167	0.427440794550108	0.574184240099877	0.424417866254843	0.471330613416035	0.412724707612762	0.55461501231526	0.59191963943096	0.662390121227677	0.591996675813743	0.574187130684481	0.449697981694493	0.427513267219497	0.580621102960941	0.441636307904787	0.539289087765632	0.628073396948235	0.648608636972372	0.391935305440627	0.501942943482752	0.325822207055411	0.534402251125735	0.507424331179231	0.404350321844555	0.641381601608086	0.373392793257511	0.66243615453649	0.538879420073483	0.529634555390074	0.541571198730904	0.494905981670178	0.519742495057175	0.516852199294591	0.382723963109613	0.562649516558059	0.564243948931112	0.417144379580851	0.569627408896736	0.535981479758536	0.368259771859139	0.648013230011087	0.381868766241375	0.558153542944921	0.382038896487898	0.419309643051057	0.445285601923305	0.671148707390834	0.528200197615966
ZB_5	0.583359469955513	0.320565723007061	0.632651747936743	0.463832217498294	0	0.569893476803764	0.628472751873054	0.714241421921186	0.470162780330663	0.569470496340422	0.422169179059934	0.506364583928265	0.480065112226884	0.524520800210125	0.494726725741914	0.415643220871405	0.396561112631168	0.45435914551356	0.501669863920394	0.260975811855063	0.61031918138112	0.471574653520211	0.560600495313296	0.649015984074739	0.558109183351207	0.527880169254929	0.499783891837865	0.454013586487813	0.55887497023973	0.506827471406792	0.453385180993399	0.491580050052981	0.530183504108571	0.545474283469254	0.334739371561086	0.545249183125587	0.470430671062837	0.533892959098453	0.505381548899422	0.457591623793596	0.447126829116926	0.459272702595014	0.706685130304737	0.58339939933192	0.540046880634692	0.509599262394579	0.519705399498225	0.44550208029739	0.525790509613175	0.31280197566545	0.527574787927852	0.509998813652763	0.535039141156189	0.464487294432496	0.503790256832817	0.479313441083023	0.569208749724389	0.440156576325327	0.507038034148194	0.497330724146579	0.32636811308891	0.521927088760679	0.665575293465812	0.38475074437551
ZB_6	0.561366171735832	0.613879836278335	0.688387294586502	0.626546850497172	0.569893476803764	0	0.681411240806605	0.659580893987187	0.628620826968233	0.619039229542952	0.545973637017415	0.354231139252868	0.269781856687257	0.718938247798429	0.642361341242489	0.624038743126132	0.381588229228668	0.645705691375593	0.15231128040696	0.676588916320458	0.647149684663674	0.707625767040477	0.651516907753798	0.797176586655666	0.141074425278619	0.184330525006648	0.297751653876007	0.652553150603567	0.703015431170771	0.252947940689823	0.637525496406066	0.288971541240383	0.276268060252075	0.135415526114092	0.653967721092333	0.686399958556202	0.68160745765199	0.300608636525261	0.602347673844105	0.699983298907798	0.450509939234786	0.613317553500577	0.816907799939583	0.654035226502212	0.628467138217158	0.737378366366986	0.653682188855538	0.375608152101979	0.766424359112144	0.66211763954753	0.756859475470739	0.71760642705435	0.670695713457425	0.375454070932271	0.198999541346462	0.652671757944341	0.336225951148724	0.676691738370295	0.326767781675693	0.711144225856439	0.638017876989851	0.649347672790481	0.684986657284051	0.616293442629459
ZB_7	0.535567590127805	0.620459089403511	0.488643729908118	0.691244492873315	0.628472751873054	0.681411240806605	0	0.663746769199858	0.543469955793265	0.500055199664386	0.568404238182387	0.547979872966288	0.646000567170542	0.601947716550001	0.601487385618675	0.572232639263848	0.672892037402505	0.606053944881649	0.684538622368182	0.631226076655184	0.536305508903533	0.685653251044277	0.471101647477198	0.576288863494236	0.59946406673011	0.705875148863569	0.655519840933712	0.505157832885204	0.681425560687059	0.695609158187413	0.503843681608053	0.665199311876989	0.60509201992797	0.640699846444973	0.626971419142099	0.587885024840312	0.673991532224784	0.651070804195804	0.449673540098873	0.556551460613352	0.428186713055003	0.595639968170233	0.510201317609728	0.520468977906532	0.591784931231784	0.491548315676191	0.54401461267998	0.552681713631929	0.642457276437313	0.6230607655297	0.556071377836623	0.383223192912822	0.543512386356451	0.603442211072306	0.690042793583294	0.560934869879695	0.646287716578559	0.560637145753372	0.659681562041057	0.655314043990403	0.654897500055901	0.643925182412236	0.446666788194761	0.646779097399593
ZB_8	0.706437681493823	0.727969826730567	0.704822410302481	0.62097057998994	0.714241421921186	0.659580893987187	0.663746769199858	0	0.627474238192738	0.680980888431346	0.716843516997719	0.697286255928591	0.72288893051722	0.602175376769239	0.557545556977783	0.680656985240161	0.73853428645582	0.683145101959441	0.69945382664785	0.766322949862788	0.632243223009675	0.65165083539918	0.556554408143098	0.79546884629806	0.680855026295452	0.714897938654331	0.700080076328074	0.745864019907706	0.560135410206039	0.724852080848054	0.60124640038689	0.688370057944736	0.675318794949825	0.699616127592483	0.739799927850684	0.737134506583286	0.579413676719693	0.681407521904247	0.727485759672396	0.637518248787609	0.701318929056582	0.633711366089094	0.707117055947854	0.657148760893555	0.528700609657376	0.674805511294404	0.721142127770046	0.748706092582206	0.803097185035097	0.71363890535223	0.774794924858624	0.762942227244451	0.713701521889253	0.718559021730682	0.723814236838081	0.722224589778295	0.69676648100639	0.656847054797051	0.728544534509198	0.596491228070175	0.719011337084073	0.624303457927576	0.500456658044242	0.64264723758261
ZB_9	0.410719786168573	0.52812738180682	0.560337572470544	0.415683842752754	0.470162780330663	0.628620826968233	0.543469955793265	0.627474238192738	0	0.38630118438295	0.42710937695943	0.463565337686851	0.563956259496129	0.345663534842894	0.336885734881062	0.35271460281805	0.546479885137615	0.408388119562461	0.570555881988247	0.48668317203091	0.425098977135138	0.415289262140669	0.397977856797498	0.537575677687776	0.555715665564656	0.614940445025397	0.522502125582719	0.38252666602077	0.463534090250649	0.594824407356702	0.298394386006324	0.57778519764102	0.53148275499175	0.641648927295597	0.414986727779579	0.40221140960204	0.386626492549084	0.547196290576165	0.375228419892678	0.23440931546228	0.490507224606217	0.270337954039695	0.546435138064346	0.419377064598567	0.459366380344924	0.447239211688753	0.409404661383359	0.46197004777572	0.463981149587968	0.446459528137209	0.478274424805341	0.475758290387243	0.333033642144191	0.478123336173384	0.557708269771934	0.294454570257306	0.590194850277711	0.222978660077443	0.568313836917542	0.396339328203425	0.465736527746791	0.465248923755381	0.442249126283822	0.494767451469211
ZB_10	0.275529127702625	0.61323350680128	0.444511857830687	0.479115073750978	0.569470496340422	0.619039229542952	0.500055199664386	0.680980888431346	0.38630118438295	0	0.47312100120533	0.398046196582587	0.555745851855872	0.458226666785048	0.419689374336961	0.448396305148548	0.609016384914905	0.461425560740629	0.561304091845746	0.58863082893386	0.275451655547437	0.505620378520091	0.42292997902158	0.474121578808547	0.525696992144231	0.599274548376887	0.514449163641807	0.286512259478143	0.494655100974242	0.594588111817441	0.372178101924245	0.529973241114577	0.476663376878805	0.643731267136637	0.516495297012543	0.307681916605415	0.465436118447439	0.533868224292301	0.299506219197372	0.405717841267447	0.494600320325059	0.392272504137868	0.508378418871003	0.154700761557237	0.553185519986811	0.371353570055068	0.339194680119239	0.466140118187962	0.414627246627313	0.578559829817408	0.464072838225513	0.436322347530527	0.17338722664176	0.440585350307956	0.55560405980574	0.271736468283125	0.558293444661716	0.380958597827685	0.549494622077479	0.482572589222875	0.597107772311937	0.475325272543999	0.510580672809085	0.599867971256417
ZB_11	0.446723515507	0.356861430076106	0.567830084918459	0.448356116242147	0.422169179059934	0.545973637017415	0.568404238182387	0.716843516997719	0.42710937695943	0.47312100120533	0	0.495659469118996	0.547510057305608	0.516440323181881	0.534344163728961	0.451325483577131	0.423157470250191	0.530393192488263	0.49589520512204	0.402743361907572	0.465414540703209	0.602847649908984	0.525982386607203	0.639349189256567	0.542292769276288	0.517703951798379	0.502053907234094	0.473030735979268	0.632952248215214	0.529982823490486	0.486710019391634	0.5710479674806	0.459505706004757	0.508841196092249	0.254789931265529	0.520231637841036	0.529771325192733	0.499569323232592	0.50197565234864	0.505559888579387	0.510357141561906	0.481686257876878	0.674590456824369	0.537102478591883	0.572035470086718	0.601896353388574	0.441993281460062	0.472999983435573	0.535286422311728	0.317600761741115	0.507512210903132	0.552834883072108	0.475230302327489	0.501565134874193	0.490073995395477	0.408638509244305	0.552981391023106	0.456066931111535	0.526627744269127	0.600975698847837	0.358082414866869	0.573987064885972	0.612316589830559	0.428643117744119
ZB_12	0.380701481989898	0.587024738388732	0.537735412487412	0.571216345964146	0.506364583928265	0.354231139252868	0.547979872966288	0.697286255928591	0.463565337686851	0.398046196582587	0.495659469118996	0	0.345295652089746	0.613309791068305	0.532100530068462	0.456963848549602	0.442806627558636	0.565634129027404	0.330045524486926	0.593088264003449	0.502856072944281	0.598835613725357	0.523236910229125	0.656583800692534	0.257151519818276	0.375100152949723	0.278816072325993	0.474063089258612	0.624993552660004	0.370398537591815	0.460492477001632	0.303103093254922	0.239550670537813	0.390313554606574	0.557869979657857	0.502339029697215	0.604214214491469	0.356540105887396	0.46379463141115	0.531432882948572	0.347746866914604	0.395561580796261	0.659116954555873	0.441312122450402	0.546630051048556	0.550282363002879	0.46050755890498	0.293284818495388	0.59932707865798	0.605931885629245	0.587976200999185	0.534345518764355	0.462376664202948	0.16289676985648	0.327333825055629	0.468622727358038	0.388749490093881	0.47501423384608	0.334554250128112	0.591033451768496	0.586640932120065	0.572499458796625	0.574332327848726	0.582345268168783
ZB_13	0.490014047406834	0.550144428269833	0.649646266356901	0.57984228912963	0.480065112226884	0.269781856687257	0.646000567170542	0.72288893051722	0.563956259496129	0.555745851855872	0.547510057305608	0.345295652089746	0	0.666763315753163	0.568693126375746	0.55076957166672	0.254057773086945	0.547338367318328	0.208951097564898	0.570813806002236	0.605961198671499	0.60665162134738	0.642656657514799	0.665521491796114	0.234092140785104	0.191876105570934	0.218188094885831	0.507309056663738	0.62012499191947	0.211147726644273	0.528961416320438	0.263729417908516	0.303975629321304	0.246157803629145	0.582631026874525	0.578731324272078	0.597652515157956	0.295682288973543	0.51095103617185	0.581557238024438	0.378756375322287	0.52732153176993	0.784705702506754	0.606904145134061	0.624945928289177	0.59827604169591	0.56977405254965	0.242737335553686	0.632279780752816	0.599877378092077	0.609562960814363	0.572937397912316	0.568134956352692	0.315840849611767	0.177763694234691	0.52668352815027	0.389151792469073	0.580139411335577	0.264871421285629	0.576026621184834	0.595206901534761	0.568173765782267	0.699974915664188	0.648784455773031
ZB_14	0.519427702707917	0.49033856677643	0.566170182784055	0.393300714366927	0.524520800210125	0.718938247798429	0.601947716550001	0.602175376769239	0.345663534842894	0.458226666785048	0.516440323181881	0.613309791068305	0.666763315753163	0	0.372113162656506	0.420169147159839	0.652124735823255	0.405374778012066	0.659595282282345	0.500106891809535	0.457493270129592	0.352532345028522	0.399517109641611	0.498736286507577	0.694993001993644	0.67584068038253	0.649632422303444	0.455552956542079	0.317602037599768	0.657998069663168	0.342932599196504	0.648631289187949	0.66206802089805	0.70899351612803	0.445794859174489	0.445355364670248	0.280512180740747	0.641676454619973	0.512678740490945	0.285097719869707	0.621670456435332	0.395425753392296	0.600900495885783	0.484502615957183	0.433931162627081	0.456868069199467	0.407430632495168	0.568715486694559	0.521405128542118	0.399862719688651	0.458356788342002	0.475619904440941	0.406940483515074	0.607067835650213	0.634893619142075	0.406576107882554	0.672859238353709	0.341145794338412	0.629203418636052	0.426118677328283	0.411729042630009	0.394204243973478	0.555704288594812	0.513525049045409
ZB_15	0.484764986276084	0.565059684897308	0.589557598737456	0.382025168541094	0.494726725741914	0.642361341242489	0.601487385618675	0.557545556977783	0.336885734881062	0.419689374336961	0.534344163728961	0.532100530068462	0.568693126375746	0.372113162656506	0	0.483649627970625	0.593060128749166	0.412338194955765	0.583291901643536	0.531676985250472	0.464936861063376	0.363962223580654	0.402113565073256	0.538567771132334	0.638559356808241	0.59613491045845	0.553724329739733	0.463829336173993	0.257842632043095	0.602112848101754	0.260179192440312	0.54330565994252	0.598449176515507	0.6590545327999	0.48305565452193	0.487051656497306	0.290845709428804	0.543818357916391	0.476338897196024	0.334237438290824	0.595777452139541	0.390080495599993	0.646491021983554	0.472743252871028	0.438959439575203	0.440672498815985	0.512852697389897	0.570348654274771	0.573153042431301	0.4901938625268	0.513309463451344	0.473755811664367	0.405500299117299	0.547195724809561	0.582651784792307	0.410273114870392	0.584315415860226	0.35710820719751	0.580863876538816	0.409214893851723	0.505845082014402	0.319726825527458	0.526719419700983	0.527580239764603
ZB_16	0.469513007763162	0.453659679685011	0.610442836143523	0.451911574867517	0.415643220871405	0.624038743126132	0.572232639263848	0.680656985240161	0.35271460281805	0.448396305148548	0.451325483577131	0.456963848549602	0.55076957166672	0.420169147159839	0.483649627970625	0	0.501443757831705	0.437911876548971	0.56803963498097	0.417228351568533	0.474177625598192	0.458231616241407	0.392583710868342	0.602435820481467	0.554612473843112	0.600428143432639	0.548251581996825	0.445640546353328	0.484700333066632	0.590745048171998	0.344397444055098	0.567443604740088	0.542813191447155	0.636764673482911	0.398779304179277	0.460310503803561	0.425789746335797	0.556054078476168	0.472382468361654	0.333224816254791	0.507594983240254	0.314206710140662	0.601257995305878	0.463713325437166	0.475234655993363	0.463989325263949	0.451382582451943	0.4467378527195	0.485199717373983	0.392082488898298	0.496614532966452	0.506537504041641	0.423745587177299	0.499622897750509	0.556604852781915	0.423932413752224	0.571793278174136	0.298703614156053	0.534574927565757	0.455391959150583	0.447196921546014	0.45485667983389	0.506944128054429	0.508402744029927
ZB_17	0.501349488025857	0.366255818123908	0.668494802112672	0.497645590011167	0.396561112631168	0.381588229228668	0.672892037402505	0.73853428645582	0.546479885137615	0.609016384914905	0.423157470250191	0.442806627558636	0.254057773086945	0.652124735823255	0.593060128749166	0.501443757831705	0	0.524125707575909	0.315100014810556	0.427743877446037	0.61261134126023	0.590203350753328	0.663013092974954	0.704116287213883	0.406311588999499	0.290376547964523	0.305180988374517	0.522327988039364	0.648366593171691	0.311353335461219	0.570409115074596	0.404879241982316	0.410809470617776	0.341856741196947	0.427191313186511	0.586690456756525	0.570349535427596	0.37667462785112	0.537152145998962	0.589298157820834	0.479007950572092	0.504978996406933	0.754057802686032	0.651958325784457	0.644063610881279	0.639363043432297	0.588473516141877	0.304142997480032	0.587469071015667	0.434604250789142	0.6152097969002	0.597860645445582	0.585515948666298	0.37454172723027	0.300811769967407	0.526146799290478	0.533286832519569	0.542215419524932	0.38426378000107	0.545009856296103	0.486344387357103	0.58799306898056	0.721030339759729	0.553598107071619
ZB_18	0.487326119007854	0.43925977313057	0.531851115287921	0.427440794550108	0.45435914551356	0.645705691375593	0.606053944881649	0.683145101959441	0.408388119562461	0.461425560740629	0.530393192488263	0.565634129027404	0.547338367318328	0.405374778012066	0.412338194955765	0.437911876548971	0.524125707575909	0	0.582140952518688	0.437247543557275	0.56502095090305	0.425322650378534	0.526277325388405	0.486473871093815	0.608693676600437	0.554950996097163	0.553855261885268	0.413375072939173	0.445844245047913	0.532423669360068	0.445399489541865	0.562317491050961	0.557874607813029	0.628986580588666	0.444080389699663	0.412876620755217	0.410889769403287	0.532536329322148	0.413020024627028	0.384790316338288	0.593496937044297	0.393377163401107	0.605082490004018	0.523755490006125	0.517856035316222	0.455703877445778	0.520127411916762	0.543388673236149	0.424433988130962	0.389403454461136	0.5154183926886	0.484726871798464	0.393700891313586	0.532798178762578	0.539532611252878	0.418159699875995	0.602096504495878	0.407097243159941	0.558729183409547	0.391189389665057	0.442172674607399	0.433954092680814	0.638280885450804	0.532787980815356
ZB_19	0.48982875495275	0.539179697245613	0.661023341966058	0.574184240099877	0.501669863920394	0.15231128040696	0.684538622368182	0.69945382664785	0.570555881988247	0.561304091845746	0.49589520512204	0.330045524486926	0.208951097564898	0.659595282282345	0.583291901643536	0.56803963498097	0.315100014810556	0.582140952518688	0	0.592458108279938	0.61762829595723	0.643559257943211	0.656345577473097	0.72881446749857	0.240859549824875	0.128121383549804	0.257451294117647	0.587669567450453	0.645153095786479	0.187937884078301	0.572749437118044	0.222021776245062	0.27619319292486	0.174139812303609	0.578411811544181	0.603492829654663	0.624090163939608	0.203012358303734	0.575137033333735	0.629465828165957	0.424461156763726	0.56266700141671	0.792519205176683	0.612431911344774	0.587967887979021	0.660683617975384	0.61678074699903	0.307259499819186	0.68849404890319	0.586216480393679	0.6562330992178	0.632353934892782	0.588253813664347	0.324049476749689	0.133793543127685	0.58788648437315	0.320981084059842	0.609335266056098	0.253112123211367	0.636893882281593	0.560367403308632	0.588015618170538	0.708892516059971	0.590641298907838
ZB_20	0.580166985326709	0.206967700350927	0.656914916004703	0.424417866254843	0.260975811855063	0.676588916320458	0.631226076655184	0.766322949862788	0.48668317203091	0.58863082893386	0.402743361907572	0.593088264003449	0.570813806002236	0.500106891809535	0.531676985250472	0.417228351568533	0.427743877446037	0.437247543557275	0.592458108279938	0	0.592251435557985	0.49278194715333	0.559864650329563	0.665668223964669	0.665627648871316	0.621620319335352	0.609134557479004	0.474952765859744	0.552777796015915	0.589714409697514	0.468657719676425	0.598557646880964	0.623052190347102	0.643444082798807	0.26260091183645	0.505454413701363	0.485783875563536	0.579134786292081	0.50608095448284	0.452854155192402	0.587831510798964	0.473442416082429	0.686463538043135	0.623845971464022	0.587087167602745	0.474214756118355	0.553066312748466	0.49398233841252	0.486002859348852	0.239539035993859	0.542606837449927	0.485709098004766	0.542217045676915	0.54909015901022	0.575879318328561	0.458863197382965	0.630088311446629	0.430318973626699	0.591525945814752	0.514213037354151	0.2937554288978	0.524051443930491	0.683564464515473	0.456898390393738
ZB_21	0.402893310516518	0.610593600644026	0.534772266442996	0.471330613416035	0.61031918138112	0.647149684663674	0.536305508903533	0.632243223009675	0.425098977135138	0.275451655547437	0.465414540703209	0.502856072944281	0.605961198671499	0.457493270129592	0.464936861063376	0.474177625598192	0.61261134126023	0.56502095090305	0.61762829595723	0.592251435557985	0	0.486102067474083	0.504182402182266	0.574507118047062	0.600776074086133	0.654620187374757	0.567754360167741	0.406031321589692	0.502106024941099	0.611932087069059	0.431499949877419	0.604237201905131	0.591785543065385	0.645254677877562	0.498789170141819	0.415943877183841	0.448540955665142	0.58825423839197	0.363246789269206	0.458617149707315	0.51577553169216	0.430561837387953	0.538226559377551	0.244568232915095	0.476730115639172	0.447451545913666	0.276963826037176	0.501747679770117	0.529183193018148	0.560134247300999	0.510118490542354	0.51033968312233	0.325054740724559	0.534182091028225	0.591814803177993	0.351853462459573	0.600547090581884	0.382972563984473	0.554545910905248	0.479572633675066	0.578003011159917	0.499811313298955	0.520034529889936	0.625478789987278
ZB_22	0.549332827504289	0.540796933608793	0.639253611383427	0.412724707612762	0.471574653520211	0.707625767040477	0.685653251044277	0.65165083539918	0.415289262140669	0.505620378520091	0.602847649908984	0.598835613725357	0.60665162134738	0.352532345028522	0.363962223580654	0.458231616241407	0.590203350753328	0.425322650378534	0.643559257943211	0.49278194715333	0.486102067474083	0	0.502693176406486	0.532789978737402	0.695867555604645	0.655972575760391	0.591096110872198	0.459492014064144	0.298860575045317	0.621480558952984	0.410028966343004	0.596539880204687	0.662854195465677	0.710353803229784	0.471450213405706	0.475106626600342	0.25731228482012	0.619189601738552	0.53010597056146	0.32069913158184	0.647568136428324	0.389210529681183	0.665667430601039	0.516766880786904	0.488542819414818	0.463474543206598	0.487279738679108	0.574758468891793	0.514397850190818	0.502060345669368	0.482336523279177	0.543571284074013	0.420955799645928	0.598175636799682	0.59713101988204	0.40916177274571	0.652238297096781	0.332329244787623	0.605258046319554	0.336419482765293	0.514473962431446	0.35113164187758	0.632994725778231	0.557414607878721
ZB_23	0.526335820229958	0.60576800097894	0.49042118451868	0.55461501231526	0.560600495313296	0.651516907753798	0.471101647477198	0.556554408143098	0.397977856797498	0.42292997902158	0.525982386607203	0.523236910229125	0.642656657514799	0.399517109641611	0.402113565073256	0.392583710868342	0.663013092974954	0.526277325388405	0.656345577473097	0.559864650329563	0.504182402182266	0.502693176406486	0	0.554767033900681	0.571678968727343	0.691473238462001	0.624749040695922	0.530718379722936	0.46160827058245	0.701291210575942	0.230803365401683	0.657526661314475	0.527606792754771	0.700118325878046	0.538885993285607	0.498743166672048	0.45486317549422	0.642659330421359	0.519821941925591	0.318421986187903	0.611946220733969	0.451431445743618	0.570802791811465	0.45205277251793	0.435178251725974	0.446162831058782	0.532897518573379	0.566124718232799	0.582106390509988	0.526598495042891	0.488153821151014	0.456183599804163	0.473166365840799	0.577048101963604	0.666235291028512	0.46260714575931	0.579693041425841	0.388723743468831	0.643918747879291	0.492617324432463	0.539073235238012	0.459268310908523	0.324179995359954	0.50022414531436
ZB_24	0.533396246750277	0.643501979467221	0.405960148475192	0.59191963943096	0.649015984074739	0.797176586655666	0.576288863494236	0.79546884629806	0.537575677687776	0.474121578808547	0.639349189256567	0.656583800692534	0.665521491796114	0.498736286507577	0.538567771132334	0.602435820481467	0.704116287213883	0.486473871093815	0.72881446749857	0.665668223964669	0.574507118047062	0.532789978737402	0.554767033900681	0	0.723044209008711	0.704508350735213	0.656601919191392	0.518573093945261	0.525301967464049	0.686073420359135	0.47241914146717	0.669787444765041	0.661444814810826	0.78318881453352	0.568665294604019	0.471927201536027	0.547872891520655	0.660427528412997	0.537759411995038	0.469640948727871	0.674486590720986	0.52872225019833	0.551823720522473	0.514874498557679	0.682470245638048	0.460419701854352	0.506927084656104	0.652054243846062	0.457569264476175	0.581331371850563	0.379266195958642	0.465379241907896	0.45009399292431	0.638363186964084	0.711024092427345	0.49722517190356	0.722839778100915	0.514319988696568	0.681174253681381	0.492401083275601	0.591138810480188	0.498808185005538	0.66977221740447	0.613277704554991
ZB_25	0.494718009826807	0.645609107671198	0.597371049609632	0.662390121227677	0.558109183351207	0.141074425278619	0.59946406673011	0.680855026295452	0.555715665564656	0.525696992144231	0.542292769276288	0.257151519818276	0.234092140785104	0.694993001993644	0.638559356808241	0.554612473843112	0.406311588999499	0.608693676600437	0.240859549824875	0.665627648871316	0.600776074086133	0.695867555604645	0.571678968727343	0.723044209008711	0	0.283467201509254	0.254080986290274	0.572681190034434	0.709615034368318	0.295344106678721	0.562714883798394	0.32917666756741	0.203763865818705	0.241465815671267	0.645137209726113	0.594457994676453	0.681141964729283	0.35423190868857	0.513119813205236	0.628594468977201	0.363000664302499	0.542767797461732	0.740364023834248	0.557565768558539	0.633623275761498	0.65351750363494	0.571061028292666	0.28138262163525	0.685195284516091	0.654784893682334	0.671868913097862	0.628980393327014	0.576696881584216	0.282159563916938	0.257934389050628	0.572932489170599	0.357529087732857	0.607226604268102	0.328352825066295	0.682329250986052	0.645447466072502	0.662478512472607	0.603391293689282	0.633909725968938
ZB_26	0.511283124076855	0.534302056286509	0.657972065556734	0.591996675813743	0.527880169254929	0.184330525006648	0.705875148863569	0.714897938654331	0.614940445025397	0.599274548376887	0.517703951798379	0.375100152949723	0.191876105570934	0.67584068038253	0.59613491045845	0.600428143432639	0.290376547964523	0.554950996097163	0.128121383549804	0.621620319335352	0.654620187374757	0.655972575760391	0.691473238462001	0.704508350735213	0.283467201509254	0	0.206761496691857	0.615072531040684	0.647215183120382	0.12295621575298	0.596368651401653	0.211354869326463	0.305001136889557	0.17591895517907	0.573187487923742	0.62359450455646	0.639464051674561	0.198694029206507	0.604927099279122	0.654442289676901	0.450351396139066	0.583678867621608	0.799487688829847	0.648989959082353	0.639665676319828	0.669523819486193	0.62510333290631	0.349494796218502	0.692110768646519	0.581540215958091	0.676342781567295	0.658090631397596	0.624346750359713	0.326871343573251	0.150519074389446	0.608736169765235	0.346964940366051	0.641980802274261	0.251739488182856	0.640613315374731	0.562301437513762	0.57629702866909	0.733641269427607	0.585882742288227
ZB_27	0.451550124844229	0.587987645639264	0.586340677359787	0.574187130684481	0.499783891837865	0.297751653876007	0.655519840933712	0.700080076328074	0.522502125582719	0.514449163641807	0.502053907234094	0.278816072325993	0.218188094885831	0.649632422303444	0.553724329739733	0.548251581996825	0.305180988374517	0.553855261885268	0.257451294117647	0.609134557479004	0.567754360167741	0.591096110872198	0.624749040695922	0.656601919191392	0.254080986290274	0.206761496691857	0	0.534649255230468	0.624808153460684	0.19821848612311	0.526775444127295	0.274999784731574	0.291415923607159	0.317518102341801	0.551912393421782	0.51081749920496	0.572049517845632	0.307572548975777	0.520942615091317	0.566238674707973	0.394643519427879	0.478899771298211	0.729654083681183	0.57540558727884	0.606992871990853	0.605998479059558	0.558119665432553	0.309313993607957	0.60043662895929	0.592498284164423	0.607934823649295	0.612522898946231	0.527429620442877	0.170605631369375	0.234947955095795	0.525843952604516	0.410082713030683	0.543388746000878	0.269133872333794	0.578720232502787	0.563748263329074	0.57313635136945	0.668156167460647	0.580435370938759
ZB_28	0.327690611013253	0.492424004433258	0.532756700860491	0.449697981694493	0.454013586487813	0.652553150603567	0.505157832885204	0.745864019907706	0.38252666602077	0.286512259478143	0.473030735979268	0.474063089258612	0.507309056663738	0.455552956542079	0.463829336173993	0.445640546353328	0.522327988039364	0.413375072939173	0.587669567450453	0.474952765859744	0.406031321589692	0.459492014064144	0.530718379722936	0.518573093945261	0.572681190034434	0.615072531040684	0.534649255230468	0	0.502340514642433	0.590207979391575	0.445164698411016	0.558215195745141	0.536882182406778	0.62708676281385	0.448315225975354	0.368927826052184	0.424849652966093	0.58126705004515	0.248130436400228	0.395054413919985	0.458398409867036	0.361668835287739	0.609803279186086	0.351096950302941	0.593357954778612	0.381073422860486	0.333879112068213	0.413183162490318	0.387680444589605	0.512446803872712	0.458032774787112	0.39733825116071	0.210306462663562	0.469688194119734	0.551447882004813	0.190182476792647	0.633730060027476	0.349094296536239	0.552928740334073	0.415419522315854	0.560754185814068	0.470938271562632	0.610199166031786	0.64698420153684
ZB_29	0.564901461035054	0.587926740159252	0.629819209865321	0.427513267219497	0.55887497023973	0.703015431170771	0.681425560687059	0.560135410206039	0.463534090250649	0.494655100974242	0.632952248215214	0.624993552660004	0.62012499191947	0.317602037599768	0.257842632043095	0.484700333066632	0.648366593171691	0.445844245047913	0.645153095786479	0.552777796015915	0.502106024941099	0.298860575045317	0.46160827058245	0.525301967464049	0.709615034368318	0.647215183120382	0.624808153460684	0.502340514642433	0	0.645908254061669	0.327930239896417	0.590347540093213	0.678024381331275	0.713326640168246	0.540440084198815	0.52178300166336	0.294378535291109	0.604062672352854	0.569224344581476	0.356966880230258	0.674979410335825	0.413329759269169	0.696398019857519	0.513917130865408	0.456097084385692	0.440038611019382	0.515841739265844	0.622634507121452	0.570203423944785	0.509463431173596	0.536835210792031	0.546123632607864	0.456939911892427	0.626764100263834	0.632840886996583	0.484800901146392	0.640525382126713	0.395740173425411	0.610522642784604	0.405874031430171	0.542737664390059	0.240798570631401	0.603701624719487	0.578583932605729
ZB_30	0.525756069695736	0.516234374342354	0.653705055722156	0.580621102960941	0.506827471406792	0.252947940689823	0.695609158187413	0.724852080848054	0.594824407356702	0.594588111817441	0.529982823490486	0.370398537591815	0.211147726644273	0.657998069663168	0.602112848101754	0.590745048171998	0.311353335461219	0.532423669360068	0.187937884078301	0.589714409697514	0.611932087069059	0.621480558952984	0.701291210575942	0.686073420359135	0.295344106678721	0.12295621575298	0.19821848612311	0.590207979391575	0.645908254061669	0	0.593045696682053	0.183682192868666	0.334596282495895	0.220316742362582	0.531623119264862	0.605448470738137	0.603972360164285	0.226728851077448	0.576382849165849	0.62508670417688	0.417088703853841	0.549039556007454	0.779865741177661	0.650652260767465	0.629232999933217	0.660262823271232	0.613431332402422	0.333939860973907	0.674672356979354	0.543348720842033	0.626837555225113	0.645362073282212	0.597162447479149	0.295040330272064	0.140679148576254	0.580923971928373	0.352845624082351	0.60681231188393	0.231803954347046	0.604983541054937	0.524784177722632	0.568811685235775	0.742335359178495	0.597904091735476
ZB_31	0.450545101711361	0.516218678070013	0.524882672738256	0.441636307904787	0.453385180993399	0.637525496406066	0.503843681608053	0.60124640038689	0.298394386006324	0.372178101924245	0.486710019391634	0.460492477001632	0.528961416320438	0.342932599196504	0.260179192440312	0.344397444055098	0.570409115074596	0.445399489541865	0.572749437118044	0.468657719676425	0.431499949877419	0.410028966343004	0.230803365401683	0.47241914146717	0.562714883798394	0.596368651401653	0.526775444127295	0.445164698411016	0.327930239896417	0.593045696682053	0	0.530038283452754	0.519915887753657	0.661358028338326	0.40986309467912	0.42137867146814	0.344472316145176	0.534740582376626	0.431629523419007	0.175504511984025	0.503631620617248	0.312382574920525	0.586987075407051	0.396890946474654	0.431642293529721	0.372827486404621	0.443669299777021	0.473961466698416	0.525878697644791	0.437865832551481	0.372165160088833	0.372039359108325	0.367454286094827	0.477229680346649	0.566289340107871	0.356856428876511	0.562945292008952	0.250114114924644	0.543313196699066	0.407410096992651	0.465014339504848	0.336335802069306	0.399610656284168	0.474397394617226
ZB_32	0.501507900018836	0.548146468410737	0.637898129954464	0.539289087765632	0.491580050052981	0.288971541240383	0.665199311876989	0.688370057944736	0.57778519764102	0.529973241114577	0.5710479674806	0.303103093254922	0.263729417908516	0.648631289187949	0.54330565994252	0.567443604740088	0.404879241982316	0.562317491050961	0.222021776245062	0.598557646880964	0.604237201905131	0.596539880204687	0.657526661314475	0.669787444765041	0.32917666756741	0.211354869326463	0.274999784731574	0.558215195745141	0.590347540093213	0.183682192868666	0.530038283452754	0	0.320204753092639	0.340456141889346	0.565754417835727	0.607072232169103	0.574720272954407	0.178930507340902	0.581728601727942	0.591555355282287	0.382720266909837	0.533479747468475	0.762521141732453	0.59560359868747	0.62191883745522	0.611712220721218	0.596235649446216	0.335865347225099	0.669967449592821	0.582691348050282	0.634177712315496	0.601134085432817	0.560146430497366	0.262281841199378	0.218547340685014	0.542182178149221	0.317199168094145	0.580437323508445	0.264595141166258	0.588594334034875	0.58031531664416	0.493900040568702	0.70463405306152	0.559914529974684
ZB_33	0.417210761951994	0.589922179956008	0.549103944656413	0.628073396948235	0.530183504108571	0.276268060252075	0.60509201992797	0.675318794949825	0.53148275499175	0.476663376878805	0.459505706004757	0.239550670537813	0.303975629321304	0.66206802089805	0.598449176515507	0.542813191447155	0.410809470617776	0.557874607813029	0.27619319292486	0.623052190347102	0.591785543065385	0.662854195465677	0.527606792754771	0.661444814810826	0.203763865818705	0.305001136889557	0.291415923607159	0.536882182406778	0.678024381331275	0.334596282495895	0.519915887753657	0.320204753092639	0	0.327520021138569	0.564537428842771	0.548833730069019	0.643973387171729	0.341352143460335	0.51865742118268	0.574740353281129	0.406997313010293	0.490673867582723	0.705422073102566	0.549868822937448	0.604951575991616	0.621420816413191	0.549721235218435	0.353941936873538	0.627991436677908	0.619227693946703	0.606724443763424	0.605170107708971	0.528211678388622	0.257521905207564	0.293495372330179	0.518668098523054	0.363446194990165	0.55701409566135	0.38182078976782	0.604663380094029	0.572527018330784	0.602390116145111	0.598059381282444	0.57602381330391
ZB_34	0.565862298648432	0.552598602254972	0.674825560032768	0.648608636972372	0.545474283469254	0.135415526114092	0.640699846444973	0.699616127592483	0.641648927295597	0.643731267136637	0.508841196092249	0.390313554606574	0.246157803629145	0.70899351612803	0.6590545327999	0.636764673482911	0.341856741196947	0.628986580588666	0.174139812303609	0.643444082798807	0.645254677877562	0.710353803229784	0.700118325878046	0.78318881453352	0.241465815671267	0.17591895517907	0.317518102341801	0.62708676281385	0.713326640168246	0.220316742362582	0.661358028338326	0.340456141889346	0.327520021138569	0	0.624748439948807	0.681158904315863	0.694119043636383	0.324604397415911	0.577753332680485	0.710426680364209	0.41501939654773	0.629299349995756	0.82097063857409	0.660360477047976	0.615218710208721	0.710942079157418	0.652193499518757	0.374857272443802	0.757942614023219	0.632006086464988	0.722467636280467	0.66546690851765	0.671407223075325	0.408260761006025	0.230005157482777	0.661043501194763	0.379593050977181	0.685978736583434	0.308813334790175	0.716327846000551	0.607763906700315	0.663438305336471	0.722525928843377	0.631624218636878
