ZB_1	ZB_2	ZB_3	ZB_4	ZB_5	ZB_6	ZB_7	ZB_8	ZB_9	ZB_10	ZB_11	ZB_12	ZB_13	ZB_14	ZB_15	ZB_16	ZB_17	ZB_18	ZB_19	ZB_20	ZB_21	ZB_22	ZB_23	ZB_24	ZB_25	ZB_26	ZB_27	ZB_28	ZB_29	ZB_30	ZB_31	ZB_32	ZB_33	ZB_34	ZB_35	ZB_36	ZB_37	ZB_38	ZB_39	ZB_40	ZB_41	ZB_42	ZB_43	ZB_44	ZB_45	ZB_46	ZB_47	ZB_48	ZB_49	ZB_50	ZB_51	ZB_52	ZB_53	ZB_54	ZB_55	ZB_56	ZB_57	ZB_58	ZB_59	ZB_60	ZB_61	ZB_62	ZB_63	ZB_64
ZB_1	0	0.459880962259454	0.41236312116636	0.475666186446338	0.607676213188148	0.392883210191854	0.454594157021357	0.510962705327028	0.357913374358227	0.434046033058608	0.357342235584354	0.35206541664229	0.395635090064168	0.573934625701723	0.592197466670697	0.540700292388883	0.291708449182558	0.39557668796535	0.409591971513891	0.603165565930312	0.34621293966192	0.528371469904141	0.530215724279871	0.590775390021211	0.323181567213693	0.422891121078273	0.335516459968901	0.343997903536811	0.55587702858271	0.367577177193324	0.495102831186968	0.429001664583469	0.380839316875018	0.431194205827859	0.578019639311609	0.601538470118766	0.440109350943779	0.416905164149868	0.416017574120895	0.545655464683793	0.305281893036702	0.518906261845469	0.477219433239526	0.352033286619622	0.539976931883797	0.484111621967188	0.331223555781564	0.374955768424804	0.607967569527285	0.496123520877587	0.582627817144925	0.537622155202621	0.333281819257934	0.361333722501378	0.383932917965878	0.530831372403698	0.427934662787177	0.449403470553559	0.358788128194402	0.390673005097624	0.600981994142768	0.545707626107374	0.469633883488734	0.607053148548506
ZB_2	0.459880962259454	0	0.45561312115619	0.477068761571693	0.383031997780007	0.473885784208601	0.482637435180279	0.497871873628785	0.340024767350804	0.466116158827368	0.424616674487289	0.468625425053768	0.46569193419329	0.528369807048716	0.49881375803822	0.458362427984727	0.50606849715098	0.530516096143165	0.487064385098966	0.382838040788273	0.402309070275644	0.478180745161793	0.432610063188335	0.492631113522856	0.505721338800312	0.504615815854212	0.502381935170572	0.534206835867682	0.511830023334947	0.52304472320385	0.452417906221518	0.48649147930126	0.4427021866952	0.507262445536294	0.371165506500967	0.482686757115013	0.506288836238002	0.469392525752126	0.475669627143011	0.396836559573733	0.494181899847236	0.365196231359581	0.496963209374618	0.504365871607	0.422673194182572	0.50593822042895	0.518949233933505	0.507606288927474	0.574777025917887	0.29359107475398	0.532573936955429	0.506136652687706	0.511175438937331	0.447831388259885	0.54146139438134	0.419837146274868	0.49883384310075	0.409749232484948	0.517243427857868	0.410204210050969	0.370798800194046	0.531181378245711	0.374109497985775	0.420598319622298
ZB_3	0.41236312116636	0.45561312115619	0	0.397297220943546	0.603203607666291	0.605876482929967	0.257576054110758	0.552558625015361	0.501789737333049	0.53203367927957	0.464485782260474	0.554281315122314	0.655934181516141	0.548055489821957	0.674263301500682	0.592201223236329	0.493196511080585	0.39781877717152	0.568727845608507	0.544874587419888	0.508586008609188	0.516675588200887	0.56957934238862	0.33732562627108	0.48005413038362	0.608404021345767	0.568358239030578	0.475908100843046	0.529825340567534	0.522789844682445	0.516526277771952	0.590055962428663	0.523089335988464	0.619606278175528	0.581907505952483	0.374873429230431	0.527526807910653	0.550736927981794	0.539282800324972	0.592905109489051	0.489416958995066	0.578423830742509	0.242740321613962	0.458958424448309	0.462708747226804	0.202839413557896	0.437043982983239	0.563085621462346	0.383425071993584	0.528931854773574	0.283504833038464	0.358251938897293	0.466621368815461	0.525050051303389	0.556869888985335	0.589788383738365	0.590733837469379	0.561838699793339	0.503457790587848	0.41874421148982	0.58408108170827	0.540145467207337	0.537858262502871	0.648141225794157
ZB_4	0.475666186446338	0.477068761571693	0.397297220943546	0	0.497191495045572	0.496929686898196	0.24507466840649	0.2796543447286	0.453606746549259	0.3685673500546	0.285373317636362	0.451510605295564	0.566062133645955	0.264725271938944	0.438734890219851	0.426435761582449	0.420653446379794	0.293157475663319	0.482815536442497	0.504187693057744	0.493743028637524	0.394288584168049	0.418832237121061	0.454828353760248	0.391346138067006	0.50783152233165	0.467154982514362	0.344711324119483	0.348124579879005	0.421307000623946	0.306857432499517	0.519853825559496	0.450260100760406	0.500576110319095	0.530056625060695	0.417582473691645	0.262190547636909	0.456510293830372	0.410626492666829	0.455935410708496	0.360650965962735	0.378342257255005	0.276044999371059	0.354581044127303	0.372164586796	0.341750206456764	0.347328794075073	0.458709300609411	0.465116969429219	0.52801246940916	0.448489720914207	0.383343772929828	0.362015158270174	0.417310953149161	0.450557062930937	0.505484407809878	0.508789026997423	0.466938642972999	0.417248248901413	0.441964402053527	0.515716322882564	0.342677039332714	0.464254417282252	0.574935144075912
ZB_5	0.607676213188148	0.383031997780007	0.603203607666291	0.497191495045572	0	0.596717065781772	0.489002399195109	0.44986744824262	0.475033748242764	0.447628657510726	0.433743907233455	0.594608758734015	0.594535248517764	0.390370465067053	0.330294146315861	0.404791532124687	0.591036225074659	0.51990554907651	0.586996507041123	0.321835480000425	0.501986828138379	0.376351909299886	0.400165978681439	0.479732807395196	0.614150144996847	0.591425531141545	0.620258322571908	0.530543740615416	0.449460090811581	0.614014619893224	0.476923016992201	0.557871281351185	0.563999779704489	0.575168016763346	0.285667883814283	0.440744137022398	0.46687360999729	0.582266568196039	0.46611707378547	0.329910488490537	0.581928441022185	0.338472728211727	0.519119053592148	0.483229304762934	0.317743377508902	0.530023085251997	0.503945826590885	0.610283936316371	0.560049496051603	0.383005601560884	0.494720037894574	0.466163602620979	0.504442044177315	0.536381523259302	0.614262508239176	0.386979053137107	0.568868757203672	0.383731797321737	0.618766674467587	0.48933574565034	0.126815418993741	0.447157467412159	0.462099089792499	0.251540041067762
ZB_6	0.392883210191854	0.473885784208601	0.605876482929967	0.496929686898196	0.596717065781772	0	0.603448998288864	0.429062703856349	0.454834510496013	0.516822285058072	0.511544996077028	0.216423015091313	0.150417463094519	0.505440280611682	0.578421644338308	0.568824458867523	0.188968042119342	0.472147263025513	0.0836459524624675	0.642875378250325	0.5123047999833	0.606464179238463	0.523694755290564	0.66618591592631	0.148933399317584	0.0802349361562701	0.153806401976256	0.593783809796593	0.589279138307673	0.126155506305556	0.554365140718044	0.126819443001914	0.143397584723647	0.0649420874207112	0.628519776694969	0.567438511980308	0.498852130540744	0.0950276148519851	0.536491129064195	0.567585788693961	0.1998806057209	0.490923813773026	0.632171398998232	0.557604971440026	0.520496149039051	0.672987263303206	0.612690585390212	0.272467257016271	0.63880303975514	0.530283662765828	0.662006990115765	0.599182483366024	0.59991222750073	0.203327699630055	0.135834960818512	0.588593026018772	0.118293830489677	0.506279919981763	0.129803022249918	0.572474360596137	0.630037820287373	0.567003722099102	0.494517020717353	0.63394384196974
ZB_7	0.454594157021357	0.482637435180279	0.257576054110758	0.24507466840649	0.489002399195109	0.603448998288864	0	0.403039684773431	0.437721194945643	0.403725986202338	0.347583393904324	0.535536848503267	0.66322763787818	0.409665864895935	0.51256341469893	0.419578450025003	0.485277518947945	0.369370899139437	0.586749873426363	0.41858990348233	0.482896100789411	0.329344140204095	0.398981701219421	0.275246685769715	0.472293480819016	0.605984726163865	0.550678869718813	0.338785746511125	0.346842268517886	0.515314698551556	0.341858150344311	0.608363923598525	0.543006942948955	0.612171715292879	0.439269973255126	0.351267450935052	0.358723090377312	0.542870876286508	0.443307408170473	0.420693928128872	0.452866168354038	0.429682126254776	0.0565576603596874	0.323780147361677	0.291428250326016	0.136928720355896	0.320051949562402	0.543586483272866	0.396636492581319	0.459270572220654	0.302681423159771	0.233066476876821	0.336502591021759	0.510046615055605	0.541814812816359	0.4592393751449	0.608737226743814	0.40974724075631	0.495805398330514	0.343465193942659	0.469697534623399	0.365083778416936	0.461235291004358	0.538225729165848
ZB_8	0.510962705327028	0.497871873628785	0.552558625015361	0.2796543447286	0.44986744824262	0.429062703856349	0.403039684773431	0	0.428175937733318	0.279136925633808	0.329100256438571	0.499552812367932	0.527590932919011	0.183498488292588	0.340884647664045	0.347511630327417	0.481476729030702	0.369638306564042	0.458472480923462	0.44625627543443	0.445862580946473	0.470665218079365	0.251356824301498	0.450763851986643	0.458756191963166	0.47147297667204	0.527803046678048	0.430062553402462	0.417795137458272	0.471920855403061	0.403315804543518	0.48081679550371	0.422585755640272	0.448871893495906	0.461687705239056	0.45831808870342	0.349061791944389	0.432285573938188	0.297226201893666	0.380937922181247	0.415239980083388	0.335498209837248	0.447378035882545	0.461757649954957	0.293467214500501	0.510384890382198	0.468875999764252	0.511847596163063	0.456070382113531	0.486024822644621	0.457607221019324	0.374016716775984	0.447531092100128	0.385314982113624	0.486398042663812	0.471558447362736	0.469231768222951	0.373191757666337	0.483664689883761	0.508620746854929	0.458095792127206	0.392450607214066	0.408892453157809	0.502028523341306
ZB_9	0.357913374358227	0.340024767350804	0.501789737333049	0.453606746549259	0.475033748242764	0.454834510496013	0.437721194945643	0.428175937733318	0	0.338246246006824	0.41278955210513	0.391272661372271	0.433826594964298	0.439840947546531	0.422547238058322	0.36300017262868	0.432992487730764	0.443619663228647	0.459889323308271	0.482415823924671	0.236929842681272	0.452511485263577	0.393558783672357	0.499496145746083	0.433627312389084	0.433033064702045	0.422920444180873	0.357096271701693	0.486905421015577	0.472173074285611	0.434134801986161	0.474501553453079	0.395040646959284	0.478503447192795	0.441150848960973	0.522068588003962	0.39085661167228	0.439293868989877	0.392105488047682	0.342854293063465	0.413656074729344	0.38205148362639	0.463111527140873	0.346078144048501	0.405517987369925	0.511284487004477	0.383772736854516	0.445001494987857	0.565754189183671	0.272511135901514	0.536138692109839	0.454825174825175	0.374948120758704	0.386092719710547	0.509576867865199	0.422311182379145	0.486601133057725	0.305676432906826	0.463579956224331	0.323267005712287	0.482603973778997	0.483400982767343	0.307784399968769	0.502944688081188
ZB_10	0.434046033058608	0.466116158827368	0.53203367927957	0.3685673500546	0.447628657510726	0.516822285058072	0.403725986202338	0.279136925633808	0.338246246006824	0	0.330957822110965	0.491512175033745	0.498608976349943	0.347164734506941	0.402919239380131	0.274311814781789	0.480655234595292	0.491173779374778	0.49272332635275	0.419862425321704	0.2942963555407	0.529276795718884	0.294692706251002	0.379705358866039	0.49331607437044	0.512267877058242	0.514189448441247	0.348933371285263	0.505668983257855	0.535563900314761	0.422979191604963	0.516804473185547	0.435387851227098	0.545549578796318	0.395876465015089	0.442980100325435	0.393298075018949	0.501516767846762	0.107844749609407	0.335662275868461	0.475088722287113	0.315607627866644	0.430932788292403	0.318140350417087	0.396763064566117	0.437637940621757	0.28811576665154	0.48479679212515	0.439583775327505	0.45708704145865	0.425961600272062	0.385227157383137	0.294667834978617	0.39071310820085	0.562324707276219	0.311932947748537	0.514396041324781	0.364635760346171	0.529186008386685	0.470936535587645	0.444903911074871	0.500065987552108	0.395129144359914	0.49227237917745
ZB_11	0.357342235584354	0.424616674487289	0.464485782260474	0.285373317636362	0.433743907233455	0.511544996077028	0.347583393904324	0.329100256438571	0.41278955210513	0.330957822110965	0	0.43838820631421	0.511509623908764	0.430402416914322	0.452607218197085	0.433241943930517	0.41966931589635	0.344934922036745	0.503387485625223	0.450304187819505	0.401624681178156	0.350638679315754	0.404408903105424	0.517675902296755	0.431653386033885	0.542204899523537	0.457376661103385	0.278169556767648	0.357321803856943	0.465641729924659	0.343585766600657	0.53255062172097	0.462667415583953	0.536946153075709	0.416679208179073	0.514929259756846	0.313497631772245	0.515116378990688	0.341468847868125	0.393187555687556	0.40342549504735	0.375661764705882	0.385055159275176	0.252487045779201	0.414330330640374	0.389760846007937	0.25527082198452	0.419109228303183	0.549205460345162	0.449733724980246	0.53027876257491	0.479111570067122	0.245143511157675	0.429897086031452	0.482795046307665	0.456182940772925	0.530065584677898	0.400769700987525	0.456961374778406	0.395157613367813	0.419907937358435	0.385221160892842	0.487478915917425	0.484747937565583
ZB_12	0.35206541664229	0.468625425053768	0.554281315122314	0.451510605295564	0.594608758734015	0.216423015091313	0.535536848503267	0.499552812367932	0.391272661372271	0.491512175033745	0.43838820631421	0	0.211045168705724	0.565711803152819	0.570718488797544	0.525491487649998	0.208374005738091	0.455377091977952	0.236537400376592	0.626300602850073	0.478003280692162	0.509857116785251	0.510120396944458	0.674927604965141	0.15548802546849	0.189050761777715	0.0873232584972816	0.458480977065211	0.506333614769858	0.14837808758556	0.412643286232805	0.238961045115445	0.26599439225876	0.25073543453155	0.611476413272772	0.609088615857675	0.419340630821385	0.198773344262063	0.523332497364138	0.524183197123583	0.179554267545069	0.47843401699832	0.554745106977987	0.430880649865146	0.575647744702556	0.590173253591467	0.470834543108578	0.118405590825709	0.672652073757457	0.495062409407292	0.696094104976188	0.640664807227663	0.464776376206763	0.272540920694973	0.168328140743183	0.546187779137511	0.240423022386708	0.494313478314475	0.161650680143478	0.43299792912145	0.63757996110317	0.482974468463202	0.446469830077372	0.620260849952267
ZB_13	0.395635090064168	0.46569193419329	0.655934181516141	0.566062133645955	0.594535248517764	0.150417463094519	0.66322763787818	0.527590932919011	0.433826594964298	0.498608976349943	0.511509623908764	0.211045168705724	0	0.60048830001626	0.568643784484212	0.527308453847332	0.254527150216166	0.561394663671777	0.157342484875539	0.602393780530063	0.431311922520316	0.606623365556922	0.549505836550458	0.695596930735507	0.233187387748776	0.147561766027878	0.144580994322443	0.557528322845284	0.600034377387319	0.236809369969771	0.529962841245068	0.210542377375387	0.210764640424569	0.194567993202992	0.580814307781699	0.626805059186231	0.538528648362959	0.222433157402136	0.515944186901189	0.52593421138994	0.293720164937635	0.500168372313278	0.682594917044678	0.509327846189784	0.617039234244343	0.693081549396476	0.570314616505227	0.203041860238229	0.692668760258207	0.5104929300622	0.717138725441309	0.685096416923851	0.534645929240871	0.251369936206327	0.247781335825757	0.517132167650548	0.212483568410902	0.513486579856497	0.228726343062061	0.55281700021684	0.630636905354162	0.571392386695874	0.462565908941738	0.590345680269799
ZB_14	0.573934625701723	0.528369807048716	0.548055489821957	0.264725271938944	0.390370465067053	0.505440280611682	0.409665864895935	0.183498488292588	0.439840947546531	0.347164734506941	0.430402416914322	0.565711803152819	0.60048830001626	0	0.342513778190479	0.394637674282506	0.509062706357328	0.325113965661893	0.487453657960372	0.461107285411386	0.50518929170112	0.455173286064761	0.339925955750214	0.444756854910445	0.504448790908573	0.493296589531701	0.585059645188182	0.506515677755023	0.434011514441842	0.494390135460961	0.471026849034862	0.474063194987126	0.472928020473814	0.456300972694602	0.491711949007953	0.4402854689212	0.307378544900281	0.476285436966634	0.415443881829262	0.428584682828392	0.464570799148247	0.379555070035272	0.441918701606479	0.50901334619342	0.260244486048677	0.507321065324335	0.52327101898489	0.592770657037132	0.423358012992158	0.512955428984721	0.437646847119496	0.34998291987298	0.523701707533071	0.439596348172242	0.498361297966672	0.531830487277639	0.464359331367989	0.430435647218375	0.509219734587798	0.539158088908526	0.424219794723954	0.39203333852216	0.446455205329621	0.450825782894709
ZB_15	0.592197466670697	0.49881375803822	0.674263301500682	0.438734890219851	0.330294146315861	0.578421644338308	0.51256341469893	0.340884647664045	0.422547238058322	0.402919239380131	0.452607218197085	0.570718488797544	0.568643784484212	0.342513778190479	0	0.355005880028926	0.602283872946182	0.464365205382461	0.610480775974613	0.416347563346995	0.399645211403619	0.385467748957452	0.401035867002229	0.559013825809632	0.610559802701138	0.581911348695801	0.590791074850845	0.380082240960072	0.402788559599373	0.610458900269204	0.435648753347787	0.597652312817935	0.588985811146788	0.571254439986712	0.38416539929264	0.551159583412173	0.397690109586291	0.578339282600445	0.403545741105171	0.35650007145722	0.578077141664445	0.424366041448165	0.542386688954214	0.446669156245586	0.433428212248956	0.598008191520942	0.446435637850583	0.543056464840588	0.651551763784254	0.407411979709755	0.600026142082217	0.521704226514776	0.401164443727748	0.563774989940636	0.603008954676157	0.361958654420337	0.593980030232082	0.424561795243943	0.627091470778283	0.447850780947464	0.371201869528558	0.401808831876969	0.418605571383349	0.354784248948731
ZB_16	0.540700292388883	0.458362427984727	0.592201223236329	0.426435761582449	0.404791532124687	0.568824458867523	0.419578450025003	0.347511630327417	0.36300017262868	0.274311814781789	0.433241943930517	0.525491487649998	0.527308453847332	0.394637674282506	0.355005880028926	0	0.555085034013606	0.5570508130561	0.592317593984962	0.369955421829079	0.330179460951858	0.414815073573984	0.150289534180563	0.452470199420645	0.562660440124625	0.568020287139543	0.5493083270083	0.310071981746135	0.378290423106686	0.596945107831391	0.230837119532503	0.612520656286909	0.536480758383476	0.599577850565866	0.314456440044399	0.50737930062364	0.448216863043535	0.563111953225964	0.2691053148132	0.0999432899396353	0.542451732961154	0.155632499282419	0.448506253456624	0.400575571210823	0.36784340759016	0.503758897494591	0.395222266202451	0.487673543987909	0.500721170075431	0.316072441035212	0.497546762835269	0.401571013305693	0.33094794875135	0.507464599306593	0.628212863935663	0.212461331490755	0.621442351860358	0.269157840991668	0.590325600245936	0.325404943001134	0.411752515435628	0.341439393624581	0.186036864165682	0.396769378246002
ZB_17	0.291708449182558	0.50606849715098	0.493196511080585	0.420653446379794	0.591036225074659	0.188968042119342	0.485277518947945	0.481476729030702	0.432992487730764	0.480655234595292	0.41966931589635	0.208374005738091	0.254527150216166	0.509062706357328	0.602283872946182	0.555085034013606	0	0.369423421839071	0.194201621549936	0.64816238957997	0.480566163530029	0.548636023961189	0.522269007091856	0.629288592059066	0.121221434075507	0.183015566515852	0.13884620019626	0.479155534421311	0.543433559231186	0.118092846883338	0.489762643577787	0.265583310668198	0.234944874233493	0.195235440019997	0.629964773660932	0.594351837985416	0.387914802193278	0.217217785350306	0.523699791264314	0.553864188532556	0.174276195178986	0.514120292939142	0.51116825553595	0.448521365460193	0.506336744489279	0.55457901488097	0.491027614504846	0.244714523323417	0.618635258653072	0.524170139281796	0.629315520504126	0.574306224838447	0.491332781010555	0.274874990776845	0.162747284117397	0.604406285823462	0.244457531530762	0.472133960771696	0.139400640314736	0.471674665542412	0.642899137545078	0.516568479524858	0.497569241982507	0.636042055132172
ZB_18	0.39557668796535	0.530516096143165	0.39781877717152	0.293157475663319	0.51990554907651	0.472147263025513	0.369370899139437	0.369638306564042	0.443619663228647	0.491173779374778	0.344934922036745	0.455377091977952	0.561394663671777	0.325113965661893	0.464365205382461	0.5570508130561	0.369423421839071	0	0.455076564696184	0.588407126323251	0.467741271279325	0.394155485303759	0.485205912215742	0.572860958158858	0.382143401512833	0.460634189073309	0.465513378514085	0.394620469266928	0.375777648325777	0.372366149734917	0.440744187804429	0.454644060541871	0.440349010733361	0.424907308770405	0.586441776944604	0.559203775908065	0.249325954779434	0.430722834006163	0.501116424375425	0.557750129600829	0.351332406970918	0.536574697475002	0.411184015298889	0.432774017387464	0.409041905017037	0.470602393748557	0.410676518752776	0.462421007728098	0.559766047695958	0.491745885138365	0.537137461625464	0.449158789788334	0.443179160711966	0.424499286996303	0.372813073306834	0.612475890615374	0.431787035809785	0.499001849446772	0.400893430899028	0.392034974841211	0.550826870726352	0.382572046509049	0.456281572730125	0.581385056019155
ZB_19	0.409591971513891	0.487064385098966	0.568727845608507	0.482815536442497	0.586996507041123	0.0836459524624675	0.586749873426363	0.458472480923462	0.459889323308271	0.49272332635275	0.503387485625223	0.236537400376592	0.157342484875539	0.487453657960372	0.610480775974613	0.592317593984962	0.194201621549936	0.455076564696184	0	0.634132783016806	0.497437374808096	0.623712247341134	0.552303157894737	0.622692683191075	0.130112010558232	0.0877806557309807	0.188292334341913	0.615355843025332	0.619135500871816	0.103659801078589	0.590912851924099	0.0800204104773784	0.0917487662078902	0.0849215682463165	0.632671212940766	0.521540702219629	0.489904065466115	0.0945570620781906	0.533082672517061	0.591108571428571	0.219949679954654	0.516281503759399	0.61560638727551	0.539325348099066	0.509769510479998	0.632219725227625	0.596106619095058	0.30139430105753	0.584043395346031	0.563430275006084	0.618411997247163	0.581433409668474	0.596395060584297	0.176202955698557	0.1224755692754	0.584913813799395	0.0563379571883937	0.533569211065026	0.102216606398032	0.60230309033055	0.634207708104975	0.59267535318404	0.535358796992481	0.627183732093586
ZB_20	0.603165565930312	0.382838040788273	0.544874587419888	0.504187693057744	0.321835480000425	0.642875378250325	0.41858990348233	0.44625627543443	0.482415823924671	0.419862425321704	0.450304187819505	0.626300602850073	0.602393780530063	0.461107285411386	0.416347563346995	0.369955421829079	0.64816238957997	0.588407126323251	0.634132783016806	0	0.438127550515801	0.348438632986627	0.416729347222005	0.363037713303425	0.647353494939986	0.625918136020151	0.655277683068437	0.491847555717697	0.42879857147355	0.656260307121852	0.464292010544916	0.63063700331346	0.607036081257573	0.654722471154575	0.116705501597825	0.445478077091402	0.52839468503222	0.617186221224943	0.445162009429651	0.287761124583705	0.623195057059081	0.384562102728486	0.426533113599206	0.470912056273776	0.308400624952402	0.434325333041502	0.486496628900798	0.617585109327429	0.501160538051027	0.315412116022113	0.419818428341077	0.398033680750931	0.440105638394992	0.575942945683782	0.670700250360367	0.357796854797486	0.639643472857678	0.432035297755974	0.654648662716677	0.446757431349594	0.236358962402329	0.455608331852791	0.434506755762523	0.226453693529512
ZB_21	0.34621293966192	0.402309070275644	0.508586008609188	0.493743028637524	0.501986828138379	0.5123047999833	0.482896100789411	0.445862580946473	0.236929842681272	0.2942963555407	0.401624681178156	0.478003280692162	0.431311922520316	0.50518929170112	0.399645211403619	0.330179460951858	0.480566163530029	0.467741271279325	0.497437374808096	0.438127550515801	0	0.501272102205889	0.392536134540989	0.507186430177049	0.512199130082097	0.500199465629117	0.496699726194098	0.291138304040949	0.528387400328644	0.53990390555133	0.436307892182057	0.533548642235697	0.45323739135976	0.53877455842855	0.390760363516529	0.563967805150212	0.480744544287548	0.504920753381733	0.290310607945592	0.361367174446373	0.495223026012006	0.41620462534893	0.50977081031792	0.320120788242877	0.470964713913897	0.519130684795901	0.299785100286533	0.441522042123008	0.595009059758526	0.287110390635691	0.546220315264071	0.50379557797101	0.231914483901892	0.444402050989262	0.559548451262597	0.307896421373148	0.519218441240146	0.434148120465005	0.544184293480744	0.297799170610256	0.485592640462252	0.523746066098248	0.300780360332282	0.451678354190904
ZB_22	0.528371469904141	0.478180745161793	0.516675588200887	0.394288584168049	0.376351909299886	0.606464179238463	0.329344140204095	0.470665218079365	0.452511485263577	0.529276795718884	0.350638679315754	0.509857116785251	0.606623365556922	0.455173286064761	0.385467748957452	0.414815073573984	0.548636023961189	0.394155485303759	0.623712247341134	0.348438632986627	0.501272102205889	0	0.452252772087745	0.554894349801705	0.540878092465087	0.597148299989003	0.538886703765211	0.32828650133264	0.160413620850643	0.541449150191136	0.303045160979178	0.59975161030195	0.604088537961206	0.587362819926901	0.350871538434193	0.572883828500267	0.316584502591329	0.594065721145457	0.552704071853008	0.347117341316289	0.503330751550327	0.423806817001524	0.358064658563607	0.356086214621405	0.376800404466375	0.41430161662162	0.410038437926464	0.500767247308469	0.62156475351344	0.338803572794411	0.592857101180369	0.504372537074025	0.348471120717675	0.581556046808352	0.531247208453948	0.478292508898673	0.608900097644256	0.451686246896194	0.545621343318512	0.280697497412797	0.36066899168066	0.188785805198434	0.434316528190762	0.345568656373319
ZB_23	0.530215724279871	0.432610063188335	0.56957934238862	0.418832237121061	0.400165978681439	0.523694755290564	0.398981701219421	0.251356824301498	0.393558783672357	0.294692706251002	0.404408903105424	0.510120396944458	0.549505836550458	0.339925955750214	0.401035867002229	0.150289534180563	0.522269007091856	0.485205912215742	0.552303157894737	0.416729347222005	0.392536134540989	0.452252772087745	0	0.427857332386096	0.534536742812529	0.537001012257944	0.549426866716596	0.394283304257807	0.382179061657854	0.545066730764828	0.241368087510439	0.566734062109427	0.505885711663854	0.544269612439444	0.366866938190109	0.484608834545667	0.385337181657879	0.522682682232638	0.264124254312893	0.205440318822473	0.496828380783917	0.197364343717765	0.426883727256241	0.447701166720067	0.297844544729483	0.480445989735217	0.437099082160076	0.512282029197825	0.457090780927446	0.362828620815101	0.47243278143023	0.379457036951994	0.41333128846117	0.474922030499292	0.576114180521412	0.318745647966928	0.565593517030669	0.259708573919842	0.562496856582431	0.380933373504843	0.406558862226107	0.346894104315152	0.243107536968138	0.419006092328237
ZB_24	0.590775390021211	0.492631113522856	0.33732562627108	0.454828353760248	0.479732807395196	0.66618591592631	0.275246685769715	0.450763851986643	0.499496145746083	0.379705358866039	0.517675902296755	0.674927604965141	0.695596930735507	0.444756854910445	0.559013825809632	0.452470199420645	0.629288592059066	0.572860958158858	0.622692683191075	0.363037713303425	0.507186430177049	0.554894349801705	0.427857332386096	0	0.617542951282655	0.657810544388217	0.682947062186014	0.554640077708968	0.569173272619831	0.655220644324726	0.552107773214109	0.647627408636809	0.577378515436463	0.675138087184505	0.418540539584434	0.201784008271668	0.559953055041413	0.605239228555536	0.426186603610489	0.453681527204205	0.606406414624468	0.468950230665727	0.231799036593379	0.488037802680998	0.329779947007557	0.183999449118717	0.494254387208921	0.689216357505295	0.230816364150909	0.530786662483902	0.0831531861846447	0.205039712917443	0.509710237370273	0.544028822868626	0.683521938641376	0.426231403239044	0.64735271781089	0.438773803842875	0.639028708944538	0.557255086077937	0.455548499961097	0.579313309782929	0.529507646202821	0.513670724876363
ZB_25	0.323181567213693	0.505721338800312	0.48005413038362	0.391346138067006	0.614150144996847	0.148933399317584	0.472293480819016	0.458756191963166	0.433627312389084	0.49331607437044	0.431653386033885	0.15548802546849	0.233187387748776	0.504448790908573	0.610559802701138	0.562660440124625	0.121221434075507	0.382143401512833	0.130112010558232	0.647353494939986	0.512199130082097	0.540878092465087	0.534536742812529	0.617542951282655	0	0.154701562015103	0.117934249709471	0.502322059447535	0.536244523057664	0.0603962337504831	0.477044314881107	0.18934346386129	0.142767628832731	0.17129427368638	0.645976700400094	0.520860202400565	0.417143814569136	0.140027045300879	0.531892209931749	0.561482414004093	0.0949405420177847	0.488573732713492	0.502139326900447	0.450185926100259	0.507048136767014	0.544551659213933	0.507866556836903	0.209558704547031	0.591087750036502	0.559784083431839	0.613451400329489	0.551940456578018	0.508159566956931	0.190603897334314	0.0982700654769693	0.581433278418451	0.180987217484797	0.50575820073163	0.0544538797400901	0.504881414754299	0.65835137679454	0.509455857427191	0.507161929946713	0.661751496568842
ZB_26	0.422891121078273	0.504615815854212	0.608404021345767	0.50783152233165	0.591425531141545	0.0802349361562701	0.605984726163865	0.47147297667204	0.433033064702045	0.512267877058242	0.542204899523537	0.189050761777715	0.147561766027878	0.493296589531701	0.581911348695801	0.568020287139543	0.183015566515852	0.460634189073309	0.0877806557309807	0.625918136020151	0.500199465629117	0.597148299989003	0.537001012257944	0.657810544388217	0.154701562015103	0	0.1464659044437	0.592907781774705	0.592473905336709	0.104311711310787	0.553670465857406	0.138856236292535	0.153745073834562	0.0824753822557321	0.624444584382872	0.57040019943771	0.476757477726233	0.101665651518718	0.560732596476449	0.566787902272493	0.205318695289728	0.501249797585145	0.624268760733528	0.541928248783274	0.520637187041721	0.665098080086276	0.603879404873207	0.273128222832629	0.630956740386255	0.517354504545317	0.664255203928637	0.601904677840109	0.599003448887077	0.213127581686561	0.142806976337193	0.587684844305995	0.115863779755825	0.489383096339388	0.143201326636718	0.56052929283911	0.633113116705546	0.565449211336324	0.49408535187354	0.626068122253084
ZB_27	0.335516459968901	0.502381935170572	0.568358239030578	0.467154982514362	0.620258322571908	0.153806401976256	0.550678869718813	0.527803046678048	0.422920444180873	0.514189448441247	0.457376661103385	0.0873232584972816	0.144580994322443	0.585059645188182	0.590791074850845	0.5493083270083	0.13884620019626	0.465513378514085	0.188292334341913	0.655277683068437	0.496699726194098	0.538886703765211	0.549426866716596	0.682947062186014	0.117934249709471	0.1464659044437	0	0.486291408564503	0.527326609510104	0.129224609773201	0.459891535881302	0.237418502041172	0.227361086509898	0.198719262121107	0.636463076648907	0.620261884442185	0.439226882126263	0.20866688787245	0.54689295479457	0.548078006023064	0.186603563247761	0.504488151806403	0.569005981122518	0.4317659408657	0.594359323200277	0.602667682659595	0.49791302154565	0.146564757884696	0.680584624445049	0.536531351761624	0.70288870560938	0.650236281595003	0.492323652982405	0.280340962739686	0.138006848204231	0.568863408961843	0.23885248051813	0.492834830073805	0.113525197389325	0.478818891854173	0.660692761723458	0.500071314763863	0.491346130303846	0.64464462990437
ZB_28	0.343997903536811	0.534206835867682	0.475908100843046	0.344711324119483	0.530543740615416	0.593783809796593	0.338785746511125	0.430062553402462	0.357096271701693	0.348933371285263	0.278169556767648	0.458480977065211	0.557528322845284	0.506515677755023	0.380082240960072	0.310071981746135	0.479155534421311	0.394620469266928	0.615355843025332	0.491847555717697	0.291138304040949	0.32828650133264	0.394283304257807	0.554640077708968	0.502322059447535	0.592907781774705	0.486291408564503	0	0.362791434426635	0.53859929703023	0.260234422559453	0.647077446442632	0.56442467930553	0.622288534112688	0.447712202509644	0.603656252717191	0.345539133071482	0.593521077283372	0.30512301559607	0.341987803723117	0.478419928524604	0.399347216815163	0.366376281871619	0.204323422147508	0.472402801846849	0.420223355606862	0.123339018726309	0.415302098344522	0.611565873468275	0.402073784686471	0.557593035784094	0.471122614505621	0.0790483673905046	0.539206307720237	0.569275580688411	0.366622059356904	0.643162989317279	0.417666189907897	0.543488535639753	0.239423155486559	0.526585607523033	0.362027288043457	0.39190092444337	0.513789046378258
ZB_29	0.55587702858271	0.511830023334947	0.529825340567534	0.348124579879005	0.449460090811581	0.589279138307673	0.346842268517886	0.417795137458272	0.486905421015577	0.505668983257855	0.357321803856943	0.506333614769858	0.600034377387319	0.434011514441842	0.402788559599373	0.378290423106686	0.543433559231186	0.375777648325777	0.619135500871816	0.42879857147355	0.528387400328644	0.160413620850643	0.382179061657854	0.569173272619831	0.536244523057664	0.592473905336709	0.527326609510104	0.362791434426635	0	0.536860263585275	0.223430897509454	0.59483234939819	0.599321832787889	0.582621118504151	0.417440445769128	0.571766460912641	0.274347717199927	0.589308429660563	0.52877417544067	0.365832456324984	0.498360400142836	0.439246231155779	0.375352531606793	0.38785841643495	0.467736442015071	0.430895704737645	0.426420776759976	0.487514116512877	0.598046384902635	0.411829854142793	0.606138004506645	0.518839269262405	0.382464928867725	0.576466559117496	0.526475324543635	0.49283223556761	0.604093276408637	0.429316864081902	0.540995787502925	0.317134371780108	0.42737657679856	0.0915778851474835	0.400692414157751	0.444433499963062
ZB_30	0.367577177193324	0.52304472320385	0.522789844682445	0.421307000623946	0.614014619893224	0.126155506305556	0.515314698551556	0.471920855403061	0.472173074285611	0.535563900314761	0.465641729924659	0.14837808758556	0.236809369969771	0.494390135460961	0.610458900269204	0.596945107831391	0.118092846883338	0.372366149734917	0.103659801078589	0.656260307121852	0.53990390555133	0.541449150191136	0.545066730764828	0.655220644324726	0.0603962337504831	0.104311711310787	0.129224609773201	0.53859929703023	0.536860263585275	0	0.499535288327267	0.152342212765068	0.159220045859653	0.114269754937157	0.654906276798517	0.562094718432384	0.407286032859353	0.116929045873546	0.572720873849683	0.595805983970657	0.126042740040878	0.525304984828684	0.544062557735444	0.494020449823577	0.513055561935825	0.584914599714142	0.549579090899817	0.231033587718771	0.619638041976431	0.550905530229421	0.651279615803558	0.592031573566432	0.549861321587701	0.243364408089743	0.0461233601376318	0.620439395776967	0.130521493936238	0.541499474619295	0.0480994647875422	0.505854047314497	0.662963517596923	0.51032992852574	0.52894489847309	0.656491713188202
ZB_31	0.495102831186968	0.452417906221518	0.516526277771952	0.306857432499517	0.476923016992201	0.554365140718044	0.341858150344311	0.403315804543518	0.434134801986161	0.422979191604963	0.343585766600657	0.412643286232805	0.529962841245068	0.471026849034862	0.435648753347787	0.230837119532503	0.489762643577787	0.440744187804429	0.590912851924099	0.464292010544916	0.436307892182057	0.303045160979178	0.241368087510439	0.552107773214109	0.477044314881107	0.553670465857406	0.459891535881302	0.260234422559453	0.223430897509454	0.499535288327267	0	0.595618032638562	0.538420632489805	0.5838906582046	0.419905023638795	0.547634548611111	0.318775709625053	0.548747080160283	0.424273476933148	0.271508989471	0.434857339724085	0.2676624398912	0.368765435099205	0.350741690280214	0.448969265070973	0.42121424877605	0.342603257557959	0.384983304629011	0.587247798578959	0.376924942991606	0.587624860660767	0.505023003718409	0.279936863353976	0.511441369179051	0.530116581059798	0.333598937033296	0.60446910460709	0.358191692277042	0.506227267336696	0.236161882762572	0.498931721480616	0.187553305236706	0.264381500569436	0.486250083772845
ZB_32	0.429001664583469	0.48649147930126	0.590055962428663	0.519853825559496	0.557871281351185	0.126819443001914	0.608363923598525	0.48081679550371	0.474501553453079	0.516804473185547	0.53255062172097	0.238961045115445	0.210542377375387	0.474063194987126	0.597652312817935	0.612520656286909	0.265583310668198	0.454644060541871	0.0800204104773784	0.63063700331346	0.533548642235697	0.59975161030195	0.566734062109427	0.647627408636809	0.18934346386129	0.138856236292535	0.237418502041172	0.647077446442632	0.59483234939819	0.152342212765068	0.595618032638562	0	0.155317886932345	0.101024263496805	0.638241389011059	0.542328567858356	0.481883339817989	0.0949443598275674	0.558692032777124	0.611260591440586	0.23208662991416	0.533274488513976	0.638310307492677	0.588771256604294	0.531835612428122	0.647761533648103	0.622389416836807	0.316908846215888	0.618591642405828	0.561879626649501	0.643171230287146	0.604218910973189	0.622688111935088	0.207206150606002	0.131488614185041	0.599217498316577	0.0250963292095798	0.551063295243729	0.138820124471785	0.602959194081612	0.608820947364403	0.56639197785897	0.537391901706125	0.613178591074163
ZB_33	0.380839316875018	0.4427021866952	0.523089335988464	0.450260100760406	0.563999779704489	0.143397584723647	0.543006942948955	0.422585755640272	0.395040646959284	0.435387851227098	0.462667415583953	0.26599439225876	0.210764640424569	0.472928020473814	0.588985811146788	0.536480758383476	0.234944874233493	0.440349010733361	0.0917487662078902	0.607036081257573	0.45323739135976	0.604088537961206	0.505885711663854	0.577378515436463	0.142767628832731	0.153745073834562	0.227361086509898	0.56442467930553	0.599321832787889	0.159220045859653	0.538420632489805	0.155317886932345	0	0.159886635626422	0.605501880379538	0.469911225460125	0.476347474147907	0.138202866927296	0.478374324033716	0.535189460957205	0.192138805596042	0.455270356565123	0.573520547928725	0.491965941083568	0.475775287658104	0.590297328847078	0.548673273362594	0.327428454399941	0.548326124803138	0.523070538246174	0.572830569729281	0.534505431968377	0.548979313413281	0.135548635643806	0.2042545426106	0.53357932998694	0.146576341844711	0.478209011857708	0.161369832361416	0.557064201597986	0.619291330322628	0.571763451803582	0.488354165870316	0.623398275801529
ZB_34	0.431194205827859	0.507262445536294	0.619606278175528	0.500576110319095	0.575168016763346	0.0649420874207112	0.612171715292879	0.448871893495906	0.478503447192795	0.545549578796318	0.536946153075709	0.25073543453155	0.194567993202992	0.456300972694602	0.571254439986712	0.599577850565866	0.195235440019997	0.424907308770405	0.0849215682463165	0.654722471154575	0.53877455842855	0.587362819926901	0.544269612439444	0.675138087184505	0.17129427368638	0.0824753822557321	0.198719262121107	0.622288534112688	0.582621118504151	0.114269754937157	0.5838906582046	0.101024263496805	0.159886635626422	0	0.653268236659884	0.57686713728342	0.460711416345793	0.119778272975116	0.573755933833453	0.598363597041813	0.215138973564879	0.523212781921275	0.64076349973452	0.584070435554911	0.512913238301161	0.681393752261652	0.633313075581898	0.313469356167689	0.637589616130784	0.550491360751375	0.670979324598776	0.608457944707715	0.633596456486805	0.226472724674613	0.097615433870088	0.624621678472916	0.0774298015489475	0.529311831137306	0.144487674207156	0.590885611505792	0.629043262719444	0.555207294999082	0.527073322003438	0.621920118570005
