ZB_1	ZB_2	ZB_3	ZB_4	ZB_5	ZB_6	ZB_7	ZB_8	ZB_9	ZB_10	ZB_11	ZB_12	ZB_13	ZB_14	ZB_15	ZB_16	ZB_17	ZB_18	ZB_19	ZB_20	ZB_21	ZB_22	ZB_23	ZB_24	ZB_25	ZB_26	ZB_27	ZB_28	ZB_29	ZB_30	ZB_31	ZB_32	ZB_33	ZB_34	ZB_35	ZB_36	ZB_37	ZB_38	ZB_39	ZB_40	ZB_41	ZB_42	ZB_43	ZB_44	ZB_45	ZB_46	ZB_47	ZB_48	ZB_49	ZB_50	ZB_51	ZB_52	ZB_53	ZB_54	ZB_55	ZB_56	ZB_57	ZB_58	ZB_59	ZB_60	ZB_61	ZB_62	ZB_63	ZB_64
ZB_1	0	0.433929372169067	0.60765869461992	0.507366404154809	0.364102194367053	0.673065319895417	0.348087498369609	0.429880904271757	0.37688931753199	0.41523553203899	0.39954251626133	0.592766553473978	0.653463838214571	0.459151421822347	0.542357904753582	0.37688931753199	0.582777543973088	0.644874364065964	0.636298609536105	0.978529320508843	0.346233679971771	0.664570715083953	0.574114764358862	0.459293335889081	0.545095044305188	0.637018135656554	0.469093836062956	0.546834627490722	0.642430061834328	0.671936986634628	0.588771947871595	0.641555968147042	0.478989852937738	0.640803181093614	0.363458458432683	0.34001235277831	0.650456252277918	0.632328082448879	0.346233679971771	0.37536918547783	0.552302972910349	0.342198452013892	0.450715899576309	0.203997758266393	0.486559198678486	0.648028772400926	0.211600994174452	0.560597318386636	0.347330072178702	0.634875832786532	0.620277246770325	0.450715899576309	0.478679342569533	0.515965886552955	0.6732596402389	0.462466250377891	0.632328082448879	0.351347457097984	0.637260143033462	0.404054574060273	0.50526061005567	0.348491607231464	0.37688931753199	0.520648473830847
ZB_2	0.433929372169067	0	0.704087347891315	0.60094449761772	0.363374383075566	0.7727757279511	0.470026218940177	0.353041215197701	0.281808035714286	0.559697018315699	0.116927486829873	0.712065041001644	0.709855653246127	0.37362680323703	0.278754176392512	0.281808035714286	0.651063671040728	0.628878246345321	0.756718573649774	0.975236301198593	0.254171345200718	0.566349439310203	0.559822639158635	0.552531281823773	0.7177557604668	0.737330848212809	0.61785153702257	0.544144941780419	0.578336981266147	0.775481095968809	0.578208944742048	0.751535572071128	0.687989406312072	0.754123337171057	0.199715738746141	0.462506769712671	0.587212572729029	0.753957167601912	0.254171345200718	0.314904942965779	0.704878092984359	0.268857969201907	0.566769329890617	0.376414942026992	0.410570179299821	0.737488724250625	0.436978328708253	0.697739801863113	0.390475355019815	0.578031070508901	0.693844747598434	0.566769329890617	0.617379435850773	0.678178487480274	0.764548943482838	0.604388434078649	0.753957167601912	0.326706774784201	0.760499141420813	0.25417554897862	0.219290061019412	0.410404948679895	0.281808035714286	0.199541148483335
ZB_3	0.60765869461992	0.704087347891315	0	0.315246212121212	0.802665673774323	0.574212406625528	0.404993558885348	0.650909187070074	0.689264545996563	0.624756210366771	0.694340095993239	0.523771441436793	0.776254917674486	0.670934110794882	0.784479377632044	0.689264545996563	0.336185909258576	0.286447951137602	0.623737501623881	0.982172158410572	0.655590209505729	0.464857495593158	0.386139655595693	0.375449022129584	0.556207198018359	0.704215994073282	0.679720217957179	0.374200117735033	0.440049621781212	0.51363124008941	0.352005305394987	0.624293602687598	0.532426280494685	0.659056116114517	0.680906817802967	0.414851854363008	0.408438366669642	0.61612781695086	0.655590209505729	0.696305875387564	0.378093146000964	0.679140703216046	0.3513570446583	0.684872359564503	0.60082704455529	0.123610134962251	0.669629580576609	0.490087644244159	0.451808634772462	0.713778265594199	0.0370859018138277	0.3513570446583	0.386123730829039	0.585152711257667	0.529722992229241	0.392414253319575	0.61612781695086	0.662785491793649	0.624716407501444	0.707045908883667	0.784810753355472	0.755547409579668	0.689264545996563	0.782667111185198
ZB_4	0.507366404154809	0.60094449761772	0.315246212121212	0	0.570440368975877	0.417756465132249	0.54444404082967	0.592780905110667	0.654981808897683	0.514151096381954	0.629666767953003	0.401107579119934	0.632975099996756	0.545293574033706	0.669909228804361	0.654981808897683	0.327705988022274	0.208675869566676	0.562762249230359	0.982828645976087	0.655413286632412	0.325597613420635	0.351563796514968	0.625583455522972	0.537071168835885	0.559837417612628	0.561743335055236	0.339681235308732	0.300393725523048	0.429274072502117	0.35534516642231	0.566868346340873	0.485193287391336	0.569734436694538	0.637098479686068	0.553246879048761	0.265190154705721	0.558501951701943	0.655413286632412	0.662807380884059	0.283344164334334	0.64517209984573	0.605669599217986	0.564842136567152	0.526015765482499	0.386742356883934	0.589257198462997	0.411519088188964	0.539253757061799	0.639232778211173	0.339193590931119	0.605669599217986	0.249118310270428	0.487633524480863	0.382847684758629	0.253886572939253	0.558501951701943	0.628618467053992	0.568616948865069	0.648729704350426	0.666981308180797	0.513065392816081	0.654981808897683	0.663439325390752
ZB_5	0.364102194367053	0.363374383075566	0.802665673774323	0.570440368975877	0	0.688470188141078	0.619249814047391	0.436998707879553	0.446788717066578	0.49347309355882	0.359795479009688	0.657327287158168	0.574389365463951	0.415930023535516	0.314460347152738	0.446788717066578	0.715795454545455	0.652057746021667	0.677187841462203	0.976569770192899	0.444816986253827	0.560387605633803	0.644526403645305	0.715028239696445	0.685110219901488	0.632328838067438	0.541030282530396	0.635714125652651	0.582102277595928	0.70916458925425	0.658280687551501	0.669967248076777	0.65149199710448	0.67357421875	0.391845476999074	0.614484845094183	0.608150223378949	0.673342714982158	0.444816986253827	0.443261014743403	0.67299654805118	0.442783938028072	0.722924237594305	0.274942052877524	0.483587486072576	0.823102577113969	0.347668991820143	0.655031182272546	0.578255051518801	0.572030310077179	0.796483439635606	0.722924237594305	0.56129416926348	0.659340962512553	0.694390635242093	0.546059141015742	0.673342714982158	0.477477328116451	0.682445197224846	0.42812817535201	0.219369502757125	0.127503863103073	0.446788717066578	0.243283259569905
ZB_6	0.673065319895417	0.7727757279511	0.574212406625528	0.417756465132249	0.688470188141078	0	0.724250509990724	0.728575508864859	0.757594178828517	0.573463897212946	0.767818827475709	0.256701825539197	0.334500177021158	0.715486510084273	0.734036251039193	0.757594178828517	0.39330131315599	0.470000210549464	0.256594857026822	0.989665317582401	0.795237344195371	0.517632680695152	0.539499823364516	0.789866839883079	0.338867876981498	0.176418902288949	0.466152512123617	0.542412398309322	0.512400420494449	0.0664283170515408	0.550538250729907	0.28010591650908	0.402106947885379	0.212300124171595	0.780931638882775	0.73042346742746	0.511397220688431	0.271679066535996	0.795237344195371	0.740912448443084	0.296401754095936	0.753081397991183	0.776028631654026	0.732584053926174	0.678036017798827	0.493197647143733	0.705595991525405	0.338256285500968	0.730840702772474	0.521273274749585	0.591561738315966	0.776028631654026	0.503349219347214	0.331072557968412	0.0753433772159118	0.512305508506539	0.271679066535996	0.734567334822883	0.248061801500867	0.754452781347232	0.756810328062591	0.672286456224884	0.757594178828517	0.764260176223316
ZB_7	0.348087498369609	0.470026218940177	0.404993558885348	0.54444404082967	0.619249814047391	0.724250509990724	0	0.396439806498826	0.463508426687369	0.575704711548176	0.437192408534385	0.68953596908024	0.762539563043743	0.425227382887121	0.59610932255634	0.463508426687369	0.536739210623386	0.517801323029285	0.586437618092016	0.975868778982227	0.36977694628002	0.698175864368287	0.624597717848221	0.154626901509202	0.506335388579335	0.680653432770881	0.647436324023413	0.599109032186212	0.671402993672895	0.663669343454606	0.590785488470807	0.586544505461816	0.473740844874866	0.628047853259312	0.436576624251317	0.0145467642453741	0.655357744892983	0.577069424433448	0.36977694628002	0.460454654138734	0.553732151820725	0.43136334503832	0.122016737783069	0.445769564088915	0.324442353567321	0.47315733389365	0.434324991039238	0.667436136125838	0.105987058908426	0.684045853709839	0.439012814428097	0.122016737783069	0.60163429581974	0.540878016295017	0.682673435515248	0.61077711115093	0.577069424433448	0.427400899243451	0.588009847326128	0.488680165013225	0.569042407331682	0.56889597279779	0.463508426687369	0.583417121689558
ZB_8	0.429880904271757	0.353041215197701	0.650909187070074	0.592780905110667	0.436998707879553	0.728575508864859	0.396439806498826	0	0.463207578454022	0.683919856620881	0.380287426184291	0.761319203407551	0.727583603359864	0.149191301416512	0.351526607158473	0.463207578454022	0.618038873782146	0.512489761709747	0.656843180025061	0.964927331816232	0.510597052041416	0.590821887574065	0.648110374012253	0.501339578179543	0.675854287556415	0.685285604518778	0.69089551852953	0.654071227334086	0.54188808339417	0.702898766166196	0.644820415411828	0.658046845328358	0.624518127852801	0.669608340285389	0.437417443147335	0.387982460367176	0.510530702973048	0.647892126558346	0.510597052041416	0.483948439475893	0.673279258164253	0.483536818819926	0.490923114003374	0.57624323451401	0.17326586230119	0.690015498051003	0.564621045980002	0.756361205007243	0.361106989167532	0.565707909218582	0.665419570690563	0.490923114003374	0.700789182915354	0.659990001128905	0.685811249597129	0.712042964268494	0.647892126558346	0.44388510192397	0.657635753467121	0.446135597666475	0.327187595619472	0.336865652640449	0.463207578454022	0.312571341325985
ZB_9	0.37688931753199	0.281808035714286	0.689264545996563	0.654981808897683	0.446788717066578	0.757594178828517	0.463508426687369	0.463207578454022	0	0.514166598544919	0.222938506647387	0.647789920608273	0.721539919420632	0.444612182346348	0.257761575634974	0	0.637000418185077	0.672223872134777	0.781542786527696	0.979131546414925	0.194890169808381	0.606740451443046	0.403556208295838	0.540393584562204	0.684096764846387	0.717972259216458	0.532112962809754	0.485433302580091	0.610545943019829	0.772488777410569	0.429482650815692	0.777193903042202	0.651491501408272	0.75152068435882	0.109888623990321	0.456373199176766	0.618053616582837	0.779224300925465	0.194890169808381	0.0492059518090225	0.632258841202503	0.048239939852476	0.554101660795169	0.320959513730598	0.504684193079532	0.722973894851737	0.366040463941829	0.654914194788381	0.388765452924308	0.534978433832248	0.678993965903402	0.554101660795169	0.576039890714281	0.649809658677895	0.786374501287925	0.562059716450025	0.779224300925465	0.0666741944697216	0.757689904179975	0.0396897128420453	0.341121788394668	0.482649376231123	0	0.327110984592392
ZB_10	0.41523553203899	0.559697018315699	0.624756210366771	0.514151096381954	0.49347309355882	0.573463897212946	0.575704711548176	0.683919856620881	0.514166598544919	0	0.530880825515314	0.397040228539315	0.384805077062557	0.67677238980071	0.645023366401574	0.514166598544919	0.540552034238041	0.652756311179804	0.522579753824269	0.986787451859363	0.435063158885964	0.583902634274743	0.504474214566634	0.650171653277596	0.404755429609525	0.504034615834405	0.1944121370944	0.477215065071645	0.599562570388627	0.59958457253458	0.5211909803625	0.512694226098765	0.385749248919176	0.51762841640235	0.492931890703001	0.571508254484358	0.619126422149733	0.517311487792071	0.435063158885964	0.510524455299184	0.470181648105778	0.485056813537154	0.657852018994376	0.31215332116641	0.700484244751133	0.59569276273223	0.363496792504502	0.32661688462665	0.58135893779165	0.452219103587405	0.613962927187207	0.657852018994376	0.368370246679831	0.382241403668174	0.580907206399899	0.348624301846722	0.517311487792071	0.533313963988724	0.529797736727654	0.53696149758849	0.612148055782861	0.536199868186589	0.514166598544919	0.625084968848364
ZB_11	0.39954251626133	0.116927486829873	0.694340095993239	0.629666767953003	0.359795479009688	0.767818827475709	0.437192408534385	0.380287426184291	0.222938506647387	0.530880825515314	0	0.678889838538353	0.703653836611145	0.400295697415455	0.314445435364236	0.222938506647387	0.639544144066279	0.62317953426684	0.751367401156431	0.976569215845551	0.20535963325061	0.560381661498522	0.525151868442045	0.540115025875855	0.685118294619546	0.731928442224217	0.572241299033873	0.516426166523842	0.572426882926408	0.770767529131174	0.545075462159186	0.746124448486879	0.651500933894564	0.74874186688004	0.133357224449571	0.429207101977488	0.598965416544992	0.748573776450323	0.20535963325061	0.225157159033228	0.673004399337351	0.224400062534198	0.554537800976595	0.335603618902968	0.433271260086903	0.728539473414189	0.40013065402598	0.677957995907412	0.380231730866958	0.572024676623901	0.683868038224259	0.554537800976595	0.592338342774957	0.659349239105245	0.759705376643896	0.578497128246371	0.748573776450323	0.271866767030486	0.75519310663179	0.192802753729008	0.219350759528116	0.434473147478034	0.222938506647387	0.243265090519104
ZB_12	0.592766553473978	0.712065041001644	0.523771441436793	0.401107579119934	0.657327287158168	0.256701825539197	0.68953596908024	0.761319203407551	0.647789920608273	0.397040228539315	0.678889838538353	0	0.356500728795976	0.75765583393928	0.743426707008549	0.647789920608273	0.309532818000727	0.498849209659769	0.441751443407293	0.991763694832557	0.664320483965609	0.472264633853409	0.390354392539561	0.742809169395653	0.337760976305629	0.399918473718079	0.254425734324973	0.355947781996971	0.478066642058268	0.302373698771705	0.407529722589168	0.45112445160752	0.369605224102107	0.436815578313598	0.656980390633239	0.687404070028289	0.49681429517435	0.455503882723243	0.664320483965609	0.628099039284283	0.274747662898588	0.643687640918804	0.746741276847235	0.5888110501073	0.738070452415018	0.434265022490936	0.571373147035526	0.132775546872463	0.673979077690868	0.561414698378734	0.512293477503789	0.746741276847235	0.320268068659956	0.344858665612081	0.269718455879701	0.323332442610351	0.455503882723243	0.652506282237799	0.463169926611189	0.662891136937191	0.733394757144681	0.678841494457224	0.647789920608273	0.741686971676592
ZB_13	0.653463838214571	0.709855653246127	0.776254917674486	0.632975099996756	0.574389365463951	0.334500177021158	0.762539563043743	0.727583603359864	0.721539919420632	0.384805077062557	0.703653836611145	0.356500728795976	0	0.722290995856478	0.689385056405123	0.721539919420632	0.589499979425014	0.69114718271383	0.246954470819909	0.988946062290483	0.70466990851397	0.637845162776005	0.679965745328073	0.824159017282259	0.265840053689503	0.214569251910463	0.266081861859329	0.650326466972824	0.649766164353055	0.378708210259741	0.688720029434008	0.257778219565187	0.344834400772676	0.238333304797941	0.71646130824719	0.76069488002821	0.665825273080617	0.265420161453532	0.70466990851397	0.698721649743326	0.519611599994526	0.715850024471387	0.827197637615773	0.614304788593093	0.739977358785182	0.689364618242751	0.592858105982291	0.391633007588755	0.768541560305678	0.404575801430834	0.771023562606449	0.827197637615773	0.579276549623355	0.338043714169256	0.34714762310078	0.585629778462735	0.265420161453532	0.725016339170642	0.279932444658906	0.716580170224997	0.674106330808577	0.606496774393969	0.721539919420632	0.684976607804189
ZB_14	0.459151421822347	0.37362680323703	0.670934110794882	0.545293574033706	0.415930023535516	0.715486510084273	0.425227382887121	0.149191301416512	0.444612182346348	0.67677238980071	0.400295697415455	0.75765583393928	0.722290995856478	0	0.323978822621928	0.444612182346348	0.636772325510515	0.480134113023434	0.668605559132567	0.963311404342701	0.493246643804352	0.580023176182552	0.64021352181338	0.551549771029164	0.686889772446958	0.663365662753105	0.684723494861467	0.646442547460003	0.529797948994973	0.716753381893861	0.637057641451914	0.674841081284878	0.642427216611877	0.67724209861803	0.41638067255938	0.439046179872456	0.497518398083176	0.664686362514866	0.493246643804352	0.466785251553682	0.655891212578807	0.466345784019605	0.520125331405158	0.563296820785928	0.138898712457595	0.707797163387029	0.59961993184666	0.769741722928505	0.413886423702201	0.586463540291746	0.69841733593182	0.520125331405158	0.694725715107663	0.641309025900217	0.68666950233943	0.706122712170422	0.664686362514866	0.399075903094703	0.673965254659892	0.42631675319996	0.296877440080908	0.311583120928915	0.444612182346348	0.280898961858767
ZB_15	0.542357904753582	0.278754176392512	0.784479377632044	0.669909228804361	0.314460347152738	0.734036251039193	0.59610932255634	0.351526607158473	0.257761575634974	0.645023366401574	0.314445435364236	0.743426707008549	0.689385056405123	0.323978822621928	0	0.257761575634974	0.705105380685816	0.634890036017134	0.756057105621705	0.955135597634017	0.410599181850977	0.531074737942943	0.554958916109686	0.679956845110226	0.761902759526938	0.686201033153114	0.659717854896804	0.626748303509042	0.55597520196763	0.749723593585975	0.574159671485047	0.7507353082792	0.737144614563295	0.722193080357143	0.3150810955689	0.590673695025385	0.565779042951859	0.753222414713606	0.410599181850977	0.293831863138198	0.718599435230815	0.293123285838518	0.689616059482308	0.503272585428534	0.411503290317067	0.808031841023952	0.533339293038714	0.746418141605564	0.529534629499492	0.477791395277583	0.777294998920391	0.689616059482308	0.690347796857455	0.738629327101697	0.764124435764512	0.680109791057127	0.753222414713606	0.293423706397752	0.729742787965647	0.227500347245067	0.144427754452005	0.348251710430244	0.257761575634974	0.120652133477177
ZB_16	0.37688931753199	0.281808035714286	0.689264545996563	0.654981808897683	0.446788717066578	0.757594178828517	0.463508426687369	0.463207578454022	0	0.514166598544919	0.222938506647387	0.647789920608273	0.721539919420632	0.444612182346348	0.257761575634974	0	0.637000418185077	0.672223872134777	0.781542786527696	0.979131546414925	0.194890169808381	0.606740451443046	0.403556208295838	0.540393584562204	0.684096764846387	0.717972259216458	0.532112962809754	0.485433302580091	0.610545943019829	0.772488777410569	0.429482650815692	0.777193903042202	0.651491501408272	0.75152068435882	0.109888623990321	0.456373199176766	0.618053616582837	0.779224300925465	0.194890169808381	0.0492059518090225	0.632258841202503	0.048239939852476	0.554101660795169	0.320959513730598	0.504684193079532	0.722973894851737	0.366040463941829	0.654914194788381	0.388765452924308	0.534978433832248	0.678993965903402	0.554101660795169	0.576039890714281	0.649809658677895	0.786374501287925	0.562059716450025	0.779224300925465	0.0666741944697216	0.757689904179975	0.0396897128420453	0.341121788394668	0.482649376231123	0	0.327110984592392
ZB_17	0.582777543973088	0.651063671040728	0.336185909258576	0.327705988022274	0.715795454545455	0.39330131315599	0.536739210623386	0.618038873782146	0.637000418185077	0.540552034238041	0.639544144066279	0.309532818000727	0.589499979425014	0.636772325510515	0.705105380685816	0.637000418185077	0	0.331966551986086	0.532805043562016	0.984724025459958	0.63506148427362	0.384195193008012	0.353013919588984	0.59852389776561	0.47184657327179	0.520545812309886	0.466090285666204	0.281733918309337	0.374413518515057	0.39382577985783	0.356527586912663	0.532233401294211	0.453575273468289	0.543178831406524	0.637879256009393	0.532884911393274	0.3797118659189	0.524115769878557	0.63506148427362	0.632774343486775	0.332625347024785	0.615726745922695	0.60595011775388	0.66355427692483	0.590593204531917	0.227894901115115	0.654019361897289	0.304709322740065	0.53209851649143	0.563635958969851	0.344793222286042	0.60595011775388	0.389163045002103	0.451380467066033	0.379960608004936	0.394978516655977	0.524115769878557	0.624292001982394	0.534701607346383	0.630850873169443	0.691127014788309	0.681276223776224	0.637000418185077	0.700588999018335
ZB_18	0.644874364065964	0.628878246345321	0.286447951137602	0.208675869566676	0.652057746021667	0.470000210549464	0.517801323029285	0.512489761709747	0.672223872134777	0.652756311179804	0.62317953426684	0.498849209659769	0.69114718271383	0.480134113023434	0.634890036017134	0.672223872134777	0.331966551986086	0	0.577479500949713	0.980926850676694	0.690380401346578	0.231123552413599	0.351369502416372	0.618979349352396	0.595678330375834	0.613274441868463	0.661154197373667	0.34519256575416	0.18554014890025	0.439029856719763	0.31523866735063	0.581880980825871	0.575012270540885	0.608322896268259	0.666420880314983	0.52731980190566	0.166158602883904	0.573215362959984	0.690380401346578	0.666954982767568	0.338081616736848	0.666788707454917	0.597641328790125	0.717174555465751	0.435754944003949	0.365687449807377	0.73237433714243	0.537722434183515	0.526375689040341	0.584042995037833	0.311990242908192	0.597641328790125	0.412626118467591	0.577853244502923	0.419287957865068	0.419385470644463	0.573215362959984	0.64427703556356	0.583334680613713	0.665936333774743	0.614349935355309	0.609796989986837	0.672223872134777	0.626163900980939
ZB_19	0.636298609536105	0.756718573649774	0.623737501623881	0.562762249230359	0.677187841462203	0.256594857026822	0.586437618092016	0.656843180025061	0.781542786527696	0.522579753824269	0.751367401156431	0.441751443407293	0.246954470819909	0.668605559132567	0.756057105621705	0.781542786527696	0.532805043562016	0.577479500949713	0	0.986390335558352	0.770809934017126	0.706593810526911	0.739797356752924	0.665257424656975	0.143316310039434	0.130515210753348	0.428399257172455	0.7163815130693	0.687386262767261	0.196210103017838	0.716931646348235	0.0296738323851499	0.241962792399733	0.0604032755128995	0.779625128838103	0.593852712960862	0.675905389358996	0.0193777967664321	0.770809934017126	0.763641421277811	0.426872869554817	0.77646213081197	0.648634658683795	0.7006823432491	0.610496321766648	0.539703055537818	0.654658073627574	0.48594773045965	0.629833729453604	0.515984543594818	0.645833287460999	0.648634658683795	0.645962746635162	0.211010229571488	0.201438272564904	0.66572668352306	0.0193777967664321	0.756832403637384	0.0399409987443041	0.778501880698567	0.752819994922905	0.644498526538856	0.781542786527696	0.761064755030187
ZB_20	0.978529320508843	0.975236301198593	0.982172158410572	0.982828645976087	0.976569770192899	0.989665317582401	0.975868778982227	0.964927331816232	0.979131546414925	0.986787451859363	0.976569215845551	0.991763694832557	0.988946062290483	0.963311404342701	0.955135597634017	0.979131546414925	0.984724025459958	0.980926850676694	0.986390335558352	0	0.976759830724583	0.975193479546448	0.98748741792698	0.971454945679188	0.986731651502316	0.9878065613152	0.988972403169831	0.987733126339302	0.976581842189578	0.988771498599929	0.988027258036567	0.986078926484381	0.985280701058484	0.986234526683446	0.976592844706012	0.975512566053635	0.977126166451711	0.986224542245879	0.976759830724583	0.980145682972467	0.98737513183618	0.980125760920463	0.97251516964362	0.980863000727863	0.968407403041377	0.984375860315527	0.982850182985257	0.991078881782422	0.975107331571995	0.985317809383556	0.981485532693924	0.97251516964362	0.988597985938411	0.986637008063779	0.988201109447918	0.988192418666391	0.986224542245879	0.972544222185485	0.986616877604355	0.978280734843667	0.970108258209916	0.964735810988625	0.979131546414925	0.969181776689764
ZB_21	0.346233679971771	0.254171345200718	0.655590209505729	0.655413286632412	0.444816986253827	0.795237344195371	0.36977694628002	0.510597052041416	0.194890169808381	0.435063158885964	0.20535963325061	0.664320483965609	0.70466990851397	0.493246643804352	0.410599181850977	0.194890169808381	0.63506148427362	0.690380401346578	0.770809934017126	0.976759830724583	0	0.611985099839737	0.510263277162045	0.474662336856475	0.668615687532975	0.761907166625913	0.551513456215771	0.475809672802317	0.63043989455402	0.807776819319094	0.530953057423367	0.766064293735147	0.632828813952577	0.768432998058664	0.125634593561488	0.360473911035081	0.654027943697086	0.768280853507435	0	0.197925237458942	0.684514948075922	0.146650229955905	0.491793684063089	0.178687840621659	0.549199060842222	0.695045700820964	0.264894827435306	0.619581069941451	0.374946640918793	0.621871121879564	0.6434610187931	0.491793684063089	0.513031714434803	0.651005410017258	0.798810574567048	0.49558184693612	0.768280853507435	0.246145552560647	0.774274994393475	0.232665253290164	0.331205578450696	0.508522098428392	0.194890169808381	0.353513408588664
ZB_22	0.664570715083953	0.566349439310203	0.464857495593158	0.325597613420635	0.560387605633803	0.517632680695152	0.698175864368287	0.590821887574065	0.606740451443046	0.583902634274743	0.560381661498522	0.472264633853409	0.637845162776005	0.580023176182552	0.531074737942943	0.606740451443046	0.384195193008012	0.231123552413599	0.706593810526911	0.975193479546448	0.611985099839737	0	0.211309783761526	0.773826913929269	0.712764926784709	0.672526751752187	0.611998005239251	0.204730033815448	0.0559676495431906	0.547356856392029	0.24493200868059	0.701007758080433	0.686879050083359	0.703793656306347	0.579750920049069	0.695250474952505	0.104762394569019	0.703614578275399	0.611985099839737	0.601414718466122	0.491066544884494	0.601170250610272	0.778693990189412	0.653163233699861	0.61554505393711	0.524732998537099	0.675747188428669	0.458473611974615	0.669683025358657	0.505840962396913	0.446523251724974	0.778693990189412	0.312342194051973	0.691349357056359	0.524363339301263	0.288632231022899	0.703614578275399	0.615975225243295	0.710684064517028	0.597401767921925	0.498423880904019	0.589520431581771	0.606740451443046	0.513789113722264
ZB_23	0.574114764358862	0.559822639158635	0.386139655595693	0.351563796514968	0.644526403645305	0.539499823364516	0.624597717848221	0.648110374012253	0.403556208295838	0.504474214566634	0.525151868442045	0.390354392539561	0.679965745328073	0.64021352181338	0.554958916109686	0.403556208295838	0.353013919588984	0.351369502416372	0.739797356752924	0.98748741792698	0.510263277162045	0.211309783761526	0	0.682668889438793	0.653751525078697	0.682235285765649	0.520099179679343	0.107355327203894	0.229316117649418	0.567795205236132	0.043468375193874	0.735315012720435	0.623427496212306	0.712672714891374	0.469098595853779	0.621117992624066	0.244172922721177	0.737404784177469	0.510263277162045	0.421415630404348	0.383443731140556	0.421058052820238	0.689264545996563	0.559958536946542	0.666421667960351	0.452732740585774	0.576813459272133	0.383802234528542	0.580834088009572	0.520518527062879	0.365850043477115	0.689264545996563	0.236936718432335	0.623553379600576	0.576345473262847	0.211774545347363	0.737404784177469	0.427931082214424	0.718855993225031	0.427228891114997	0.603686037153779	0.659684054809904	0.403556208295838	0.598659524254206
ZB_24	0.459293335889081	0.552531281823773	0.375449022129584	0.625583455522972	0.715028239696445	0.789866839883079	0.154626901509202	0.501339578179543	0.540393584562204	0.650171653277596	0.540115025875855	0.742809169395653	0.824159017282259	0.551549771029164	0.679956845110226	0.540393584562204	0.59852389776561	0.618979349352396	0.665257424656975	0.971454945679188	0.474662336856475	0.773826913929269	0.682668889438793	0	0.577307139536996	0.745135515055858	0.712590460574819	0.669877106444925	0.760785583751648	0.729285673346961	0.647810005079382	0.666501980118626	0.563154454047925	0.705105161999586	0.517478498472459	0.142147929684922	0.73206615156117	0.657026899090258	0.474662336856475	0.555632560196605	0.6305445527332	0.527555466682788	0.0371421246047346	0.539878078605784	0.449313087490962	0.452649852794953	0.524099624500273	0.724126584086689	0.203744138952017	0.75904860740278	0.395289151225344	0.0371421246047346	0.669436399326802	0.621289137696014	0.749563422250209	0.679682943055236	0.657026899090258	0.522350928302236	0.665898971675079	0.566693861382403	0.676233945546472	0.645547641827008	0.540393584562204	0.671356839653556
ZB_25	0.545095044305188	0.7177557604668	0.556207198018359	0.537071168835885	0.685110219901488	0.338867876981498	0.506335388579335	0.675854287556415	0.684096764846387	0.404755429609525	0.685118294619546	0.337760976305629	0.265840053689503	0.686889772446958	0.761902759526938	0.684096764846387	0.47184657327179	0.595678330375834	0.143316310039434	0.986731651502316	0.668615687532975	0.712764926784709	0.653751525078697	0.577307139536996	0	0.234122032962205	0.30628072736641	0.628158910370426	0.693922570851363	0.30134296171135	0.629696287458517	0.170037032360149	0.135744739375602	0.184579397668476	0.684773773315748	0.502500414064295	0.682681746157321	0.160597259553808	0.668615687532975	0.665113437908701	0.335424261162095	0.679752690421403	0.570993463151365	0.594072438306691	0.630634119428876	0.469316898586624	0.556643481170103	0.383146532865401	0.538046300813648	0.527505201358488	0.569583612178106	0.570993463151365	0.551783603138993	0.163793300067663	0.288640104929423	0.572612475912979	0.160597259553808	0.668004383635464	0.17629827031629	0.698655347675247	0.758886227222566	0.65322315829139	0.684096764846387	0.766928646408096
ZB_26	0.637018135656554	0.737330848212809	0.704215994073282	0.559837417612628	0.632328838067438	0.176418902288949	0.680653432770881	0.685285604518778	0.717972259216458	0.504034615834405	0.731928442224217	0.399918473718079	0.214569251910463	0.663365662753105	0.686201033153114	0.717972259216458	0.520545812309886	0.613274441868463	0.130515210753348	0.9878065613152	0.761907166625913	0.672526751752187	0.682235285765649	0.745135515055858	0.234122032962205	0	0.378893624744117	0.683804329825341	0.667220940311809	0.208979542433913	0.679580264880074	0.158381093438084	0.306187900254742	0.0739927455357143	0.744706530367586	0.68776170187802	0.665088725843083	0.14855270783695	0.761907166625913	0.698563852643435	0.429618640749667	0.713162292082985	0.740276850948788	0.689055506532995	0.62003877641363	0.623201234591487	0.658275156159782	0.479800634345265	0.687993725551903	0.436434768014538	0.721931178355135	0.740276850948788	0.644554249171181	0.224122115740342	0.220875908939689	0.654578645916528	0.14855270783695	0.691181612189504	0.121007469895035	0.713710966497429	0.712984678038718	0.613921418663286	0.717972259216458	0.721777076792246
ZB_27	0.469093836062956	0.61785153702257	0.679720217957179	0.561743335055236	0.541030282530396	0.466152512123617	0.647436324023413	0.69089551852953	0.532112962809754	0.1944121370944	0.572241299033873	0.254425734324973	0.266081861859329	0.684723494861467	0.659717854896804	0.532112962809754	0.466090285666204	0.661154197373667	0.428399257172455	0.988972403169831	0.551513456215771	0.611998005239251	0.520099179679343	0.712590460574819	0.30628072736641	0.378893624744117	0	0.484554815263477	0.614636600863592	0.498954711334546	0.534749568713555	0.421986781514678	0.322427470375224	0.422545708867125	0.540565655514379	0.644444703815774	0.631874824858886	0.427376754960987	0.551513456215771	0.528628665152841	0.44888715923579	0.528378057468535	0.718011556144518	0.45062864377834	0.705323117777716	0.586087442928536	0.431531103384943	0.24022960465793	0.626934878557632	0.468735993928112	0.671636047166774	0.718011556144518	0.464016787690583	0.265053423610172	0.475501244095056	0.449640675853058	0.427376754960987	0.541857748173464	0.436935176773648	0.552173897403985	0.642913694602521	0.57554215339524	0.532112962809754	0.654020138793382
ZB_28	0.546834627490722	0.544144941780419	0.374200117735033	0.339681235308732	0.635714125652651	0.542412398309322	0.599109032186212	0.654071227334086	0.485433302580091	0.477215065071645	0.516426166523842	0.355947781996971	0.650326466972824	0.646442547460003	0.626748303509042	0.485433302580091	0.281733918309337	0.34519256575416	0.7163815130693	0.987733126339302	0.475809672802317	0.204730033815448	0.107355327203894	0.669877106444925	0.628158910370426	0.683804329825341	0.484554815263477	0	0.222844242354262	0.570280773113045	0.143807453179235	0.711443922124858	0.624970348890685	0.713904441793436	0.479604233931365	0.59536480631558	0.25804982184425	0.713746161050729	0.475809672802317	0.482369363592286	0.388432490931734	0.457111157064232	0.676725056878749	0.529471081664513	0.671783018039025	0.441968617881565	0.559093311122232	0.327457946550856	0.568058579061943	0.567038089232429	0.353558163231765	0.676725056878749	0.204823741007194	0.583259905667045	0.550351695956055	0.178372049804869	0.713746161050729	0.505185428792132	0.720006988001091	0.507611427480673	0.594169190826482	0.665411604839537	0.485433302580091	0.606601371367706
ZB_29	0.642430061834328	0.578336981266147	0.440049621781212	0.300393725523048	0.582102277595928	0.512400420494449	0.671402993672895	0.54188808339417	0.610545943019829	0.599562570388627	0.572426882926408	0.478066642058268	0.649766164353055	0.529797948994973	0.55597520196763	0.610545943019829	0.374413518515057	0.18554014890025	0.687386262767261	0.976581842189578	0.63043989455402	0.0559676495431906	0.229316117649418	0.760785583751648	0.693922570851363	0.667220940311809	0.614636600863592	0.222844242354262	0	0.529329421509785	0.23748416889114	0.681471069725708	0.666515927545284	0.684420948602583	0.600235923844798	0.668245192546009	0.0508593443174805	0.684231319714695	0.63043989455402	0.605343971868853	0.460894052127306	0.605110465093346	0.751242999433736	0.667983647691515	0.56956790492712	0.502231753162863	0.688736544381823	0.476184127290315	0.64215116871472	0.512620016392483	0.421032503485901	0.751242999433736	0.340650943564657	0.66418740311082	0.505569666403354	0.318883827299386	0.684231319714695	0.619329930840065	0.691718382986389	0.601637353983462	0.526495917356816	0.608727768623217	0.610545943019829	0.54100119420954
ZB_30	0.671936986634628	0.775481095968809	0.51363124008941	0.429274072502117	0.70916458925425	0.0664283170515408	0.663669343454606	0.702898766166196	0.772488777410569	0.59958457253458	0.770767529131174	0.302373698771705	0.378708210259741	0.716753381893861	0.749723593585975	0.772488777410569	0.39382577985783	0.439029856719763	0.196210103017838	0.988771498599929	0.807776819319094	0.547356856392029	0.567795205236132	0.729285673346961	0.30134296171135	0.208979542433913	0.498954711334546	0.570280773113045	0.529329421509785	0	0.544745029227175	0.214451023966946	0.378093726777641	0.1914518223129	0.794518672415592	0.669842300891343	0.5237904275939	0.206024173993862	0.807776819319094	0.756832054083731	0.271184130378296	0.768119436874598	0.715447465117908	0.748960358434937	0.668248504877017	0.432616480607616	0.710359507838618	0.367477351049083	0.676649960622985	0.542038991749076	0.534933037846512	0.715447465117908	0.533545808584796	0.330832242536841	0.0710657446133035	0.542171466828031	0.206024173993862	0.750876815260568	0.182406908958733	0.769723767019403	0.772965008693709	0.69182623798163	0.772488777410569	0.779919975978828
ZB_31	0.588771947871595	0.578208944742048	0.352005305394987	0.35534516642231	0.658280687551501	0.550538250729907	0.590785488470807	0.644820415411828	0.429482650815692	0.5211909803625	0.545075462159186	0.407529722589168	0.688720029434008	0.637057641451914	0.574159671485047	0.429482650815692	0.356527586912663	0.31523866735063	0.716931646348235	0.988027258036567	0.530953057423367	0.24493200868059	0.043468375193874	0.647810005079382	0.629696287458517	0.679580264880074	0.534749568713555	0.143807453179235	0.23748416889114	0.544745029227175	0	0.712055409389441	0.621618441589627	0.709648402023959	0.492176017280161	0.586992346751752	0.251777131123407	0.714328822750924	0.530953057423367	0.445844474416917	0.355425107889758	0.4455164630489	0.655130195795857	0.576734347959235	0.662855074600855	0.422301368928506	0.592085348794094	0.402057091625529	0.545449137024967	0.537323547128303	0.330587468050908	0.655130195795857	0.265003160729991	0.621841626309985	0.57544749247656	0.241686220854808	0.714328822750924	0.451824196744846	0.69584431328212	0.452126320576222	0.620706669554962	0.672311195367004	0.429482650815692	0.616105142634413
ZB_32	0.641555968147042	0.751535572071128	0.624293602687598	0.566868346340873	0.669967248076777	0.28010591650908	0.586544505461816	0.658046845328358	0.777193903042202	0.512694226098765	0.746124448486879	0.45112445160752	0.257778219565187	0.674841081284878	0.7507353082792	0.777193903042202	0.532233401294211	0.581880980825871	0.0296738323851499	0.986078926484381	0.766064293735147	0.701007758080433	0.735315012720435	0.666501980118626	0.170037032360149	0.158381093438084	0.421986781514678	0.711443922124858	0.681471069725708	0.214451023966946	0.712055409389441	0	0.242998788289403	0.0891297314784859	0.77508662202667	0.594066628211064	0.669772958319214	0.0104600957200133	0.766064293735147	0.772142748912641	0.433873124094557	0.772057818607414	0.649639284725797	0.694484631655916	0.616044621991079	0.539213828556397	0.647507377327449	0.481210724946886	0.617719142056037	0.510772564670779	0.635522210934199	0.649639284725797	0.656503054411138	0.211761316102747	0.225614969744804	0.6636621157656	0.0104600957200133	0.756039269957181	0.0386429336336953	0.774029843145243	0.74729112538542	0.650491698916084	0.777193903042202	0.755720302525086
ZB_33	0.478989852937738	0.687989406312072	0.532426280494685	0.485193287391336	0.65149199710448	0.402106947885379	0.473740844874866	0.624518127852801	0.651491501408272	0.385749248919176	0.651500933894564	0.369605224102107	0.344834400772676	0.642427216611877	0.737144614563295	0.651491501408272	0.453575273468289	0.575012270540885	0.241962792399733	0.985280701058484	0.632828813952577	0.686879050083359	0.623427496212306	0.563154454047925	0.135744739375602	0.306187900254742	0.322427470375224	0.624970348890685	0.666515927545284	0.378093726777641	0.621618441589627	0.242998788289403	0	0.254546530841256	0.651119630850991	0.482152568063221	0.654268582136165	0.233453635783247	0.632828813952577	0.64723854823935	0.365924179780661	0.647087953370825	0.54429749962396	0.550235485902485	0.592204816240894	0.438814404921338	0.500773466059108	0.405491279822475	0.515417285806191	0.523446671959033	0.552346126209483	0.54429749962396	0.527019593757928	0.179070935674061	0.34647693191818	0.533721972411026	0.233453635783247	0.622583041983216	0.247661849894965	0.667552716611852	0.733144469169564	0.6162006130638	0.651491501408272	0.742045512092966
ZB_34	0.640803181093614	0.754123337171057	0.659056116114517	0.569734436694538	0.67357421875	0.212300124171595	0.628047853259312	0.669608340285389	0.75152068435882	0.51762841640235	0.74874186688004	0.436815578313598	0.238333304797941	0.67724209861803	0.722193080357143	0.75152068435882	0.543178831406524	0.608322896268259	0.0604032755128995	0.986234526683446	0.768432998058664	0.703793656306347	0.712672714891374	0.705105161999586	0.184579397668476	0.0739927455357143	0.422545708867125	0.713904441793436	0.684420948602583	0.1914518223129	0.709648402023959	0.0891297314784859	0.254546530841256	0	0.777351815140786	0.635297138426945	0.672831172761426	0.0790869062176137	0.768432998058664	0.733028348811425	0.427414334230672	0.746586373679469	0.688854099410933	0.697578112276947	0.619029190168389	0.576649270505626	0.651076523793645	0.481352752582809	0.669683036707317	0.473727951952085	0.680723945164306	0.688854099410933	0.652888687402559	0.218146162111258	0.208147295090478	0.662738702368141	0.0790869062176137	0.725994547914272	0.0509406752244077	0.747946046478034	0.750053013392857	0.653153178056291	0.75152068435882	0.758390066964286
