ZB_1	ZB_2	ZB_3	ZB_4	ZB_5	ZB_6	ZB_7	ZB_8	ZB_9	ZB_10	ZB_11	ZB_12	ZB_13	ZB_14	ZB_15	ZB_16	ZB_17	ZB_18	ZB_19	ZB_20	ZB_21	ZB_22	ZB_23	ZB_24	ZB_25	ZB_26	ZB_27	ZB_28	ZB_29	ZB_30	ZB_31	ZB_32	ZB_33	ZB_34	ZB_35	ZB_36	ZB_37	ZB_38	ZB_39	ZB_40	ZB_41	ZB_42	ZB_43	ZB_44	ZB_45	ZB_46	ZB_47	ZB_48	ZB_49	ZB_50	ZB_51	ZB_52	ZB_53	ZB_54	ZB_55	ZB_56	ZB_57	ZB_58	ZB_59	ZB_60	ZB_61	ZB_62	ZB_63	ZB_64
ZB_1	0	0.44239444936522	0.341857602227659	0.406474190223835	0.564708145867866	0.480411441272577	0.397193939135745	0.416015949493271	0.426544928885708	0.299169627188289	0.452237487151612	0.42286746945312	0.472426441327024	0.334445546637809	0.310762391864002	0.532392292931683	0.363564068705175	0.291078042498022	0.493784007500775	0.878592031924353	0.295175099619589	0.567002008290071	0.512987426665199	0.380144972072088	0.39803030507955	0.482948330094364	0.388088313860867	0.536642845799587	0.411745100006148	0.484937871463982	0.532392292931683	0.451654644158548	0.37353255308837	0.485033452991214	0.455808971594236	0.350639242645531	0.405283159851415	0.449863892068649	0.262637470335809	0.476246116419046	0.393287018425279	0.465234503115776	0.406460833620982	0.288931286582857	0.414037334071594	0.286999524668448	0.371704113775342	0.41491588153653	0.403679482528195	0.568369796833634	0.370801470214401	0.355193172337072	0.344759228857497	0.389058216017396	0.490922145861114	0.239349099500264	0.454727158634008	0.503305496080321	0.502174315981579	0.44337127403489	0.564708145867866	0.34231076375252	0.524816791821225	0.564708145867866
ZB_2	0.44239444936522	0	0.460599389760137	0.38095011891529	0.245638598305557	0.484378697467974	0.465071496607266	0.297606918571171	0.284323510476314	0.440193455506147	0.292235944858713	0.449173223328196	0.471347364064611	0.390333388014688	0.350439165057277	0.367345449237282	0.395622821907011	0.455673467569246	0.498409347313933	0.684734746530061	0.492919506307076	0.373637307492646	0.402842151438588	0.465520295065361	0.57176269509288	0.487043698092079	0.514929376005722	0.619942335256595	0.336868072376573	0.489132638836083	0.367345449237282	0.478849152233688	0.491437533088048	0.489232972003827	0.218501558112765	0.559673611520982	0.366097154035637	0.485491073902107	0.508242926510874	0.468143943888515	0.49094956358737	0.308918246906923	0.399976999061313	0.403166628756787	0.270632374196591	0.529210662465019	0.402981981836137	0.544205236531292	0.550103747852697	0.254141169437934	0.430484492055684	0.464505729609332	0.529605584686256	0.523974513896518	0.495410221853185	0.452266345121531	0.476218127015436	0.394617595784038	0.511862517457537	0.303755843113013	0.245638598305557	0.524637108089492	0.391223361212643	0.245638598305557
ZB_3	0.341857602227659	0.460599389760137	0	0.380380517979318	0.529177631794825	0.583960561991619	0.106243854121059	0.386797137618417	0.330132029275915	0.473289597000937	0.408220847817254	0.583707640472496	0.634821413217314	0.303329595162676	0.37467195605737	0.527160716907405	0.427860646861261	0.466377653533677	0.565692585923494	0.897172149349571	0.357707201027974	0.466590613371044	0.458682146989806	0.0616466710256004	0.49983195671383	0.579155040670446	0.583304293085423	0.463357453700852	0.287390737067568	0.558103053937867	0.527160716907405	0.547042694704312	0.502176401711522	0.558185057996492	0.376707541365904	0.158992145185813	0.322568349561662	0.553141781959976	0.375063625823601	0.449931025422059	0.472950978197804	0.452862613496434	0.174580580629592	0.438345632967892	0.370280293120309	0.266775950685586	0.297878564212803	0.602631434479477	0.124746541790699	0.519773325370627	0.152383792176813	0.18914855023049	0.344081020307533	0.499109175711223	0.571314244018407	0.430489922270863	0.55702520537133	0.448990450852772	0.568080187886563	0.356958825679133	0.529177631794825	0.438031502869035	0.543104859390857	0.529177631794825
ZB_4	0.406474190223835	0.38095011891529	0.380380517979318	0	0.445350187452307	0.425703145152866	0.402008467756045	0.117676046279103	0.389301611944643	0.466739543996138	0.427668726344417	0.45575144739292	0.449517780726842	0.312132777582484	0.290952719574246	0.41149214406504	0.419966864411309	0.263126801410695	0.441330424395262	0.853266314986231	0.509287523347256	0.451969310899123	0.480246728674873	0.351587201214114	0.494050872307385	0.434987780174098	0.487901547960268	0.598913622592615	0.279140781681228	0.430998065208392	0.41149214406504	0.435764849506846	0.439328295254059	0.450656200274034	0.420974488858639	0.467784642541924	0.156879939492924	0.452711379654096	0.549148618507347	0.454402742805473	0.439907741235309	0.398180165262423	0.387868554203257	0.532546753350991	0.142989379323784	0.513110861353592	0.378517229246907	0.500038019199696	0.471016026378345	0.435841544739723	0.472936382944908	0.409480545701018	0.580298622450153	0.46531164003283	0.447274114875402	0.496908425429089	0.45765047948958	0.499892651163338	0.448233742859548	0.340810484014368	0.445350187452307	0.407419921830581	0.432065209705657	0.445350187452307
ZB_5	0.564708145867866	0.245638598305557	0.529177631794825	0.445350187452307	0	0.575328681585517	0.512592643318942	0.362864103758375	0.289384629085404	0.467519758881303	0.367844653046199	0.533826650846807	0.560545131228464	0.420887860725081	0.36105791514115	0.269319649040437	0.477192917994237	0.515088844928907	0.58688447755251	0.617215777029232	0.458974891358591	0.164554330989226	0.234466477028413	0.500800813440374	0.678318539097439	0.577523605113805	0.634095820053762	0.502329099334886	0.347611263231027	0.579244079453189	0.269319649040437	0.580939965088274	0.593917741718776	0.579326714942485	0.239661989301496	0.628347853401207	0.378539743704633	0.596721627446514	0.491266688998421	0.34419817982112	0.591338550398184	0.382584762442001	0.430719677705647	0.373932953202705	0.334687996320491	0.608241497591593	0.519896330166739	0.57554046334497	0.621444595721123	0.0141834144120514	0.511277584845837	0.545177536078547	0.614602850724453	0.633804040276822	0.584414365171094	0.466871365629502	0.600383720526444	0.228918961358979	0.590981835553674	0.382094641476518	0	0.549328028018693	0.301009881256492	0
ZB_6	0.480411441272577	0.484378697467974	0.583960561991619	0.425703145152866	0.575328681585517	0	0.533361186628849	0.450530943076848	0.509010718205445	0.510782314226293	0.433591143887852	0.171372966621378	0.176981736240356	0.462047161331629	0.452212991210286	0.486935784607727	0.306122001665797	0.333290695864805	0.0272111524040216	0.83744251936274	0.604926987092631	0.633995706406919	0.578340412163348	0.567408084400425	0.237038205570619	0.038429373747401	0.265670326442184	0.703200971223673	0.562705859027738	0.0453698941500481	0.486935784607727	0.108442280253509	0.147174384019388	0.0342145930265296	0.505357164975908	0.589544983978309	0.498898887375259	0.111619437900255	0.63148061277288	0.588381334736859	0.156797689293005	0.384908832013448	0.52581981462901	0.56730616296183	0.43664818332406	0.572916789260397	0.582788608882271	0.327077289190707	0.623274340645797	0.569218732345423	0.564194232191274	0.526650896209206	0.632392408183387	0.204206333670245	0.0331548428841623	0.57604798134864	0.10294239638982	0.571067037385266	0.0946510933404121	0.486552080053879	0.575328681585517	0.529284479321894	0.461721277698217	0.575328681585517
ZB_7	0.397193939135745	0.465071496607266	0.106243854121059	0.402008467756045	0.512592643318942	0.533361186628849	0	0.377790345653548	0.323796142943099	0.489497392911359	0.337306954537181	0.529993461575302	0.579396747574787	0.331328167897017	0.36619791348911	0.512877232642645	0.408845535985643	0.480386060303935	0.50762434927248	0.884720781873605	0.417585947365603	0.484915569581498	0.475620033710571	0.0957070362687606	0.487104285956949	0.528581011898457	0.547556250275197	0.48183111081366	0.282643037938734	0.499020073524422	0.512877232642645	0.547589529739934	0.469180587278129	0.507123293108923	0.368108610681233	0.242368834369799	0.350626749890832	0.512143419413356	0.434264082839479	0.467734741138587	0.44059214084639	0.442322737752908	0.198144397255799	0.486626807943481	0.392920364460916	0.320088824946048	0.348386171996236	0.627833240498736	0.21579748187661	0.503671492471806	0.197160809243128	0.248907724162484	0.405616101053059	0.465669896605857	0.513246007367393	0.480071520787199	0.516324553299835	0.436937153864676	0.507410534599573	0.367100011763727	0.512592643318942	0.456877054650617	0.528595259663806	0.512592643318942
ZB_8	0.416015949493271	0.297606918571171	0.386797137618417	0.117676046279103	0.362864103758375	0.450530943076848	0.377790345653548	0	0.325966476990791	0.398396435175361	0.409034985155541	0.471966577593783	0.466788441982477	0.277804874056859	0.233554471790261	0.351744863615033	0.359380698717323	0.270766899060321	0.465482629326078	0.803371430618752	0.504809155091371	0.444923264117737	0.454030820173204	0.357530918300927	0.530423214935326	0.459587969016351	0.495032734245982	0.596788156448491	0.204151470474121	0.455596955026656	0.351744863615033	0.451592018914201	0.46497976912352	0.455703874525108	0.344893156115719	0.491689937236803	0.222289560832017	0.468506334215276	0.532700765597003	0.448189690242343	0.465035093283622	0.342537697052776	0.380053118417437	0.497234946906775	0.116347968547581	0.490146183949599	0.370224303672665	0.539920209068265	0.478997372523658	0.369339943825006	0.43814560730152	0.395654202690935	0.565760905127031	0.481317079634292	0.462286627472743	0.478938554682468	0.473332725631142	0.445281818210176	0.463865454979751	0.309800923085461	0.362864103758375	0.41842410541658	0.375724636596804	0.362864103758375
ZB_9	0.426544928885708	0.284323510476314	0.330132029275915	0.389301611944643	0.289384629085404	0.509010718205445	0.323796142943099	0.325966476990791	0	0.395457750935754	0.283741090234064	0.421718507728636	0.490979984766714	0.380367742073445	0.308589203094891	0.276453362745667	0.351646238268629	0.435126625375191	0.521810397067443	0.745606613827292	0.392764951947261	0.391497461928934	0.197411098552763	0.299354202319046	0.54195849477204	0.529622656264099	0.502549362601118	0.437832348134559	0.307838106213805	0.513344211711848	0.276453362745667	0.521009990368454	0.474464357609985	0.513435708336366	0.226165343329592	0.44114506299749	0.322535230288257	0.536502433634303	0.436412856424241	0.297372109443334	0.456268784561976	0.239368095701448	0.246119683014511	0.330925180694183	0.284655467007526	0.437023284876997	0.370333086696538	0.501736911900369	0.425843028103075	0.278749962893698	0.329768608185934	0.335319810595974	0.476365937874031	0.510892448906665	0.527504644208895	0.416742663170827	0.540503072774946	0.193323026031929	0.531537407327906	0.229720806487803	0.289384629085404	0.481901484433735	0.304189384494191	0.289384629085404
ZB_10	0.299169627188289	0.440193455506147	0.473289597000937	0.466739543996138	0.467519758881303	0.510782314226293	0.489497392911359	0.398396435175361	0.395457750935754	0	0.448964081814234	0.391175860399714	0.441956585181828	0.429510900286129	0.378811251989749	0.350643514906046	0.353796094896688	0.389802999312692	0.52337323023691	0.832202111613876	0.242345932226887	0.518582404994608	0.418472639120695	0.506074761011755	0.454171898438802	0.51317091739627	0.351708107916708	0.44515424496375	0.488179943243389	0.515044166543594	0.350643514906046	0.483706402915148	0.443496128399848	0.515134161161007	0.449955906338574	0.541735913794028	0.503077237324713	0.499706094896585	0.221534072642482	0.41215364023629	0.45445059470717	0.363308310503795	0.524749949107688	0.226422332898998	0.43951218800601	0.414643354757517	0.385035192203573	0.333128643565713	0.531863573197639	0.472451581420451	0.479618695516142	0.426034357058234	0.375523757337524	0.478472484655781	0.520678649486732	0.198727661502733	0.504077673147087	0.377693093622881	0.541954786157309	0.362233683897125	0.467519758881303	0.517955105450619	0.345393522103232	0.467519758881303
ZB_11	0.452237487151612	0.292235944858713	0.408220847817254	0.427668726344417	0.367844653046199	0.433591143887852	0.337306954537181	0.409034985155541	0.283741090234064	0.448964081814234	0	0.342546061781837	0.411872092338496	0.409615961187277	0.437390739041126	0.370092846287812	0.340098811590333	0.491554987482641	0.415890645023494	0.758020906719473	0.470627961749099	0.469098685451915	0.387270016099616	0.382549072177886	0.451397244222178	0.403222696095049	0.412819168338501	0.552995391705069	0.435215736994872	0.405549186244715	0.370092846287812	0.444875889470759	0.38762448937712	0.405660949516023	0.274520309108906	0.461681812700744	0.40515414607279	0.416120462809641	0.495820268692926	0.44495443338719	0.341245234411915	0.276246155176794	0.322363447026433	0.404630032270615	0.387312633087918	0.484610710417162	0.347390530645585	0.467858783696619	0.464473951514604	0.37354236115479	0.366730194851372	0.389490291262136	0.456300208271348	0.382099962433199	0.412545534110369	0.417051930515186	0.421190142671855	0.380360946866267	0.412112416379106	0.254571918548515	0.367844653046199	0.566073024418175	0.364949144599355	0.367844653046199
ZB_12	0.42286746945312	0.449173223328196	0.583707640472496	0.45575144739292	0.533826650846807	0.171372966621378	0.529993461575302	0.471966577593783	0.421718507728636	0.391175860399714	0.342546061781837	0	0.126443983240005	0.503750876423247	0.470909237177539	0.398790745981163	0.291693612129051	0.359669382652564	0.192974578544252	0.821556196774714	0.498967289827344	0.598227052427857	0.501291380805209	0.566119741038842	0.240421003082373	0.175472107926623	0.137885282945853	0.611486595514165	0.577721955102977	0.178686466124365	0.398790745981163	0.225166454244201	0.171527209190435	0.200572882750796	0.470089878368196	0.589637921972405	0.522573061326457	0.192093757868473	0.529370000691547	0.512551214858772	0.156405116057154	0.330685245573227	0.510426970785761	0.455893132938383	0.467131103210419	0.561018343272245	0.48791795886358	0.208990350136623	0.625456235904588	0.527119592053563	0.562717124316039	0.522869910336125	0.543854945801274	0.238350348523706	0.198668825685704	0.489639786849678	0.199067130694536	0.494276736364702	0.21160540402753	0.37734006406706	0.533826650846807	0.542465962911155	0.370515339865349	0.533826650846807
ZB_13	0.472426441327024	0.471347364064611	0.634821413217314	0.449517780726842	0.560545131228464	0.176981736240356	0.579396747574787	0.466788441982477	0.490979984766714	0.441956585181828	0.411872092338496	0.126443983240005	0	0.500839566128718	0.465649182839267	0.49452598955024	0.38023020835313	0.346975514095185	0.199377011646813	0.862944899048406	0.570007737216009	0.611007620660457	0.571822748116111	0.61718516335138	0.251498361503967	0.181235525166063	0.115952030689356	0.643638983165569	0.562308182432794	0.184569825699778	0.49452598955024	0.233194530870407	0.239864944128418	0.207345939441463	0.523191731523337	0.617754118251478	0.50284675720367	0.198772837883134	0.584197177016578	0.583273813539803	0.242740673156604	0.423898249297228	0.595578895320585	0.526196337717756	0.461662562421197	0.611635867024817	0.530419245887655	0.240794840312178	0.655149044084693	0.553496105327106	0.58964834996666	0.563637145406271	0.571783811096712	0.268014891602885	0.205320702126954	0.536376638296875	0.206003649556316	0.563640197282778	0.188946363598933	0.471965614285521	0.560545131228464	0.495673082881967	0.488472723095324	0.560545131228464
ZB_14	0.334445546637809	0.390333388014688	0.303329595162676	0.312132777582484	0.420887860725081	0.462047161331629	0.331328167897017	0.277804874056859	0.380367742073445	0.429510900286129	0.409615961187277	0.503750876423247	0.500839566128718	0	0.107596874651028	0.535953973717824	0.314589070071034	0.290312330830607	0.443412582539735	0.836112189932625	0.385085546496941	0.465521089042624	0.471923676252302	0.272115078100096	0.486822635909299	0.437108558947722	0.52766512134024	0.61023684977575	0.276506451671611	0.433118731993342	0.535953973717824	0.42807742448682	0.487519532460759	0.43323006616279	0.365607080840006	0.416316079413783	0.251042216725494	0.445197648543043	0.413437813598111	0.484182399930886	0.442073966673787	0.464267432342891	0.299910800658316	0.381197404440839	0.277229900411744	0.271378184621947	0.424636442440003	0.560537194801635	0.399846251330827	0.426439353649685	0.392238028903161	0.337094503555741	0.367686850655265	0.457815467514686	0.440084618818925	0.394746098391824	0.450235701635587	0.492028414510596	0.460384745682761	0.374009310445156	0.420887860725081	0.285272116712586	0.550973060164237	0.420887860725081
ZB_15	0.310762391864002	0.350439165057277	0.37467195605737	0.290952719574246	0.36105791514115	0.452212991210286	0.36619791348911	0.233554471790261	0.308589203094891	0.378811251989749	0.437390739041126	0.470909237177539	0.465649182839267	0.107596874651028	0	0.48206249749196	0.350305904499873	0.28472713586752	0.467118906991406	0.802814016908534	0.344957798064081	0.426959818266559	0.438369976644922	0.34498626038601	0.541121753250226	0.461254596956978	0.504080709182944	0.58254857825348	0.201707718592261	0.457263494960248	0.48206249749196	0.463068356475992	0.466717620135284	0.457370087154113	0.343220201837119	0.481191364509001	0.225167832445321	0.479777291188724	0.390357580514134	0.451127164271604	0.466737435784577	0.436727416905595	0.364371332347575	0.357943356838766	0.254136854516708	0.339175237800634	0.465051604292608	0.538935572906952	0.467921197793538	0.35076045285839	0.44070444539128	0.402291866127985	0.434370304847511	0.492600167659309	0.473062597471547	0.37199813246357	0.484472130072603	0.429841223763426	0.494148133625429	0.412993564098104	0.36105791514115	0.236987287119213	0.499784075872417	0.36105791514115
ZB_16	0.532392292931683	0.367345449237282	0.527160716907405	0.41149214406504	0.269319649040437	0.486935784607727	0.512877232642645	0.351744863615033	0.276453362745667	0.350643514906046	0.370092846287812	0.398790745981163	0.49452598955024	0.535953973717824	0.48206249749196	0	0.333420022029127	0.479893631663278	0.500310938477892	0.720307089617935	0.467482196931112	0.370260872116908	0.164350900874464	0.502765584597206	0.57207043083826	0.489473865834671	0.505878561535191	0.45877573504097	0.49818775089355	0.491464112471919	0	0.498303462950023	0.450914591018401	0.491559722795015	0.364550879640394	0.613336112915167	0.499655705390206	0.543736936018353	0.508193887535845	0.242506570383796	0.4654286843145	0.191515088911101	0.455215026207514	0.409802414488164	0.346073867784737	0.606578022185608	0.418910030112666	0.442182332446985	0.606795455996979	0.2588070015846	0.523598881493267	0.505881529008989	0.611903372361547	0.542537853721479	0.506005185619344	0.455706075657765	0.547596950010009	0.161047280231296	0.509203226392352	0.234745507668	0.269319649040437	0.629677458772821	0.0433708559077001	0.269319649040437
ZB_17	0.363564068705175	0.395622821907011	0.427860646861261	0.419966864411309	0.477192917994237	0.306122001665797	0.408845535985643	0.359380698717323	0.351646238268629	0.353796094896688	0.340098811590333	0.291693612129051	0.38023020835313	0.314589070071034	0.350305904499873	0.333420022029127	0	0.330969244389699	0.284942829043442	0.799877697350809	0.450578528485836	0.560246738632101	0.41401658817155	0.394499159199223	0.349589134222979	0.285417207168615	0.380920109197905	0.575613429750478	0.461653132889964	0.272282983425638	0.333420022029127	0.26038172402801	0.322442025517363	0.281760401816862	0.395180643842565	0.487878495660559	0.46169173608198	0.312824994000111	0.473153712960072	0.464137574991544	0.29782105531481	0.275776644074276	0.356246198086601	0.390900106058768	0.366568618020362	0.392817290776577	0.380053639081219	0.428362588564332	0.477607880908061	0.481096048847581	0.391344558934406	0.357883501445026	0.443343256875781	0.365848891217394	0.280847798676788	0.429731779002331	0.318672423646462	0.407498200503603	0.296041714101688	0.287916105739812	0.477192917994237	0.487590532817989	0.32927529833205	0.477192917994237
ZB_18	0.291078042498022	0.455673467569246	0.466377653533677	0.263126801410695	0.515088844928907	0.333290695864805	0.480386060303935	0.270766899060321	0.435126625375191	0.389802999312692	0.491554987482641	0.359669382652564	0.346975514095185	0.290312330830607	0.28472713586752	0.479893631663278	0.330969244389699	0	0.351432624348807	0.871715812250912	0.462913894005322	0.537108620023193	0.517081414137535	0.44215904263243	0.402565146403468	0.343422522924055	0.376316657812891	0.600859378585525	0.377069576635839	0.339437643102764	0.479893631663278	0.330077115142409	0.395014109400148	0.339567376021321	0.487835609578076	0.474108936839347	0.354715371700261	0.348055492281544	0.488283698267322	0.454353164560615	0.377834595505285	0.415600834877324	0.457746293419008	0.475386114962727	0.270311591291992	0.482031575954228	0.466904011305577	0.443571291786546	0.520805123613174	0.519086714381055	0.508882097071985	0.429354944335298	0.52096405179273	0.422047197251537	0.347554691379145	0.439490716480902	0.353975674549432	0.533528013546351	0.344446977840027	0.390534865229758	0.515088844928907	0.340338630856283	0.473269612926626	0.515088844928907
ZB_19	0.493784007500775	0.498409347313933	0.565692585923494	0.441330424395262	0.58688447755251	0.0272111524040216	0.50762434927248	0.465482629326078	0.521810397067443	0.52337323023691	0.415890645023494	0.192974578544252	0.199377011646813	0.443412582539735	0.467118906991406	0.500310938477892	0.284942829043442	0.351432624348807	0	0.841865895742774	0.615094916969718	0.643955105020407	0.589332724039617	0.541338922940902	0.22060006198339	0.0221571490194777	0.284813685266682	0.710839639554818	0.57460513654312	0.0181587417460265	0.500310938477892	0.0812311278494873	0.169406832699204	0.0179658725155125	0.518402312273501	0.571247553029144	0.512534426120715	0.0844082854962339	0.640965136304613	0.599111888181358	0.14057598124435	0.400943742984016	0.499750653169486	0.578442333870784	0.451977635464711	0.547179951904028	0.561090907664364	0.344396191552213	0.60479900512736	0.58094078707237	0.546030513089087	0.500914058852836	0.613868979667094	0.187731341207792	0.00594369048014069	0.586959165499574	0.0757312439857982	0.582106415280867	0.0674399409363905	0.464852031034243	0.58688447755251	0.542093191094004	0.475753752620129	0.58688447755251
ZB_20	0.878592031924353	0.684734746530061	0.897172149349571	0.853266314986231	0.617215777029232	0.83744251936274	0.884720781873605	0.803371430618752	0.745606613827292	0.832202111613876	0.758020906719473	0.821556196774714	0.862944899048406	0.836112189932625	0.802814016908534	0.720307089617935	0.799877697350809	0.871715812250912	0.841865895742774	0	0.866389405134249	0.773015880871196	0.742810008930639	0.898185602309539	0.916766261300299	0.838282701459996	0.898752922649419	0.981939205859832	0.850083779476072	0.838941271893139	0.720307089617935	0.827884782505649	0.839694381536827	0.838972903454699	0.700895536439272	0.976092948229437	0.837623592317113	0.827287532475181	0.881793096997474	0.826506354934882	0.831929272356971	0.763663188041049	0.827521709638206	0.757564774109064	0.776480607118987	0.850683285263013	0.887989464859673	0.868312629640249	0.985184151229337	0.622644964294021	0.854594084974688	0.883795259352483	0.984952914571168	0.863583096112573	0.840920375694204	0.836329657316261	0.828908958321647	0.723960493310195	0.850353906082638	0.788328740690813	0.617215777029232	0.973994977911792	0.732437610532521	0.617215777029232
ZB_21	0.295175099619589	0.492919506307076	0.357707201027974	0.509287523347256	0.458974891358591	0.604926987092631	0.417585947365603	0.504809155091371	0.392764951947261	0.242345932226887	0.470627961749099	0.498967289827344	0.570007737216009	0.385085546496941	0.344957798064081	0.467482196931112	0.450578528485836	0.462913894005322	0.615094916969718	0.866389405134249	0	0.412676627217748	0.382009994447529	0.399939471383415	0.57191248651861	0.606855929317012	0.510321679837079	0.370911882902604	0.437349963754522	0.60836869184805	0.467482196931112	0.599919800466921	0.528941920911977	0.608441367970931	0.424838300028293	0.443408316472337	0.478339152665453	0.60591374530917	0.0589183925093365	0.370918160834035	0.527681378929687	0.469505723015568	0.428662257185967	0.139545088277766	0.501553386136182	0.392941748769704	0.364300956838989	0.430081241975646	0.426946118182292	0.448535116764471	0.43197012744541	0.425015332218829	0.282639423574162	0.55478237803665	0.620716575064631	0.124378917286396	0.609338553728879	0.372998304776048	0.636105907963347	0.445383815546071	0.458974891358591	0.424329725937108	0.45987420774488	0.458974891358591
ZB_22	0.567002008290071	0.373637307492646	0.466590613371044	0.451969310899123	0.164554330989226	0.633995706406919	0.484915569581498	0.444923264117737	0.391497461928934	0.518582404994608	0.469098685451915	0.598227052427857	0.611007620660457	0.465521089042624	0.426959818266559	0.370260872116908	0.560246738632101	0.537108620023193	0.643955105020407	0.773015880871196	0.412676627217748	0	0.303688575055942	0.434145602253113	0.713355674015802	0.635887408060945	0.673871059835088	0.420379321813054	0.314257082013565	0.637370204209228	0.370260872116908	0.650293345277932	0.639424190588193	0.637441423862108	0.364502426719214	0.580244480834958	0.37688157453669	0.665373045965253	0.433923700141721	0.345113072070863	0.650713408806008	0.467878761580352	0.448285249586408	0.455405818610305	0.396977329974811	0.632187124387095	0.530714732235883	0.623200747312411	0.570184513956276	0.150370916577175	0.527325627113313	0.575900997743386	0.57649354289287	0.701641636759542	0.649898795500547	0.49129290512561	0.668392944191123	0.339720489766994	0.659083993517214	0.408953045226546	0.164554330989226	0.485424641886886	0.397573197091767	0.164554330989226
ZB_23	0.512987426665199	0.402842151438588	0.458682146989806	0.480246728674873	0.234466477028413	0.578340412163348	0.475620033710571	0.454030820173204	0.197411098552763	0.418472639120695	0.387270016099616	0.501291380805209	0.571822748116111	0.471923676252302	0.438369976644922	0.164350900874464	0.41401658817155	0.517081414137535	0.589332724039617	0.742810008930639	0.382009994447529	0.303688575055942	0	0.429856138651447	0.624230226137537	0.580426323150594	0.583378506336241	0.360059270355866	0.451905885718372	0.582061998669522	0.164350900874464	0.592323300997358	0.548425989401408	0.582140575596581	0.345701900176482	0.560733078083868	0.423290083694693	0.63510782564364	0.429256148018126	0.128839144116841	0.560096514450757	0.293887557843645	0.376049582113078	0.315072271677025	0.381609543198629	0.554168078919671	0.449465469041209	0.500479347375541	0.550921770789396	0.222616842523071	0.48639910467249	0.4557203171661	0.556402424428124	0.613356944093094	0.59502697118107	0.408373208192875	0.638194836207611	0.0534009224248972	0.601681307068672	0.306925647533834	0.234466477028413	0.577047755588825	0.200593717542037	0.234466477028413
ZB_24	0.380144972072088	0.465520295065361	0.0616466710256004	0.351587201214114	0.500800813440374	0.567408084400425	0.0957070362687606	0.357530918300927	0.299354202319046	0.506074761011755	0.382549072177886	0.566119741038842	0.61718516335138	0.272115078100096	0.34498626038601	0.502765584597206	0.394499159199223	0.44215904263243	0.541338922940902	0.898185602309539	0.399939471383415	0.434145602253113	0.429856138651447	0	0.52428693506335	0.56256618618559	0.586036839906996	0.467649444137426	0.251193682664055	0.533218483537859	0.502765584597206	0.541634928728657	0.505337254817154	0.541236294614761	0.381270956410666	0.210830262675889	0.289816700610998	0.547741608517554	0.417463971621987	0.420522201895892	0.476292270453166	0.428715186152395	0.121618139654728	0.474735822635667	0.34088820039467	0.296006489496296	0.326296364029327	0.625577963820864	0.18055807691144	0.491277446966878	0.203348357111216	0.220078391115674	0.38703332565981	0.502338983497538	0.547033170082354	0.467605792316927	0.551669946770966	0.452867874280833	0.542652999761141	0.314660676503211	0.500800813440374	0.408107398278718	0.51970843970028	0.500800813440374
ZB_25	0.39803030507955	0.57176269509288	0.49983195671383	0.494050872307385	0.678318539097439	0.237038205570619	0.487104285956949	0.530423214935326	0.54195849477204	0.454171898438802	0.451397244222178	0.240421003082373	0.251498361503967	0.486822635909299	0.541121753250226	0.57207043083826	0.349589134222979	0.402565146403468	0.22060006198339	0.916766261300299	0.57191248651861	0.713355674015802	0.624230226137537	0.52428693506335	0	0.232232684249445	0.214422265393962	0.639369132386956	0.628807761108282	0.206980030255978	0.57207043083826	0.208330495127575	0.19519550879069	0.228247473502588	0.586517592076705	0.441435730242106	0.552692227570252	0.174497464410093	0.567172051882008	0.634603468987755	0.160350989592166	0.496641812054085	0.485835291462989	0.51222632577235	0.50518569606746	0.46867543036134	0.482808202891919	0.246636241682525	0.481155866412161	0.680258965065815	0.45305100614679	0.413989421122761	0.471782780472079	0.148030448759607	0.216193771353275	0.521903968011626	0.181710722244151	0.615679130194263	0.201116789897473	0.493977526765378	0.678318539097439	0.523562818941708	0.546770350598523	0.678318539097439
ZB_26	0.482948330094364	0.487043698092079	0.579155040670446	0.434987780174098	0.577523605113805	0.038429373747401	0.528581011898457	0.459587969016351	0.529622656264099	0.51317091739627	0.403222696095049	0.175472107926623	0.181235525166063	0.437108558947722	0.461254596956978	0.489473865834671	0.285417207168615	0.343422522924055	0.0221571490194777	0.838282701459996	0.606855929317012	0.635887408060945	0.580426323150594	0.56256618618559	0.232232684249445	0	0.269302987428725	0.704650091158616	0.570734520321665	0.0403158907655042	0.489473865834671	0.103388276868965	0.18091549380176	0.0291322473477747	0.507833249458235	0.584739462657136	0.507512499709555	0.106565434515712	0.633279907038247	0.590417574208688	0.151929783910544	0.387951631139737	0.520977916414174	0.569418788692325	0.445832479600178	0.568136614530005	0.559456696537995	0.330362831326508	0.618468819324624	0.57144523528763	0.559388710870101	0.521870721478814	0.605603750525915	0.199338428287784	0.0281008394996184	0.57811792518983	0.0978883930052759	0.573161300663154	0.0895970899558682	0.46164297827667	0.577523605113805	0.53761953144308	0.464384092759083	0.577523605113805
ZB_27	0.388088313860867	0.514929376005722	0.583304293085423	0.487901547960268	0.634095820053762	0.265670326442184	0.547556250275197	0.495032734245982	0.502549362601118	0.351708107916708	0.412819168338501	0.137885282945853	0.115952030689356	0.52766512134024	0.504080709182944	0.505878561535191	0.380920109197905	0.376316657812891	0.284813685266682	0.898752922649419	0.510321679837079	0.673871059835088	0.583378506336241	0.586036839906996	0.214422265393962	0.269302987428725	0	0.60967902419756	0.590091346824507	0.272151553201944	0.505878561535191	0.275783430481921	0.224918144891657	0.292905282586202	0.565792411091793	0.564520631956649	0.541006005152686	0.242895348439796	0.503334774988049	0.548648090120917	0.228121378326633	0.434944667829057	0.597598737396481	0.494012272486881	0.546062236400995	0.540300401463436	0.469823289752548	0.22430185757034	0.603663224956063	0.636547705890055	0.561469386654442	0.508843727092431	0.491325101896419	0.231975584500518	0.28071791531205	0.453416412766595	0.249601971511323	0.575023835279881	0.268225366675283	0.46293041097897	0.634095820053762	0.535026080014409	0.499660995569291	0.634095820053762
ZB_28	0.536642845799587	0.619942335256595	0.463357453700852	0.598913622592615	0.502329099334886	0.703200971223673	0.48183111081366	0.596788156448491	0.437832348134559	0.44515424496375	0.552995391705069	0.611486595514165	0.643638983165569	0.61023684977575	0.58254857825348	0.45877573504097	0.575613429750478	0.600859378585525	0.710839639554818	0.981939205859832	0.370911882902604	0.420379321813054	0.360059270355866	0.467649444137426	0.639369132386956	0.704650091158616	0.60967902419756	0	0.51384854751508	0.705786555648248	0.45877573504097	0.720520103176016	0.674282223843421	0.705841153664265	0.518797044284066	0.423539538190936	0.550230320256516	0.726194042648143	0.391664407981152	0.346975059402157	0.668891095439427	0.512345383783008	0.51901052687262	0.463035076741875	0.592315111818936	0.62852189538555	0.434497848657063	0.557501343363783	0.384114671837828	0.490859685771684	0.493820563886556	0.436746977650861	0.409236784684728	0.700625642986162	0.716461297649731	0.454314227149633	0.728540673629788	0.350402964997004	0.698950976859845	0.490105641454784	0.502329099334886	0.526364969807977	0.450497667446991	0.502329099334886
ZB_29	0.411745100006148	0.336868072376573	0.287390737067568	0.279140781681228	0.347611263231027	0.562705859027738	0.282643037938734	0.204151470474121	0.307838106213805	0.488179943243389	0.435215736994872	0.577721955102977	0.562308182432794	0.276506451671611	0.201707718592261	0.49818775089355	0.461653132889964	0.377069576635839	0.57460513654312	0.850083779476072	0.437349963754522	0.314257082013565	0.451905885718372	0.251193682664055	0.628807761108282	0.570734520321665	0.590091346824507	0.51384854751508	0	0.566737637188554	0.49818775089355	0.567856906113971	0.564942267600363	0.566822728914174	0.329091166632163	0.41725377426312	0.176616060147884	0.58375313206357	0.440474850905817	0.442086642546717	0.57856343005832	0.447712860453898	0.306714652082123	0.500226142017187	0.265464422312965	0.467125384790882	0.458312507598579	0.652290592561428	0.398416205310544	0.355164084086025	0.353560433012216	0.425571038922427	0.485193935119887	0.597517777483327	0.572061603167781	0.492848716440643	0.587532989547522	0.442152789183636	0.578124491058923	0.422557491843718	0.347611263231027	0.29599564718167	0.516955999431118	0.347611263231027
ZB_30	0.484937871463982	0.489132638836083	0.558103053937867	0.430998065208392	0.579244079453189	0.0453698941500481	0.499020073524422	0.455596955026656	0.513344211711848	0.515044166543594	0.405549186244715	0.178686466124365	0.184569825699778	0.433118731993342	0.457263494960248	0.491464112471919	0.272282983425638	0.339437643102764	0.0181587417460265	0.838941271893139	0.60836869184805	0.637370204209228	0.582061998669522	0.533218483537859	0.206980030255978	0.0403158907655042	0.272151553201944	0.705786555648248	0.566737637188554	0	0.491464112471919	0.0642388833971223	0.154701461301887	0.036124614261539	0.536001640138367	0.563755094220629	0.503518955043554	0.0674748012402944	0.634690993856999	0.592014299608338	0.125360169363008	0.418340403127266	0.490893907501431	0.57107560402189	0.441842191975262	0.539266911215867	0.553420961246003	0.332939500017962	0.597892858710968	0.573190462913678	0.538097385931369	0.492192520626355	0.607121331263047	0.205128001351043	0.0241024322261672	0.579741267478017	0.0586372814910569	0.574803715338344	0.0501926342736928	0.455377417052364	0.579244079453189	0.533624396961786	0.466472149935599	0.579244079453189
ZB_31	0.532392292931683	0.367345449237282	0.527160716907405	0.41149214406504	0.269319649040437	0.486935784607727	0.512877232642645	0.351744863615033	0.276453362745667	0.350643514906046	0.370092846287812	0.398790745981163	0.49452598955024	0.535953973717824	0.48206249749196	0	0.333420022029127	0.479893631663278	0.500310938477892	0.720307089617935	0.467482196931112	0.370260872116908	0.164350900874464	0.502765584597206	0.57207043083826	0.489473865834671	0.505878561535191	0.45877573504097	0.49818775089355	0.491464112471919	0	0.498303462950023	0.450914591018401	0.491559722795015	0.364550879640394	0.613336112915167	0.499655705390206	0.543736936018353	0.508193887535845	0.242506570383796	0.4654286843145	0.191515088911101	0.455215026207514	0.409802414488164	0.346073867784737	0.606578022185608	0.418910030112666	0.442182332446985	0.606795455996979	0.2588070015846	0.523598881493267	0.505881529008989	0.611903372361547	0.542537853721479	0.506005185619344	0.455706075657765	0.547596950010009	0.161047280231296	0.509203226392352	0.234745507668	0.269319649040437	0.629677458772821	0.0433708559077001	0.269319649040437
ZB_32	0.451654644158548	0.478849152233688	0.547042694704312	0.435764849506846	0.580939965088274	0.108442280253509	0.547589529739934	0.451592018914201	0.521009990368454	0.483706402915148	0.444875889470759	0.225166454244201	0.233194530870407	0.42807742448682	0.463068356475992	0.498303462950023	0.26038172402801	0.330077115142409	0.0812311278494873	0.827884782505649	0.599919800466921	0.650293345277932	0.592323300997358	0.541634928728657	0.208330495127575	0.103388276868965	0.275783430481921	0.720520103176016	0.567856906113971	0.0642388833971223	0.498303462950023	0	0.175882753102068	0.0991970003649998	0.5357188562749	0.552988377366096	0.51115195109741	0.0638386827744566	0.61108478789746	0.60265150799796	0.145878348899673	0.422344250641336	0.488622377784768	0.543358582371001	0.447037564004602	0.509494417235921	0.542117351651858	0.31018114177262	0.588899712793295	0.583577055832214	0.508249317426085	0.477707888946741	0.581733578387107	0.206409050004315	0.075737598210821	0.552584219528519	0.0723347859000527	0.584656500875671	0.085928822906348	0.460853745286523	0.580939965088274	0.54244723737254	0.472367534764845	0.580939965088274
ZB_33	0.37353255308837	0.491437533088048	0.502176401711522	0.439328295254059	0.593917741718776	0.147174384019388	0.469180587278129	0.46497976912352	0.474464357609985	0.443496128399848	0.38762448937712	0.171527209190435	0.239864944128418	0.487519532460759	0.466717620135284	0.450914591018401	0.322442025517363	0.395014109400148	0.169406832699204	0.839694381536827	0.528941920911977	0.639424190588193	0.548425989401408	0.505337254817154	0.19519550879069	0.18091549380176	0.224918144891657	0.674282223843421	0.564942267600363	0.154701461301887	0.450914591018401	0.175882753102068	0	0.176878548057832	0.521877828295197	0.508339971358553	0.498278273729976	0.167497607058138	0.541896282467824	0.559137749050588	0.0736717425167529	0.38469873054847	0.47667669980383	0.487483165562121	0.450636441127819	0.490469812598585	0.51732578137245	0.262609152073293	0.545567322634143	0.587605091529023	0.480360150955223	0.479995616401403	0.565152435662659	0.138013848302812	0.175101079840656	0.497116790507485	0.174682938502034	0.541090657819629	0.176075152977678	0.462395660575766	0.593917741718776	0.530024411539353	0.424015495271983	0.593917741718776
ZB_34	0.485033452991214	0.489232972003827	0.558185057996492	0.450656200274034	0.579326714942485	0.0342145930265296	0.507123293108923	0.455703874525108	0.513435708336366	0.515134161161007	0.405660949516023	0.200572882750796	0.207345939441463	0.43323006616279	0.457370087154113	0.491559722795015	0.281760401816862	0.339567376021321	0.0179658725155125	0.838972903454699	0.608441367970931	0.637441423862108	0.582140575596581	0.541236294614761	0.228247473502588	0.0291322473477747	0.292905282586202	0.705841153664265	0.566822728914174	0.036124614261539	0.491559722795015	0.0991970003649998	0.176878548057832	0	0.509867936570278	0.563836049414248	0.522259506197042	0.102374158011746	0.634758785276294	0.592091005393691	0.147892838166615	0.39045227756079	0.499148471571819	0.571155200727924	0.441951812877353	0.547147904096539	0.561223801206732	0.352700024648755	0.597967478863656	0.573274287319256	0.538183102498049	0.500333439187044	0.607194238862139	0.195301482543855	0.0239095629956532	0.579819256072521	0.0936971165013107	0.574882620208281	0.085405813451903	0.463830651404167	0.579326714942485	0.533715992051173	0.466572459021696	0.579326714942485
