FS0916	CS0908	QQ0718	CS0617	JZ0520	JZ0701	FS0610	FS0702	QH0615	BJ0815	BJ0613	FS0617	FS0716	WZ0519	WZ0728	QH0720	BJ0718	QQ0627	QH0714	CS0715	WZ0630	FS0729	QH0518	QH0601	QQ0829	JZ0729	CS0701	BJ0606	WZ0811	WZ0825	FS0819	QQ0801	WZ0602	BJ0704	WZ0616	QH0525	FS0527	JZ0715	JZ0916	JZ0617	QH0803	JZ0603	CS0825	QH0817	CS0520	BJ0530	CS0527	BJ0516	QQ0615	WZ0714	QQ0913	QQ0815	BJ0919	QQ0926	JZ0527	WZ0505	JZ0819	QQ0710	BJ0801	FS0520	WZ0915	CS0603	QH0629	CS0917
FS0916	0	0.560516869432383	0.538936333956926	0.57182816209977	0.741467702385008	0.641030874186356	0.387711356080662	0.428135601044062	0.567450342705598	0.597386181996682	0.561564901170816	0.427630616467954	0.419390043965194	0.789778154052876	0.569831852263285	0.553986856924045	0.621055520343723	0.502530357059248	0.541494743113151	0.539067109430164	0.693514311876495	0.327500617134023	0.534739000351574	0.517266215413285	0.509120041621818	0.613569478017593	0.585554448861541	0.570723212121043	0.558951658789379	0.569106754503487	0.283405429792203	0.51923795908054	0.735946175107252	0.621469756718767	0.687619242135527	0.542021744881453	0.690407920035859	0.622432821786497	0.575586212845945	0.685916543939539	0.549425343131951	0.375256782284152	0.598381245329972	0.637129590562081	0.638421949479591	0.596526746902684	0.556581987939787	0.594158715154736	0.54515000297366	0.555822630680589	0.507620509643418	0.489153372967749	0.599228975929308	0.503089468031259	0.423919713733394	0.8094376612596	0.592289438393817	0.549614542849997	0.593829502310207	0.394692416234558	0.716400341545963	0.56110527081505	0.532922412995296	0.555286500154799
CS0908	0.560516869432383	0	0.478054433243112	0.383208090855449	0.696507441911962	0.636869792971137	0.508105409151505	0.49620632827637	0.605970295392481	0.467150977746407	0.514683589519883	0.529083169419462	0.504326850759891	0.786100260618846	0.603200205575352	0.602130219006791	0.508780738184679	0.507795458177932	0.587955747843864	0.39225894787814	0.702070136649414	0.529613093553521	0.615454479408485	0.552120852486304	0.481607212173659	0.588058965462583	0.357680802430275	0.481190003387843	0.629532289723703	0.629503368939739	0.524170962122383	0.537287874978531	0.722828326578771	0.486918654518186	0.694587987502662	0.617964679971663	0.671665422835347	0.599415412432253	0.516146811712531	0.620914380238128	0.516916839808157	0.524795059518531	0.317838526045455	0.617639254344954	0.413675803685172	0.495168100378343	0.371275790504281	0.503675300720723	0.446653859496681	0.626088011134414	0.497751101419607	0.480955412594885	0.522424091510938	0.48066094055524	0.542658573639398	0.789710626170802	0.543299379858251	0.474405246644899	0.515104613041664	0.529912698010317	0.722225951941034	0.37139677025963	0.55654468533092	0.337197724349557
QQ0718	0.538936333956926	0.478054433243112	0	0.455868009573349	0.695215449359518	0.623605424950288	0.48969042435989	0.51386483519532	0.56683343822217	0.537534406068528	0.515264623115712	0.505200799915668	0.506646304964728	0.776040363038984	0.591389553935767	0.572818238757901	0.533718712167392	0.326005051493634	0.569238374188823	0.457386886819754	0.689258950898008	0.518414140907202	0.564408730453273	0.554801698142437	0.330711159262872	0.557919925747553	0.474705373190892	0.474961148844264	0.604328024965177	0.605598330110101	0.547638380670625	0.321352453612328	0.709700335725486	0.537406595904862	0.672368441761683	0.586269717494734	0.655520356513046	0.583463166825514	0.497399822538566	0.634535735114615	0.493746399201556	0.518595255028258	0.515230967531864	0.602385111144526	0.517021423306234	0.521309531583346	0.44871767758107	0.497784318215321	0.358675811196638	0.599766800122967	0.354534038589439	0.326106233168631	0.527390311735017	0.321233115879235	0.528710372668454	0.784617436366408	0.546632516435198	0.355909664826132	0.555793985975168	0.499305911391091	0.698682603762661	0.430845533840813	0.532493520078366	0.508608951391403
CS0617	0.57182816209977	0.383208090855449	0.455868009573349	0	0.681360537991241	0.610670417779321	0.528766385684739	0.546843053876137	0.566850454244884	0.501353950156229	0.512066439317392	0.533099419133203	0.533786240369214	0.768100587102771	0.617589366558596	0.57982226817392	0.505125342972258	0.484909136264313	0.5664584059467	0.302197658839122	0.691708760097591	0.554304427260467	0.57993888312519	0.548623075210347	0.479913323377138	0.562576678860113	0.266935364019839	0.478276036768087	0.616706955202815	0.619182343003663	0.559284146420194	0.514099750476637	0.710040754400664	0.535504605327866	0.681131467741922	0.593411080482671	0.659014956782629	0.581226112654752	0.505124196312562	0.60411154434083	0.490001187127881	0.541539274890088	0.379742148945006	0.590826512563734	0.371594930368789	0.535307434977698	0.2660770988593	0.519889200217338	0.497943849444226	0.608490642320528	0.467622801468293	0.473339162246503	0.545726545846326	0.445758331681019	0.541514974524219	0.771680121865521	0.53176732729254	0.499964437602841	0.507959489102042	0.541772507244775	0.712978215667051	0.321143230698428	0.554448918733427	0.363617732610768
JZ0520	0.741467702385008	0.696507441911962	0.695215449359518	0.681360537991241	0	0.483771365691405	0.718763571101919	0.718720019937309	0.691303645256634	0.710405062593489	0.71593184599393	0.719934684342598	0.736472220989582	0.510351757413557	0.6133558701424	0.698608148237574	0.716370750223552	0.691714339276318	0.728720809882838	0.678657188574545	0.543223610906714	0.743641512982487	0.720456949480896	0.716351178733699	0.683075366619095	0.519713711569248	0.676051135985519	0.681151498536033	0.634264150253842	0.673669686476265	0.745681905470692	0.689715524146027	0.490042478226987	0.719999168299264	0.519302323282862	0.74726141421669	0.427852237020952	0.493749963659021	0.582539688160767	0.41573576245884	0.709568311569416	0.732542333051839	0.703809480588732	0.750915254059156	0.70198626098623	0.686820773050251	0.683103332970083	0.703921766559655	0.710613186124029	0.626373858711398	0.693908717166172	0.678943370656511	0.722934082717685	0.679786850772162	0.721544620014872	0.508427885004975	0.577807352891457	0.694691841766689	0.703747508466067	0.703710544334357	0.510219617475247	0.674500954908818	0.729217833347313	0.715905627082964
JZ0701	0.641030874186356	0.636869792971137	0.623605424950288	0.610670417779321	0.483771365691405	0	0.624551329110435	0.652303224347849	0.642081137062031	0.613625357248671	0.615489322893193	0.652612146203602	0.648345000162761	0.579031518439498	0.570442253995481	0.662391640050425	0.623968200599325	0.607090353542442	0.675447624440867	0.588721182229414	0.528863514159877	0.647946419822519	0.661495064977428	0.661711055219458	0.602764072938275	0.383567067112058	0.615535578419078	0.599515572569592	0.580030613273579	0.612831852836929	0.647464091660912	0.611402714698355	0.517670520003538	0.641691836908798	0.511227468197381	0.688822926966455	0.403755878522229	0.380792933660474	0.469525062103215	0.39894360474843	0.655864951194159	0.645066869095861	0.64294799606876	0.71086833132029	0.659713215238309	0.631686572734757	0.605661988224218	0.632713345933569	0.62707300648059	0.560173024427623	0.603656580373297	0.607981860144957	0.642416323838618	0.593158589784304	0.642502621506501	0.607500299016649	0.488321783711971	0.640925577450813	0.619179798933028	0.607968360991617	0.551270678094795	0.604094913851492	0.668488112455774	0.619175952968901
FS0610	0.387711356080662	0.508105409151505	0.48969042435989	0.528766385684739	0.718763571101919	0.624551329110435	0	0.339284645671161	0.611937320879746	0.58575643568608	0.555780046037445	0.325656044526873	0.343829791235566	0.786805237864183	0.579543723721448	0.590632757157397	0.610570048558834	0.458473442626806	0.592149856231766	0.498013923047183	0.688323864666738	0.383687987663359	0.585199101687064	0.530641320964503	0.448864424725167	0.587547211173132	0.525708342481167	0.542468257355478	0.572114011360216	0.570451103288675	0.399111199226006	0.521591130783272	0.728819696815419	0.605133477353567	0.674626913032141	0.589830933247824	0.681021594754037	0.593994234069351	0.552753419543906	0.660588558547991	0.549738471056127	0.274554785303524	0.545318262954659	0.635746253701766	0.593427099043076	0.56809513294759	0.507333659686509	0.570303055176093	0.474806436792177	0.570018810362518	0.468677906641937	0.454638956334496	0.603062754772655	0.464480250442745	0.291342631654036	0.79955696761337	0.556200030209549	0.4814892058332	0.604237305921698	0.236233095769582	0.700305098847129	0.506326731507796	0.545016170376108	0.501343264306279
FS0702	0.428135601044062	0.49620632827637	0.51386483519532	0.546843053876137	0.718720019937309	0.652303224347849	0.339284645671161	0	0.589390161501494	0.587453964423777	0.611392713595108	0.297894997888559	0.283227630087856	0.785885829607914	0.588477593072202	0.58176266451613	0.62852561396578	0.470648444466949	0.542656393177382	0.495679716417466	0.690307615768563	0.357754754139347	0.565308241270265	0.500926730955696	0.478436405045739	0.590274030381395	0.501460912404724	0.593189513831701	0.597528599673147	0.578897456908337	0.355683732561827	0.501683038767071	0.741585034574702	0.611459908203686	0.695078285436449	0.558738317406915	0.685040586094734	0.599187263851821	0.552416248239951	0.664883456161378	0.514510398352464	0.377934027531112	0.541668461864727	0.599681558931859	0.56389461475566	0.60690659070983	0.505107789113749	0.6071387058829	0.481776068480837	0.587815758970504	0.493234966586421	0.486545404781149	0.618268415785164	0.484962936421091	0.401846438267481	0.802600439566988	0.560107087876818	0.491833201491914	0.629475353239837	0.334366969288641	0.715485437477328	0.487951448648915	0.518395981292222	0.510923756637347
QH0615	0.567450342705598	0.605970295392481	0.56683343822217	0.566850454244884	0.691303645256634	0.642081137062031	0.611937320879746	0.589390161501494	0	0.618490514397305	0.654624588351907	0.577270119945691	0.609764603571443	0.77014216394681	0.656035125048454	0.39244079641395	0.646527943368528	0.594571850341933	0.396822972802986	0.542511248053819	0.700939276925566	0.562224650217251	0.36127413250187	0.445645935575898	0.589336315380672	0.594108695866032	0.563226397019691	0.611094476675303	0.619951897615992	0.650923891727519	0.556705632161297	0.54602649817743	0.723931988066697	0.64427776740849	0.70205886830976	0.423933629083367	0.675989943480621	0.627636384961352	0.588953184606112	0.652531697295408	0.463016559354743	0.598060185897523	0.622999429454948	0.45842313079958	0.599833897169661	0.621176050334766	0.575820682238012	0.628324379402429	0.597216311809746	0.659652090564723	0.58785244493507	0.55931564536933	0.651276088788377	0.571978247465806	0.617672499561867	0.763966620753374	0.596927889932973	0.587332961455007	0.635691775097834	0.593565273152753	0.704720843054992	0.539701113877064	0.440188789124033	0.605708677679386
BJ0815	0.597386181996682	0.467150977746407	0.537534406068528	0.501353950156229	0.710405062593489	0.613625357248671	0.58575643568608	0.587453964423777	0.618490514397305	0	0.410131625768094	0.592829189536005	0.588591375512591	0.774115171946974	0.651345572122963	0.614914476223592	0.373206225164764	0.554119496620406	0.621317296690004	0.494453388221817	0.717462697723427	0.588683625100517	0.62050528168294	0.581841023177041	0.54818162280535	0.582760492456453	0.483584482706812	0.367268619496694	0.661982425338823	0.647648674451174	0.590954363709959	0.570934138133161	0.722969330807904	0.325625419220755	0.711579835964832	0.638489966478316	0.667858107652621	0.58739906154666	0.587343920881893	0.637523688122866	0.596016118658115	0.599015156634422	0.507276508841298	0.67311267294988	0.54619224414042	0.402096635161388	0.493110776277752	0.388935700602626	0.535725705160252	0.646627416874425	0.571759430843059	0.530350484744608	0.394195755054262	0.52952578164348	0.601215462309022	0.787043407132139	0.598271100391711	0.556199538398727	0.353940835446187	0.600256234336833	0.742663001453661	0.471733104897474	0.5960179544633	0.499415729332622
BJ0613	0.561564901170816	0.514683589519883	0.515264623115712	0.512066439317392	0.71593184599393	0.615489322893193	0.555780046037445	0.611392713595108	0.654624588351907	0.410131625768094	0	0.597323356684479	0.60355717757554	0.750045401656783	0.637117507637711	0.628845997890226	0.335921213790738	0.517190031056173	0.628121783435647	0.50291672964144	0.698663830542441	0.584689570271894	0.618881632336304	0.609649454015446	0.503302276135407	0.601354109961894	0.540756640761204	0.302151456911618	0.650661127588045	0.661029780585366	0.596331696276617	0.549047668730771	0.699831615867004	0.423437206891837	0.665873891384953	0.652830666665955	0.654124898736334	0.588557264887877	0.575006450970826	0.656161095002494	0.607313134871705	0.577801315336561	0.548675398476415	0.716876339974698	0.595484146146252	0.343819736584871	0.526069913162363	0.337986346211096	0.570509857529684	0.62934809014763	0.511413733997566	0.506430496143881	0.35915050464203	0.493473452188351	0.57614354105045	0.777829145045401	0.585458129409173	0.582162155704525	0.318889248461301	0.565085140737008	0.722104237360521	0.531491105404971	0.606295505416528	0.504557171516381
FS0617	0.427630616467954	0.529083169419462	0.505200799915668	0.533099419133203	0.719934684342598	0.652612146203602	0.325656044526873	0.297894997888559	0.577270119945691	0.592829189536005	0.597323356684479	0	0.278237746742017	0.790520388283525	0.626273301783344	0.562344541510857	0.628882802282802	0.467149330954663	0.527990048482915	0.499076972659397	0.70143558921815	0.352831061074829	0.538078559853805	0.486801181952756	0.496231010903557	0.59724342053378	0.502291621588688	0.581145991407386	0.614828030826075	0.599299016861172	0.372534730011989	0.49289310196174	0.74414075693705	0.620154460618302	0.712678302186595	0.544281942920368	0.689884299817759	0.623315442965755	0.558456603627839	0.672782001194551	0.506490263071481	0.341484995346213	0.549257459378353	0.590993791040037	0.576742039664089	0.606954255360292	0.506398852419203	0.596483196684404	0.487455883080805	0.604313215731406	0.500423162244627	0.484706484006677	0.61359572341751	0.484884896590553	0.332483828281846	0.803072521322355	0.581175193680905	0.475336319573252	0.618290513530238	0.355319103456198	0.72475013332522	0.49543770785308	0.509243205565336	0.522346437947325
FS0716	0.419390043965194	0.504326850759891	0.506646304964728	0.533786240369214	0.736472220989582	0.648345000162761	0.343829791235566	0.283227630087856	0.609764603571443	0.588591375512591	0.60355717757554	0.278237746742017	0	0.794905305313222	0.604012691615172	0.602021526382027	0.610497648977215	0.459243553534444	0.577818676885841	0.49265589114938	0.704896141220293	0.313459812645989	0.592391693199299	0.537810740051688	0.484869398832559	0.608795428360754	0.494973998207245	0.593908668925153	0.604819671263208	0.581770344243905	0.342852139944093	0.488795330693031	0.750919133146655	0.623603111238663	0.712191747747042	0.587678958706694	0.697532070525983	0.620964151508182	0.546292062503245	0.678160719765677	0.538603516455183	0.372383469397098	0.49723102374283	0.618319827595911	0.558617489416372	0.611593512979077	0.496528728422579	0.611992024386874	0.449846477496183	0.594325457414337	0.459574571084435	0.486291879822548	0.61601890845183	0.460608705260052	0.377524610661025	0.810264023121308	0.577159841874991	0.460551283604962	0.611813069072784	0.358310312962474	0.734769121002486	0.489560725376891	0.551696150703489	0.496207681952472
WZ0519	0.789778154052876	0.786100260618846	0.776040363038984	0.768100587102771	0.510351757413557	0.579031518439498	0.786805237864183	0.785885829607914	0.77014216394681	0.774115171946974	0.750045401656783	0.790520388283525	0.794905305313222	0	0.667588528399463	0.762040678912862	0.755827257706884	0.759112630171268	0.795295708176728	0.755938327136428	0.458539435591249	0.799077128289289	0.780005159149745	0.796752474128457	0.76424721653373	0.63244505059445	0.767819225187232	0.746298844773189	0.690041061077442	0.743483777195871	0.798084659926454	0.768364826641354	0.377655103882415	0.772536855957586	0.467428503888415	0.802817585798976	0.532016955187466	0.613891196747009	0.678740768360661	0.597030883947135	0.788247547187358	0.796104137299606	0.783852588413659	0.816835227467439	0.790371800148562	0.753652858775488	0.769084418589443	0.764348860185151	0.798261254999144	0.672501167517251	0.754474060342555	0.759025548255962	0.786202721557113	0.753474071236246	0.792123055915822	0.309245478379739	0.698503818416148	0.778140413256155	0.765809780493815	0.777076770733273	0.435581013459903	0.761728048785602	0.795437056608208	0.784280502652585
WZ0728	0.569831852263285	0.603200205575352	0.591389553935767	0.617589366558596	0.6133558701424	0.570442253995481	0.579543723721448	0.588477593072202	0.656035125048454	0.651345572122963	0.637117507637711	0.626273301783344	0.604012691615172	0.667588528399463	0	0.659450723007222	0.656240278046533	0.589033421081472	0.675371983971474	0.604458680089264	0.534286525615798	0.618716916238776	0.654411337790106	0.654708762907764	0.592514299039804	0.555300618674147	0.614493849059165	0.631145828131936	0.372604540535625	0.426537575100199	0.602623543356408	0.609532600402015	0.595555900416814	0.671549770913968	0.536013926421873	0.67217097918405	0.593713765226623	0.541389312917495	0.530696103404867	0.566677957826252	0.632189787362201	0.606149486404788	0.623016199418022	0.692402601704431	0.622879609783948	0.640620803578	0.605673156525381	0.650078105289151	0.609020290045696	0.376653925199234	0.596463419026973	0.580123151067249	0.661618044362867	0.586694863280081	0.598514179189832	0.682380752085439	0.543030191161126	0.609850429488969	0.642128692397377	0.583896969245475	0.523738052977955	0.601267971380644	0.636982677678332	0.61657937416452
QH0720	0.553986856924045	0.602130219006791	0.572818238757901	0.57982226817392	0.698608148237574	0.662391640050425	0.590632757157397	0.58176266451613	0.39244079641395	0.614914476223592	0.628845997890226	0.562344541510857	0.602021526382027	0.762040678912862	0.659450723007222	0	0.633938110807685	0.568113394824722	0.417999128634143	0.547550144553809	0.697722592427098	0.541231282488228	0.363975075204962	0.419618432777926	0.55041436804733	0.611347499829551	0.571436010936076	0.591050637927564	0.64457809999465	0.664880843040788	0.545045907896158	0.547795270745692	0.726538162418322	0.639551053214988	0.696288387107657	0.446957458482801	0.684964945013116	0.62733842160702	0.595145627688925	0.664249706860249	0.399672497464473	0.58673339503814	0.625293303071613	0.53805840231349	0.62593207915765	0.613334808096449	0.571167806421558	0.610698571823034	0.637182899750778	0.6608529843203	0.585063527408872	0.547126894507055	0.62756365606705	0.57847513908579	0.601165348619007	0.770850804984817	0.620139510577053	0.601277012710259	0.623945525350487	0.575257564975736	0.710917198348992	0.558574750897924	0.383072498516922	0.603879586317932
BJ0718	0.621055520343723	0.508780738184679	0.533718712167392	0.505125342972258	0.716370750223552	0.623968200599325	0.610570048558834	0.62852561396578	0.646527943368528	0.373206225164764	0.335921213790738	0.628882802282802	0.610497648977215	0.755827257706884	0.656240278046533	0.633938110807685	0	0.550718274978394	0.630982291584805	0.501675919104615	0.713325578407375	0.619542783698052	0.623997441093823	0.616794000049908	0.560694906516232	0.578958284072108	0.535816126912948	0.329296097864208	0.665854534441584	0.680938699739094	0.607081297951388	0.583604642304858	0.725547886450319	0.33422504991293	0.695426510151296	0.654192799385272	0.673252099589049	0.609858926626394	0.566343926647864	0.655869500500151	0.615865733313262	0.632281757132151	0.546149287138474	0.694364311629242	0.56505985399045	0.333597607730277	0.509527659183022	0.389544246943561	0.586891230406557	0.653001901330244	0.552526240573859	0.5417304488433	0.39394076436764	0.535709392215921	0.626231400705956	0.781025071008336	0.593862513026889	0.571165765708575	0.33396353990988	0.623845824856341	0.740410909355831	0.518733620254121	0.607237648686562	0.515823641131857
QQ0627	0.502530357059248	0.507795458177932	0.326005051493634	0.484909136264313	0.691714339276318	0.607090353542442	0.458473442626806	0.470648444466949	0.594571850341933	0.554119496620406	0.517190031056173	0.467149330954663	0.459243553534444	0.759112630171268	0.589033421081472	0.568113394824722	0.550718274978394	0	0.584054974062998	0.444229688566665	0.677629516004644	0.494346121520876	0.561929053711528	0.547294817114752	0.270056731681164	0.553287838968234	0.47589785937575	0.494803344674227	0.581449076265342	0.588515969275619	0.506458402469723	0.312426114199578	0.698314429388097	0.585938301436719	0.664092546101397	0.602923998429545	0.625059617339272	0.543416123359864	0.496812783450054	0.617262019388054	0.528136460688872	0.492071347548436	0.525780017445237	0.646882690170515	0.549875463588151	0.556477637374693	0.464024302476628	0.544595600978919	0.378627155013063	0.574437608276008	0.291377243806438	0.317733587776373	0.553967690360588	0.283757684919598	0.456474596171444	0.77651249162083	0.561874715225441	0.322978268304344	0.541998017623394	0.460089782299125	0.689732456140934	0.45069416727628	0.537561861488149	0.473574745005836
QH0714	0.541494743113151	0.587955747843864	0.569238374188823	0.5664584059467	0.728720809882838	0.675447624440867	0.592149856231766	0.542656393177382	0.396822972802986	0.621317296690004	0.628121783435647	0.527990048482915	0.577818676885841	0.795295708176728	0.675371983971474	0.417999128634143	0.630982291584805	0.584054974062998	0	0.527023434306028	0.729170319644381	0.517001736661928	0.290613892464014	0.390460088586419	0.563603149917302	0.616279175470556	0.557281310246117	0.609074878180615	0.657278278050334	0.672473023777763	0.523417066477147	0.563332888093815	0.755501370540859	0.634532166237393	0.731391735549681	0.28971017117923	0.716499033534631	0.645913818919422	0.602522699220533	0.690988836438894	0.444924209817254	0.578564862820174	0.596640340590141	0.449753357464386	0.606373766066672	0.622685755587147	0.54473653229177	0.60284631159299	0.613175109108713	0.681344194936086	0.599039324446229	0.558578832906813	0.62674022109767	0.586412240336889	0.611613454564778	0.801639112671573	0.599366016412365	0.579729817519877	0.634185609571059	0.582585358246323	0.738922843821422	0.550527213396104	0.395888754588734	0.58030191614631
CS0715	0.539067109430164	0.39225894787814	0.457386886819754	0.302197658839122	0.678657188574545	0.588721182229414	0.498013923047183	0.495679716417466	0.542511248053819	0.494453388221817	0.50291672964144	0.499076972659397	0.49265589114938	0.755938327136428	0.604458680089264	0.547550144553809	0.501675919104615	0.444229688566665	0.527023434306028	0	0.669744020320507	0.519769946989897	0.537284165344751	0.532939714042614	0.438095321875171	0.533726754531011	0.26476537268032	0.472560412908126	0.602376015694703	0.597002233279725	0.51880490538787	0.469783077014526	0.69682851845014	0.536798248347082	0.664998830741349	0.575164401803136	0.635623494804124	0.559684034938883	0.482412731351953	0.602368979205231	0.488110807121267	0.515421896141828	0.376920065270789	0.57676760706861	0.411534564972492	0.52088400364335	0.27658019883209	0.50430629132758	0.479029207388872	0.594759668651417	0.444867871148501	0.451474107621814	0.538005244579122	0.446605445774364	0.519516222103297	0.766642359358383	0.511623075503559	0.497560771635639	0.505063521902854	0.500712696711696	0.697929726903585	0.264357922814079	0.487071691685904	0.318407539923467
WZ0630	0.693514311876495	0.702070136649414	0.689258950898008	0.691708760097591	0.543223610906714	0.528863514159877	0.688323864666738	0.690307615768563	0.700939276925566	0.717462697723427	0.698663830542441	0.70143558921815	0.704896141220293	0.458539435591249	0.534286525615798	0.697722592427098	0.713325578407375	0.677629516004644	0.729170319644381	0.669744020320507	0	0.713732042479586	0.710556990786126	0.718241778838957	0.676785921737345	0.564031603184313	0.686705335252149	0.686508570711453	0.531250879713844	0.592608825023821	0.708176447081857	0.678259850489788	0.418192384490826	0.71750716645815	0.377267976368371	0.730957719345046	0.527830689699368	0.527217476593949	0.579359968891304	0.542692538586002	0.697131831784989	0.698650277079571	0.709791359477191	0.753101867609572	0.717499924935368	0.703751287196947	0.694391960666769	0.699859179172778	0.702604756722021	0.507317212051103	0.665269384703783	0.670358936610583	0.733250963330254	0.662681336799633	0.69671893926495	0.499487972583074	0.600086022312991	0.697964973818311	0.709474190869331	0.685942130148452	0.392446512298848	0.673192221998666	0.701764690484958	0.691640347938063
FS0729	0.327500617134023	0.529613093553521	0.518414140907202	0.554304427260467	0.743641512982487	0.647946419822519	0.383687987663359	0.357754754139347	0.562224650217251	0.588683625100517	0.584689570271894	0.352831061074829	0.313459812645989	0.799077128289289	0.618716916238776	0.541231282488228	0.619542783698052	0.494346121520876	0.517001736661928	0.519769946989897	0.713732042479586	0	0.527932732017184	0.513111672579811	0.497468474427956	0.62293178020292	0.533683332874812	0.583323051078844	0.621501531333222	0.614646441573246	0.249448170115252	0.517935898338576	0.746654007396776	0.615501838702499	0.710089858183426	0.530580706694543	0.698236052529134	0.629094685537056	0.580010153758823	0.682632909555371	0.536160726642958	0.398625079123572	0.556444839202629	0.596554617199515	0.585992199450866	0.59395205330915	0.520420145750214	0.592960334030895	0.497584098672362	0.612970597479929	0.49649460226226	0.48910755509161	0.602125635250322	0.488203927978429	0.406230239527808	0.811219575007701	0.594240756542516	0.524389144246775	0.602813364399009	0.382693315733868	0.738788795435253	0.52402037687017	0.506446655775581	0.523863482051626
QH0518	0.534739000351574	0.615454479408485	0.564408730453273	0.57993888312519	0.720456949480896	0.661495064977428	0.585199101687064	0.565308241270265	0.36127413250187	0.62050528168294	0.618881632336304	0.538078559853805	0.592391693199299	0.780005159149745	0.654411337790106	0.363975075204962	0.623997441093823	0.561929053711528	0.290613892464014	0.537284165344751	0.710556990786126	0.527932732017184	0	0.370832608523761	0.537283660986651	0.607883753927547	0.578893897746014	0.59567126059674	0.639111052593894	0.655958924620197	0.526176407895962	0.547465682657937	0.739580101902616	0.643071839289669	0.714763781713207	0.33407352087271	0.698148643725153	0.639493315832361	0.608609749544126	0.686670369900446	0.452552526470982	0.580978296542901	0.631473696908017	0.495647403747301	0.618143279254048	0.620117028936111	0.567055914045039	0.600804588176869	0.614279637157999	0.66926948761857	0.591320134008933	0.536841122871019	0.626756001477041	0.562061900755339	0.589261758154883	0.785882951133947	0.613749682039765	0.570276656761648	0.627060758208842	0.581125315307424	0.723667400919802	0.556867814285092	0.403924373955892	0.594083418687628
QH0601	0.517266215413285	0.552120852486304	0.554801698142437	0.548623075210347	0.716351178733699	0.661711055219458	0.530641320964503	0.500926730955696	0.445645935575898	0.581841023177041	0.609649454015446	0.486801181952756	0.537810740051688	0.796752474128457	0.654708762907764	0.419618432777926	0.616794000049908	0.547294817114752	0.390460088586419	0.532939714042614	0.718241778838957	0.513111672579811	0.370832608523761	0	0.532098433067712	0.596697166778692	0.529479900317197	0.571990177442141	0.63490884651615	0.629449014692914	0.514763831704688	0.562640090685966	0.748959892733822	0.61168286650334	0.72391599217786	0.402409350701234	0.691562914373742	0.614087783038872	0.577614127917429	0.669326478558768	0.385588326939061	0.519028767729061	0.578140705927377	0.49256660764835	0.559791081115517	0.570634611253215	0.526689248747072	0.571730093218929	0.554220847209346	0.658778172278982	0.588345671229636	0.512942505232778	0.605707700325254	0.545794184233681	0.536553055759468	0.802655453801661	0.588294653878021	0.54535888813051	0.609468171319628	0.501832824728589	0.732778389963357	0.517513392137035	0.418447683745627	0.561348134852087
QQ0829	0.509120041621818	0.481607212173659	0.330711159262872	0.479913323377138	0.683075366619095	0.602764072938275	0.448864424725167	0.478436405045739	0.589336315380672	0.54818162280535	0.503302276135407	0.496231010903557	0.484869398832559	0.76424721653373	0.592514299039804	0.55041436804733	0.560694906516232	0.270056731681164	0.563603149917302	0.438095321875171	0.676785921737345	0.497468474427956	0.537283660986651	0.532098433067712	0	0.551321150489969	0.481302289002681	0.498332844684362	0.587869905206534	0.584147758743812	0.524005459030812	0.341042342842548	0.688254329958625	0.57304428651324	0.664911027546077	0.583263567279479	0.627983826369897	0.529931177112014	0.51293237126065	0.613230557923653	0.512932660649898	0.48384640304619	0.515235944749556	0.631629267269949	0.546333636463189	0.534979404470741	0.451525978111007	0.509283952044519	0.399044453263054	0.582334404196707	0.30162462430435	0.278699701468826	0.534721796560584	0.309674119815639	0.470487310304624	0.774458902097672	0.531319327291638	0.344241965468491	0.550543240859189	0.452050788066764	0.693688011070805	0.433645804943124	0.513633460189478	0.465070255125323
JZ0729	0.613569478017593	0.588058965462583	0.557919925747553	0.562576678860113	0.519713711569248	0.383567067112058	0.587547211173132	0.590274030381395	0.594108695866032	0.582760492456453	0.601354109961894	0.59724342053378	0.608795428360754	0.63244505059445	0.555300618674147	0.611347499829551	0.578958284072108	0.553287838968234	0.616279175470556	0.533726754531011	0.564031603184313	0.62293178020292	0.607883753927547	0.596697166778692	0.551321150489969	0	0.561706443265787	0.56629549830308	0.555047063347433	0.580246031181591	0.607563903988635	0.559045486550412	0.560624761559759	0.609347491187228	0.538824485793722	0.638753601412575	0.465281095703021	0.367351366285222	0.407504150538057	0.421757935432008	0.607698682187549	0.60862210409044	0.597793260907688	0.655000537511978	0.607596829929583	0.586916919916107	0.555938477870608	0.589951812884876	0.585065551341402	0.537001869442426	0.548225933155067	0.531246051832381	0.617613108790228	0.543733750219748	0.596738461527785	0.644309146053857	0.406082022941825	0.575601941370785	0.602441283531281	0.578333573506607	0.57710296379137	0.547418200170444	0.61012827991794	0.572151116825474
CS0701	0.585554448861541	0.357680802430275	0.474705373190892	0.266935364019839	0.676051135985519	0.615535578419078	0.525708342481167	0.501460912404724	0.563226397019691	0.483584482706812	0.540756640761204	0.502291621588688	0.494973998207245	0.767819225187232	0.614493849059165	0.571436010936076	0.535816126912948	0.47589785937575	0.557281310246117	0.26476537268032	0.686705335252149	0.533683332874812	0.578893897746014	0.529479900317197	0.481302289002681	0.561706443265787	0	0.484906006557361	0.621114948762595	0.61259875813327	0.538529476277921	0.490774638306972	0.707840188174831	0.5293933875284	0.689428701307865	0.587428635766098	0.648474162263184	0.561635069547497	0.495439327187934	0.604335530913353	0.488155529950402	0.548167694880864	0.331020810471346	0.581124032504594	0.35320020400023	0.53250118408124	0.286535157413383	0.524691012477992	0.462665523608547	0.614021501653995	0.483422021199827	0.485377895770384	0.549244544703481	0.461187829521897	0.530952250794364	0.773538273307535	0.529825894595704	0.487903700316242	0.519244082358713	0.526290806507935	0.715254650813184	0.272908796998602	0.54253295629259	0.325104202665469
BJ0606	0.570723212121043	0.481190003387843	0.474961148844264	0.478276036768087	0.681151498536033	0.599515572569592	0.542468257355478	0.593189513831701	0.611094476675303	0.367268619496694	0.302151456911618	0.581145991407386	0.593908668925153	0.746298844773189	0.631145828131936	0.591050637927564	0.329296097864208	0.494803344674227	0.609074878180615	0.472560412908126	0.686508570711453	0.583323051078844	0.59567126059674	0.571990177442141	0.498332844684362	0.56629549830308	0.484906006557361	0	0.630190928780908	0.638567427276985	0.574148133272438	0.509553117545088	0.694428759245506	0.406601841467145	0.668966536144365	0.622503655114442	0.629383972212806	0.562265462206663	0.540811944869666	0.622653295029965	0.567571633594251	0.56562742702865	0.536076189778622	0.668096236329227	0.546989858229189	0.325222689678923	0.487302910816057	0.28437677543757	0.543549025707435	0.625325295975855	0.518671342783994	0.479967413887455	0.389876949853713	0.482002125887868	0.570162220846827	0.765254921173861	0.553575250432178	0.523525032236126	0.357143033042733	0.562062424938887	0.707392859162985	0.485703430382749	0.565394135983635	0.485796428862512
WZ0811	0.558951658789379	0.629532289723703	0.604328024965177	0.616706955202815	0.634264150253842	0.580030613273579	0.572114011360216	0.597528599673147	0.619951897615992	0.661982425338823	0.650661127588045	0.614828030826075	0.604819671263208	0.690041061077442	0.372604540535625	0.64457809999465	0.665854534441584	0.581449076265342	0.657278278050334	0.602376015694703	0.531250879713844	0.621501531333222	0.639111052593894	0.63490884651615	0.587869905206534	0.555047063347433	0.621114948762595	0.630190928780908	0	0.374654150005425	0.590989506284191	0.593501459690418	0.613755215206135	0.673191822899882	0.527531150331742	0.645730807097971	0.623284427409357	0.558231845162977	0.53397666227512	0.608612446520659	0.618041091992583	0.59096404816031	0.660489834306449	0.651245307054221	0.648309220326562	0.642887688129179	0.618247513434679	0.658973693665272	0.60409250605366	0.385715342927296	0.577750882084469	0.579006680077744	0.671566784394533	0.564003766567554	0.585880738601375	0.700444414533108	0.559732928593419	0.59440527577697	0.643619755056357	0.571165275412511	0.54011547248489	0.606542487023383	0.594002786810456	0.618204950436087
WZ0825	0.569106754503487	0.629503368939739	0.605598330110101	0.619182343003663	0.673669686476265	0.612831852836929	0.570451103288675	0.578897456908337	0.650923891727519	0.647648674451174	0.661029780585366	0.599299016861172	0.581770344243905	0.743483777195871	0.426537575100199	0.664880843040788	0.680938699739094	0.588515969275619	0.672473023777763	0.597002233279725	0.592608825023821	0.614646441573246	0.655958924620197	0.629449014692914	0.584147758743812	0.580246031181591	0.61259875813327	0.638567427276985	0.374654150005425	0	0.601348915183354	0.60905585359519	0.675677681172358	0.67729685274077	0.614485950111107	0.65471454104653	0.658102879740772	0.582668480220707	0.553891398846159	0.620264412147979	0.619052368174781	0.600459256236353	0.645801157882877	0.657028055377281	0.626330594956757	0.677453449162862	0.608617351287494	0.656788101810664	0.57668411172143	0.416220252776834	0.586229768118903	0.579003710921994	0.675535487876487	0.59307666332307	0.579569891596076	0.751741961408652	0.553641510054637	0.58713812634444	0.652520320571879	0.573503578155929	0.600983903008405	0.60147495790499	0.613546879286439	0.612441626245018
FS0819	0.283405429792203	0.524170962122383	0.547638380670625	0.559284146420194	0.745681905470692	0.647464091660912	0.399111199226006	0.355683732561827	0.556705632161297	0.590954363709959	0.596331696276617	0.372534730011989	0.342852139944093	0.798084659926454	0.602623543356408	0.545045907896158	0.607081297951388	0.506458402469723	0.523417066477147	0.51880490538787	0.708176447081857	0.249448170115252	0.526176407895962	0.514763831704688	0.524005459030812	0.607563903988635	0.538529476277921	0.574148133272438	0.590989506284191	0.601348915183354	0	0.516091671223439	0.742579974172682	0.601871909949315	0.694186125462166	0.536563345285441	0.699128063739452	0.627608121568872	0.572597136250169	0.685691231282496	0.548718662026514	0.384011977060111	0.56704899400384	0.611425663005379	0.598163597492507	0.60307721697933	0.553389135066158	0.600356765020686	0.512654196426986	0.591114868452396	0.498423483471905	0.503184445186692	0.60648274448999	0.495335311247228	0.407120146170404	0.813813989674264	0.595761102649641	0.535206641084674	0.61019991633085	0.38029512019657	0.729249485072927	0.542934465113238	0.508267810125506	0.506700141645516
QQ0801	0.51923795908054	0.537287874978531	0.321352453612328	0.514099750476637	0.689715524146027	0.611402714698355	0.521591130783272	0.501683038767071	0.54602649817743	0.570934138133161	0.549047668730771	0.49289310196174	0.488795330693031	0.768364826641354	0.609532600402015	0.547795270745692	0.583604642304858	0.312426114199578	0.563332888093815	0.469783077014526	0.678259850489788	0.517935898338576	0.547465682657937	0.562640090685966	0.341042342842548	0.559045486550412	0.490774638306972	0.509553117545088	0.593501459690418	0.60905585359519	0.516091671223439	0	0.699936154490265	0.592471011202216	0.671475704809606	0.582876100240214	0.636161426212371	0.562327609824657	0.515880963786056	0.629833272867697	0.523782669338597	0.528964266369758	0.56070749197199	0.615716070950982	0.549164060240093	0.574732782627831	0.473772613114753	0.530503582347015	0.403378508224343	0.605593889408744	0.341535860538923	0.3711273654488	0.558570916197032	0.34627583743533	0.522530699585546	0.78067878761382	0.561952486072926	0.367998519351924	0.566026999629264	0.502946480311709	0.704320012320891	0.438276311560301	0.522057687314112	0.508543862600487
WZ0602	0.735946175107252	0.722828326578771	0.709700335725486	0.710040754400664	0.490042478226987	0.517670520003538	0.728819696815419	0.741585034574702	0.723931988066697	0.722969330807904	0.699831615867004	0.74414075693705	0.750919133146655	0.377655103882415	0.595555900416814	0.726538162418322	0.725547886450319	0.698314429388097	0.755501370540859	0.69682851845014	0.418192384490826	0.746654007396776	0.739580101902616	0.748959892733822	0.688254329958625	0.560624761559759	0.707840188174831	0.694428759245506	0.613755215206135	0.675677681172358	0.742579974172682	0.699936154490265	0	0.719914114169837	0.391256377762216	0.761924025719282	0.468304629419495	0.527553618820946	0.61422801666172	0.519887911607296	0.739569813108575	0.734122911575317	0.728867869074389	0.778401666502026	0.73504013760884	0.700454511987827	0.714562905206331	0.707109542788935	0.729952648354643	0.579671560017417	0.695645934268643	0.691779759426364	0.725730781687712	0.689239849438647	0.734258509155065	0.403777701334712	0.6196720146403	0.715974258603173	0.707809614459452	0.71834357208696	0.429981418152477	0.702537501399306	0.738982209795906	0.715209677904009
BJ0704	0.621469756718767	0.486918654518186	0.537406595904862	0.535504605327866	0.719999168299264	0.641691836908798	0.605133477353567	0.611459908203686	0.64427776740849	0.325625419220755	0.423437206891837	0.620154460618302	0.623603111238663	0.772536855957586	0.671549770913968	0.639551053214988	0.33422504991293	0.585938301436719	0.634532166237393	0.536798248347082	0.71750716645815	0.615501838702499	0.643071839289669	0.61168286650334	0.57304428651324	0.609347491187228	0.5293933875284	0.406601841467145	0.673191822899882	0.67729685274077	0.601871909949315	0.592471011202216	0.719914114169837	0	0.705670369170766	0.651903555016012	0.685926341688477	0.623934518469762	0.610009255715122	0.662217681527614	0.607034906879345	0.618863822444498	0.549176509960066	0.673582624186496	0.584518648125979	0.365455168039914	0.539584268269101	0.41231832708122	0.565201480287642	0.665471408813936	0.589035471127349	0.563291897699244	0.43747377701545	0.549215417611964	0.634342934565298	0.79062449176152	0.616820221122405	0.573696802606289	0.397449937617074	0.607432864596882	0.743130598605373	0.529589558503381	0.609205495671049	0.53412206991517
