ZB_1	ZB_2	ZB_3	ZB_4	ZB_5	ZB_6	ZB_7	ZB_8	ZB_9	ZB_10	ZB_11	ZB_12	ZB_13	ZB_14	ZB_15	ZB_16	ZB_17	ZB_18	ZB_19	ZB_20	ZB_21	ZB_22	ZB_23	ZB_24	ZB_25	ZB_26	ZB_27	ZB_28	ZB_29	ZB_30	ZB_31	ZB_32	ZB_33	ZB_34	ZB_35	ZB_36	ZB_37	ZB_38	ZB_39	ZB_40	ZB_41	ZB_42	ZB_43	ZB_44	ZB_45	ZB_46	ZB_47	ZB_48	ZB_49	ZB_50	ZB_51	ZB_52	ZB_53	ZB_54	ZB_55	ZB_56	ZB_57	ZB_58	ZB_59	ZB_60	ZB_61	ZB_62	ZB_63	ZB_64
ZB_1	0	0.346864895682578	0.321063212874938	0.480988025894166	0.477085453861884	0.593263077920632	0.365896814469151	0.470483693371102	0.380955250664578	0.411933636053786	0.404859995079281	0.408163575067754	0.497903691040777	0.348651433747606	0.61805396140367	0.399914319837987	0.472320450953935	0.329704384548503	0.371265727569965	0.342857740104727	0.278253756206878	0.476001106446186	0.357751072194425	0.451324661506504	0.404537756648412	0.49973001939619	0.455086592587459	0.364280995762107	0.47230358753863	0.41115430617035	0.467123252764313	0.350421622534379	0.439742931080413	0.508060991519896	0.40267901160793	0.355768987192895	0.47646466100475	0.384140616531448	0.411058867964729	0.387905083907873	0.210769602191133	0.349398052459994	0.497559255174087	0.299258557773078	0.482442730846273	0.407824457830858	0.381127969819889	0.447528260069655	0.31030496739361	0.498357390875163	0.354559540695425	0.366432330140602	0.356194606379449	0.47699264758942	0.393596194339837	0.468377454365227	0.451009810145222	0.349149583111099	0.359364320483508	0.384928477374037	0.513498005355484	0.438439875502992	0.366674355573496	0.479566331603194
ZB_2	0.346864895682578	0	0.192132308639246	0.332079984594959	0.248612330822013	0.607266983642988	0.287657724433579	0.427613497373912	0.249613218788438	0.498780071395313	0.302008603010313	0.37310597276689	0.539191546116754	0.313617557190613	0.522341010446576	0.21560770295203	0.386171264236867	0.321833199024691	0.376658871357337	0.0996784182091213	0.350047446420528	0.363287606826348	0.268331347847702	0.47622870946048	0.331104138909185	0.502699633343068	0.435510835732968	0.27550752416672	0.372708575152219	0.461422500638155	0.350245179399048	0.341838128146348	0.373330411312833	0.553469296435065	0.196158225800352	0.277169138692254	0.350623406206848	0.415566424425948	0.480643585797617	0.237392373923739	0.220751639714388	0.248978029893751	0.54348881462313	0.3594252205056	0.379746227242333	0.418473004712854	0.415729793488578	0.476049618320611	0.146044914890574	0.375426754945131	0.305988652076479	0.286775637941422	0.476285535619799	0.429713323424828	0.338219542123425	0.608973648224119	0.472228521068434	0.286018880860217	0.327854553912352	0.309722862853629	0.293192170202952	0.374963829950573	0.257417228372651	0.312627366552721
ZB_3	0.321063212874938	0.192132308639246	0	0.330240244314879	0.359953033298841	0.635154902344861	0.157811340246964	0.435568313146054	0.302732100730962	0.44918905544796	0.361245836394371	0.446117915273169	0.593192435615405	0.274667000349504	0.54527688990411	0.260737608205512	0.372179740021334	0.312617968652559	0.389884484433785	0.202967151804623	0.324226946897262	0.375520904426584	0.229068807504098	0.3571340214941	0.338801734991791	0.539509102052938	0.521385991740456	0.247226083807432	0.392597335859904	0.467846729133052	0.352488448098621	0.356132326348261	0.338840004166121	0.587527048174546	0.291761818333459	0.214880699992379	0.354289281613579	0.422361546499478	0.417934698077314	0.290908879617901	0.245254259648268	0.188230235557983	0.387930271233893	0.29558585206088	0.377886811775672	0.270979236935935	0.416974584970525	0.510657338637507	0.0690420402829721	0.358097382875241	0.143583399102693	0.166463362413171	0.416727297453507	0.405603071768689	0.373434953694503	0.546044266140822	0.484053238177923	0.288781976061957	0.342293547425195	0.312446608679006	0.351689354186872	0.305178334344113	0.300573131591013	0.353752205238166
ZB_4	0.480988025894166	0.332079984594959	0.330240244314879	0	0.333579395496051	0.617523459944617	0.25409612355931	0.228334532160327	0.255382188789129	0.488564592998334	0.400221356300812	0.402892466944817	0.574322172965294	0.208416464803007	0.464632038530985	0.221033729677263	0.384750209564867	0.286341575160194	0.379009198564916	0.268773502655195	0.356214226768637	0.295531684477415	0.294689008538489	0.266264085410376	0.370652855713971	0.531469745916836	0.521773038978113	0.259031233506748	0.307059867989346	0.476918038366386	0.354744141548918	0.344001806427754	0.364027211795125	0.580552569407118	0.36561216120996	0.357226218631826	0.266135707638004	0.431297131411379	0.468832466259519	0.264461740178865	0.392038880325033	0.274321552841492	0.5181674600902	0.345615202834003	0.285173891226309	0.392583821759122	0.484709179409017	0.484193927317646	0.327253668763103	0.371631605534355	0.253138004303937	0.253185625313193	0.464994885036162	0.436248653128885	0.377118566153424	0.592431193685142	0.461567281389474	0.279311196178213	0.34486179414755	0.293337006030437	0.297711147438249	0.307252787379096	0.25021153583405	0.278083124563811
ZB_5	0.477085453861884	0.248612330822013	0.359953033298841	0.333579395496051	0	0.728147932114313	0.289367286753323	0.428754016550882	0.251608899622873	0.49992876831119	0.167146916556249	0.484742290446194	0.668901987241656	0.315223715721658	0.319503859334317	0.217693822688	0.384462378338101	0.323389048610149	0.5223232945003	0.276520573417804	0.351621050978476	0.140117149500148	0.270230950231324	0.303759851681176	0.484768403968213	0.633318641270104	0.596150198962645	0.277355472932915	0.149591405408155	0.594407356459242	0.115905464268771	0.497947373036054	0.517400031202746	0.676279226502151	0.130597396271628	0.220963945567627	0.127094796469564	0.413757360526878	0.481968298029772	0.239420556537907	0.36548080269988	0.250849893342315	0.544584403566579	0.360976120470785	0.161831749415954	0.215655242197027	0.417220080059194	0.578032490721283	0.356380774013294	0.173527667217894	0.30765422169179	0.288487317195513	0.47755350427947	0.542870320735151	0.489254328587918	0.609915003719536	0.470443401248297	0.287881173321803	0.4852952195713	0.311558679911636	0.295071951237044	0.160554510964497	0.259354123145683	0.0790523434507628
ZB_6	0.593263077920632	0.607266983642988	0.635154902344861	0.617523459944617	0.728147932114313	0	0.710291325664688	0.506981775542729	0.717610776428338	0.642493817041958	0.67591021300508	0.327068267865797	0.172943484614923	0.669544801519578	0.784467806449329	0.724211270256971	0.452599186471427	0.634064116595735	0.315416565689205	0.654319458747768	0.679705264079144	0.733380924796917	0.722224254983684	0.650519560126829	0.338368926234681	0.129856670082088	0.307342320898622	0.726819949065797	0.734503020393956	0.225100535410556	0.742289882220786	0.367748399928045	0.335334545627149	0.120828559081123	0.691372590609009	0.682981743429103	0.732628344611559	0.433397122005216	0.680250567644457	0.720018909485924	0.572113339240417	0.739324243332334	0.687996635356792	0.677376371064811	0.722382506040459	0.725036650433983	0.65370709146004	0.290017205443177	0.622097565986695	0.697702040733657	0.706385074869558	0.710476675532417	0.645231468449339	0.278845244558079	0.326052199499974	0.624996150174012	0.391591115400968	0.717080756389212	0.376072786033417	0.705136489306484	0.746433512200987	0.732196637340226	0.722781677458334	0.751135921831559
ZB_7	0.365896814469151	0.287657724433579	0.157811340246964	0.25409612355931	0.289367286753323	0.710291325664688	0	0.363874736904223	0.175431225886051	0.385289347637983	0.359952764318316	0.485073177266486	0.669027602678543	0.166113730848479	0.476599587490941	0.149796971882521	0.440517166530227	0.213045492319403	0.469690178721497	0.238373764789216	0.206603058529056	0.294589089028853	0.161241575720109	0.300186308814397	0.421393444295558	0.615052481403824	0.608996974887925	0.11111497502869	0.312755449021685	0.544474496330739	0.286660623548325	0.452379681216578	0.432357182087135	0.660779557640956	0.325763154817706	0.245822893087851	0.288104774199243	0.50033872606739	0.349306768602757	0.161904812552682	0.298527456986025	0.0674509535997141	0.315764694552857	0.237284548229822	0.289998327665979	0.196864959370409	0.351315234749281	0.546635855186041	0.148782931438851	0.290507084481043	0.0575891191355851	0.0108833516362254	0.371226129827854	0.486056982482276	0.427168057462765	0.495659991085795	0.560469505908478	0.206725231922602	0.426574980127255	0.231381193005358	0.265942976991444	0.271889929716549	0.174947123740917	0.281069809009963
ZB_8	0.470483693371102	0.427613497373912	0.435568313146054	0.228334532160327	0.428754016550882	0.506981775542729	0.363874736904223	0	0.344336256555756	0.470717115191774	0.477751711834115	0.26216487923877	0.453324120346591	0.262219462983082	0.517712740268521	0.365083930454646	0.340212010044665	0.291569720795892	0.374301953967084	0.379212064571929	0.351541862987836	0.398337032797304	0.389432784299476	0.364229999261154	0.269887897740866	0.406985904327793	0.486416295444234	0.378798509728616	0.37576354679803	0.356089734632854	0.437824225731007	0.340815041305849	0.278134335227225	0.460972652955193	0.453258126201599	0.450164555213353	0.3727527345672	0.445050773683266	0.526136124774036	0.3334021150374	0.406864644386835	0.370994800197179	0.596071758758385	0.335220918989364	0.366890749529349	0.448909032281179	0.543036528312139	0.357097988865764	0.417766348843526	0.34734162075964	0.38051222534768	0.36307413891457	0.481932539927237	0.310383428913108	0.359250323841994	0.56749274813974	0.481226902159347	0.346717823059066	0.327416176900128	0.372538914414493	0.414228367340915	0.416112506278252	0.320623764078755	0.383871257686863
ZB_9	0.380955250664578	0.249613218788438	0.302732100730962	0.255382188789129	0.251608899622873	0.717610776428338	0.175431225886051	0.344336256555756	0	0.369114343892353	0.376700164429048	0.453524562352704	0.649105310899476	0.20771635937383	0.42704477778087	0.0567438663089567	0.505770569620253	0.254009068926811	0.479841466279155	0.203428153116904	0.158984877848665	0.242177176614585	0.114696671678066	0.37981746517047	0.476237016359958	0.620561474899027	0.574547426531072	0.104194543534968	0.233213634942781	0.576448067494015	0.247919007809667	0.461862686194206	0.485131721338325	0.669686156098454	0.293851012698578	0.369846957097148	0.246862099264183	0.530646332238429	0.317202005058077	0.0160250756048387	0.345666042584355	0.136234921934196	0.474636338740596	0.203256461641517	0.252599115669008	0.294448180492148	0.321082738251019	0.552510800832117	0.288765170662841	0.332296859462412	0.195003076136373	0.165358223153304	0.363782356398434	0.521381303984397	0.459989494266645	0.4948689287941	0.575778285768152	0.0849785803123129	0.449013975938994	0.0801048813361805	0.216496421619651	0.279303273802427	0.0476975755063184	0.252709278029155
ZB_10	0.411933636053786	0.498780071395313	0.44918905544796	0.488564592998334	0.49992876831119	0.642493817041958	0.385289347637983	0.470717115191774	0.369114343892353	0	0.544962039318216	0.513499308975532	0.605253883774453	0.37603233918541	0.630319684854551	0.391708053869566	0.544570424735024	0.324974862638017	0.504933174604273	0.457791110265394	0.260864660745412	0.488862811757143	0.384967218272839	0.506103893371686	0.560434834786783	0.605651086754026	0.585111122812276	0.326134720866756	0.467609681998047	0.558262893066849	0.450744059177491	0.515794906476357	0.545728236353572	0.602376127057656	0.524443257634959	0.522765607936348	0.489195534168287	0.5683577653402	0.419673303581645	0.377424692438559	0.458561913424398	0.374037993062642	0.439769234380653	0.221680051974621	0.473511682857534	0.437205379500624	0.462962325639268	0.523556571798284	0.467541217258108	0.48331187205901	0.372746834954454	0.385880257821929	0.378111860612844	0.518504247981968	0.503988339011385	0.487257610649372	0.536395886112765	0.367274756044928	0.515103893836214	0.324782700273819	0.329418409555293	0.497047274978924	0.386863473151624	0.48696777582668
ZB_11	0.404859995079281	0.302008603010313	0.361245836394371	0.400221356300812	0.167146916556249	0.67591021300508	0.359952764318316	0.477751711834115	0.376700164429048	0.544962039318216	0	0.441720598316668	0.587387994989883	0.356209600548092	0.39635229732457	0.348453888028607	0.348262883697607	0.39263809190262	0.438006431438909	0.319548549440361	0.451780609704369	0.242380141201493	0.357098386041091	0.34248628760263	0.476535259888702	0.585729562237397	0.60632616047159	0.393997379273134	0.250966534365886	0.511195627354721	0.263679139860475	0.410303492346836	0.452797757868243	0.598009175517416	0.200109886545957	0.208935861315547	0.230693424293067	0.32663063610718	0.565583689829267	0.366549065308664	0.313598044204675	0.337484102208348	0.58121444437155	0.4596905372259	0.259805467007625	0.296047760522592	0.511286468570548	0.536593291867014	0.357968228023393	0.288988442826743	0.375806708591458	0.359189870570483	0.558259410213378	0.476162159860575	0.424136237637822	0.663480441878907	0.382833059339038	0.378911176386073	0.398006365498626	0.42662952379432	0.412898500981785	0.222495992690198	0.354685828770294	0.191563831995019
ZB_12	0.408163575067754	0.37310597276689	0.446117915273169	0.402892466944817	0.484742290446194	0.327068267865797	0.485073177266486	0.26216487923877	0.453524562352704	0.513499308975532	0.441720598316668	0	0.255464213251242	0.459518444438818	0.652827236127568	0.462286367133764	0.268128094077838	0.438195453163531	0.204223977664424	0.391370172773204	0.450058576301651	0.533302161511388	0.448980964796966	0.441815150389784	0.133697186670862	0.214814814814815	0.317363068923529	0.487510491887734	0.530835612539735	0.174253510389937	0.501378135362037	0.206654265304216	0.127756829732894	0.284825474017087	0.444845009923584	0.482618297276044	0.533052041593015	0.30085303581312	0.589120541239039	0.444194811506754	0.333775945209309	0.481103849688553	0.651315180380821	0.442091479251998	0.538410429450764	0.517211695802981	0.537765165391759	0.137954839846596	0.435463735951794	0.469640798391533	0.490716711939361	0.49008057654772	0.544742755384033	0.132552944736663	0.193778235203887	0.624980179234399	0.341386122571076	0.43780725350153	0.172938504722345	0.4587373199838	0.542437197470233	0.525789991971499	0.450189589796622	0.523629406114102
ZB_13	0.497903691040777	0.539191546116754	0.593192435615405	0.574322172965294	0.668901987241656	0.172943484614923	0.669027602678543	0.453324120346591	0.649105310899476	0.605253883774453	0.587387994989883	0.255464213251242	0	0.627093930090935	0.79930952200415	0.657513491918392	0.406894031350745	0.590847596429449	0.341285372092079	0.59292285539939	0.618831325942107	0.685011296785091	0.654983355843872	0.611589138455985	0.292075026053036	0.157667165815085	0.224981285601422	0.660833820893971	0.681983722427826	0.199555171576678	0.680491529626173	0.321094205156692	0.289689120708471	0.0836089094705178	0.631303122119885	0.646156595246537	0.686794044800087	0.390483446700596	0.601321473050305	0.65217413729077	0.484992567621373	0.676727374990812	0.638712887334296	0.60764347826087	0.682532262514177	0.685983521693332	0.575635742479661	0.315451859255947	0.580666241457288	0.644099899405417	0.664533735732747	0.669240813871588	0.567436099495162	0.229548466565138	0.34195194296726	0.647053864627751	0.346217437023418	0.648429693758569	0.330097995962513	0.633186957436161	0.678568760997539	0.690235775834996	0.655693234014238	0.697742273801591
ZB_14	0.348651433747606	0.313617557190613	0.274667000349504	0.208416464803007	0.315223715721658	0.669544801519578	0.166113730848479	0.262219462983082	0.20771635937383	0.37603233918541	0.356209600548092	0.459518444438818	0.627093930090935	0	0.434570009489664	0.193049946810817	0.447862810810645	0.148861830140857	0.408222674637945	0.245714706946079	0.222314924750505	0.274391822523769	0.227108118181543	0.374844383530352	0.399962404730169	0.583821220501622	0.582243136678217	0.213060809813249	0.26814983251535	0.505468303895671	0.318924365232188	0.374528907423809	0.405519341963232	0.631018445359534	0.349463969927041	0.309165497680011	0.243584485784014	0.45993263117787	0.435878315312182	0.217987532938832	0.263472853073536	0.187669122343408	0.452593539994612	0.208599104656138	0.24503491245275	0.326003412716077	0.454482864680066	0.539394080882598	0.255662852832754	0.356011407218016	0.163973500820728	0.165125969862369	0.361571356844821	0.465417000801925	0.406066722490578	0.485112218265715	0.490547933009526	0.233775236114721	0.375120151092775	0.247449654410166	0.273634534255391	0.24868779041838	0.202836944499661	0.256318273470563
ZB_15	0.61805396140367	0.522341010446576	0.54527688990411	0.464632038530985	0.319503859334317	0.784467806449329	0.476599587490941	0.517712740268521	0.42704477778087	0.630319684854551	0.39635229732457	0.652827236127568	0.79930952200415	0.434570009489664	0	0.448396266699201	0.529544904286975	0.449550103737413	0.638607357653011	0.475194112349506	0.503685685311083	0.244961492705529	0.494421611725105	0.412513613237756	0.660452285773652	0.761621916111869	0.777782635841668	0.462887859892538	0.200264148588781	0.725415351269143	0.323880847783439	0.627102548403874	0.660607646628336	0.80680343952155	0.356646444772367	0.375848837350054	0.23806834507426	0.555471899702011	0.626825098647265	0.434324965655052	0.576730553103051	0.468765831595186	0.739807124142929	0.488605561218977	0.212906803981031	0.364580269628799	0.651243204581291	0.639332019183873	0.523827272243225	0.363641234921424	0.47819742527989	0.475692067562294	0.658539912646678	0.695104949029164	0.64214783418275	0.598080271886952	0.57470411325265	0.449798925939803	0.625548611598494	0.448621019571954	0.525726889032182	0.30030201905771	0.419475458973398	0.254811731832659
ZB_16	0.399914319837987	0.21560770295203	0.260737608205512	0.221033729677263	0.217693822688	0.724211270256971	0.149796971882521	0.365083930454646	0.0567438663089567	0.391708053869566	0.348453888028607	0.462286367133764	0.657513491918392	0.193049946810817	0.448396266699201	0	0.483373417721519	0.280905446040762	0.498215146800981	0.166683107403004	0.191368569951851	0.231591627395964	0.10197005562269	0.404641971559133	0.462927358628824	0.629397065524769	0.586437278136883	0.0866664730483271	0.261575146243974	0.58620639142168	0.222671133633346	0.481621725745636	0.460855755659104	0.677153018545815	0.261850235003945	0.341290111725757	0.236394977799083	0.541626313475707	0.345271840148699	0.0711168356572661	0.335163592907206	0.121455168874281	0.454405499741204	0.224666679208469	0.279593646968252	0.317329832495927	0.347639734045199	0.558949503463899	0.274956067228405	0.301496395551504	0.180036879111745	0.159661106865317	0.348426321373194	0.528285642193701	0.468253299514208	0.514182069628681	0.590864043429047	0.123096618499662	0.469127158052274	0.11998480894802	0.174876065134167	0.268702440952663	0.0873686688837223	0.218237520273923
ZB_17	0.472320450953935	0.386171264236867	0.372179740021334	0.384750209564867	0.384462378338101	0.452599186471427	0.440517166530227	0.340212010044665	0.505770569620253	0.544570424735024	0.348262883697607	0.268128094077838	0.406894031350745	0.447862810810645	0.529544904286975	0.483373417721519	0	0.446999068950639	0.340247662865254	0.399167721518987	0.464615506329114	0.401479236795039	0.514142628454682	0.309888222226645	0.266416820081237	0.359090607769839	0.478696659736329	0.474223101265823	0.414767375565257	0.323717239439596	0.416153481012658	0.309739401068112	0.196140500304405	0.413838593114138	0.300106012658228	0.273533270766767	0.39200060964325	0.228886400672713	0.615113924050633	0.497721518987342	0.415195605254536	0.452722946500315	0.623534829202947	0.471401898734177	0.405807785082092	0.387657835330307	0.60914392514156	0.322881729526215	0.339209520974424	0.281526898734177	0.453630832775173	0.439886135298058	0.555969936708861	0.292380409689956	0.307740949794169	0.646245253164557	0.283042711728603	0.526628605346808	0.298143588769479	0.545360759493671	0.534473101265823	0.405792663789421	0.507665633127406	0.379977975460602
ZB_18	0.329704384548503	0.321833199024691	0.312617968652559	0.286341575160194	0.323389048610149	0.634064116595735	0.213045492319403	0.291569720795892	0.254009068926811	0.324974862638017	0.39263809190262	0.438195453163531	0.590847596429449	0.148861830140857	0.449550103737413	0.280905446040762	0.446999068950639	0	0.409266817128504	0.322462070939704	0.189700784753918	0.320940556584367	0.329714396355247	0.375698869051639	0.427299201316104	0.555346637425259	0.55910930429344	0.22392951662533	0.287538942870561	0.505229669450394	0.389466328014982	0.376102643516014	0.475612781307425	0.603645627087147	0.411375113519347	0.342065631092572	0.298322634174297	0.460276544314694	0.382348086850318	0.263275097974582	0.282227622304018	0.241470335599841	0.487824408911774	0.151723980326387	0.265036412824193	0.327735123759227	0.355201281715283	0.459390431375815	0.293741717038679	0.362051612928152	0.211556129299744	0.212098075136933	0.34658606183626	0.465694971145919	0.407130494635669	0.432306571159418	0.477776738400135	0.278401640845328	0.376671636535015	0.27041061176608	0.356373817219328	0.338284647821463	0.248758988633728	0.329705456240736
ZB_19	0.371265727569965	0.376658871357337	0.389884484433785	0.379009198564916	0.5223232945003	0.315416565689205	0.469690178721497	0.374301953967084	0.479841466279155	0.504933174604273	0.438006431438909	0.204223977664424	0.341285372092079	0.408222674637945	0.638607357653011	0.498215146800981	0.340247662865254	0.409266817128504	0	0.437723056452193	0.472635837596783	0.51577276427674	0.4677285504884	0.398031699375467	0.189164660273414	0.228681465561116	0.31354172061484	0.516864996439092	0.526803472621528	0.180065466285527	0.544793986724674	0.0886259708209334	0.181706446496694	0.288442600115325	0.484376353646581	0.445384953467001	0.517673778730735	0.217467146596229	0.614749631172438	0.484438768861901	0.314218867035288	0.49651312152317	0.628593034448807	0.479179212744991	0.514908443731435	0.497897681442963	0.565843964245422	0.296102634575494	0.374021215516607	0.589064237118664	0.456390755470865	0.464355900519484	0.572064111679291	0.194508398997016	0.0618470821325648	0.640702596232425	0.238703362133126	0.462778541953232	0.0696827439322004	0.491601861238175	0.580668078626198	0.482545768175065	0.474109787773753	0.540920593666644
ZB_20	0.342857740104727	0.0996784182091213	0.202967151804623	0.268773502655195	0.276520573417804	0.654319458747768	0.238373764789216	0.379212064571929	0.203428153116904	0.457791110265394	0.319548549440361	0.391370172773204	0.59292285539939	0.245714706946079	0.475194112349506	0.166683107403004	0.399167721518987	0.322462070939704	0.437723056452193	0	0.315626143496496	0.302683248954435	0.224803613610728	0.449396715115168	0.393905531439378	0.549027311240759	0.513975503264943	0.208933485603892	0.312602200788177	0.52006858364813	0.296233001401759	0.406205563474961	0.386885329351478	0.604683149809195	0.152443903052968	0.233926056835284	0.289282243874255	0.47510255436563	0.432919620262717	0.19022278063039	0.237569685259355	0.205873099616172	0.514326925549548	0.303820088016957	0.321339122992608	0.384255450959316	0.451778496362167	0.489188693860049	0.155057901139999	0.320940095209711	0.25814648834279	0.237422298900554	0.430824469854667	0.489905847226662	0.400131858149105	0.566400049426369	0.517876526623734	0.243667660523058	0.392221989240965	0.243317550022911	0.225196589119523	0.336714645889724	0.212809817572703	0.246692118496212
ZB_21	0.278253756206878	0.350047446420528	0.324226946897262	0.356214226768637	0.351621050978476	0.679705264079144	0.206603058529056	0.351541862987836	0.158984877848665	0.260864660745412	0.451780609704369	0.450058576301651	0.618831325942107	0.222314924750505	0.503685685311083	0.191368569951851	0.464615506329114	0.189700784753918	0.472635837596783	0.315626143496496	0	0.333813586992509	0.240523896030558	0.402925327478211	0.472306489337857	0.583243634754092	0.529841174296212	0.142628857556698	0.340460340872222	0.548097456404337	0.346256625106084	0.438302083766811	0.486750685223307	0.633261975716721	0.385106581029508	0.392885495830186	0.349522896508673	0.502328704951994	0.298572126481335	0.170917214719614	0.352919208004717	0.18143296579962	0.453274117885946	0.104770225898733	0.355593675317055	0.316721250834551	0.303236380129277	0.482825363094077	0.318702158024478	0.358869322641506	0.235198527438742	0.207415364026504	0.235445037073357	0.516295299100376	0.449275237821985	0.351968185257527	0.552568771099375	0.217747135014418	0.45188625090416	0.218433678336015	0.340566631689402	0.376403933184507	0.184440048616274	0.35411353734991
ZB_22	0.476001106446186	0.363287606826348	0.375520904426584	0.295531684477415	0.140117149500148	0.733380924796917	0.294589089028853	0.398337032797304	0.242177176614585	0.488862811757143	0.242380141201493	0.533302161511388	0.685011296785091	0.274391822523769	0.244961492705529	0.231591627395964	0.401479236795039	0.320940556584367	0.51577276427674	0.302683248954435	0.333813586992509	0	0.283081565181403	0.255503981861866	0.529758028038095	0.646479246864195	0.646402327085128	0.269837588671134	0.0691489494357504	0.608316064107343	0.125049934160884	0.509775918383281	0.521803245448569	0.694881052750011	0.186808932657091	0.210445087334923	0.0352940593740635	0.425700828962501	0.462107204393059	0.251685897657256	0.408973200385781	0.302153585287705	0.551947586996993	0.352847282139776	0.0820337905572263	0.188806355709443	0.478768307041885	0.60404665285621	0.377154502840104	0.197075450976378	0.311151183499301	0.293681995872392	0.458525350907577	0.574599415460651	0.520926071532494	0.578069540566101	0.456548035163999	0.266966272180592	0.498352248352248	0.281079123389533	0.335114998773638	0.0992315307423313	0.237022164559397	0.0657597252948733
ZB_23	0.357751072194425	0.268331347847702	0.229068807504098	0.294689008538489	0.270230950231324	0.722224254983684	0.161241575720109	0.389432784299476	0.114696671678066	0.384967218272839	0.357098386041091	0.448980964796966	0.654983355843872	0.227108118181543	0.494421611725105	0.10197005562269	0.514142628454682	0.329714396355247	0.4677285504884	0.224803613610728	0.240523896030558	0.283081565181403	0	0.34865643832426	0.432238473932785	0.61506404793653	0.568367307936035	0.170530782476463	0.312112462952057	0.546922889398869	0.2248137275298	0.455001659984166	0.43571645003827	0.663974641675855	0.310496016618601	0.350029656349485	0.286910008824288	0.500226308876603	0.336929538689601	0.0995822513266343	0.278710986036578	0.133281282418074	0.406770830461845	0.234178237003552	0.328519214410574	0.24864468091231	0.339735521656682	0.560263935825708	0.284715901410355	0.347498525789634	0.167264652883662	0.162142476367417	0.340656466948177	0.489980731499778	0.460859811396434	0.508430152313953	0.563838694684066	0.0826979365622285	0.421757166144525	0.10815206595153	0.240246095868901	0.234781370587653	0.115210898336112	0.271603001915408
ZB_24	0.451324661506504	0.47622870946048	0.3571340214941	0.266264085410376	0.303759851681176	0.650519560126829	0.300186308814397	0.364229999261154	0.37981746517047	0.506103893371686	0.34248628760263	0.441815150389784	0.611589138455985	0.374844383530352	0.412513613237756	0.404641971559133	0.309888222226645	0.375698869051639	0.398031699375467	0.449396715115168	0.402925327478211	0.255503981861866	0.34865643832426	0	0.402387319098864	0.561515948415889	0.548063471087753	0.371833649158609	0.256932181062574	0.476561126760563	0.261287674688357	0.383987431458321	0.411881963099002	0.605715095733653	0.335408917364445	0.238284329522634	0.249969960828921	0.277131233960955	0.484569810904961	0.369308697879654	0.432320581062562	0.333786425621569	0.489595354127404	0.399460665946495	0.242478178183059	0.135633947263589	0.481327046363677	0.503067399102792	0.374924195401069	0.304196623801867	0.297957067935114	0.293045642885673	0.50734862428993	0.443013511281526	0.417916395650302	0.595569259847099	0.337268381884888	0.340487612622157	0.35372030564072	0.391158048193384	0.488060702938448	0.198823500555955	0.357027466988382	0.269172932330827
ZB_25	0.404537756648412	0.331104138909185	0.338801734991791	0.370652855713971	0.484768403968213	0.338368926234681	0.421393444295558	0.269887897740866	0.476237016359958	0.560434834786783	0.476535259888702	0.133697186670862	0.292075026053036	0.399962404730169	0.660452285773652	0.462927358628824	0.266416820081237	0.427299201316104	0.189164660273414	0.393905531439378	0.472306489337857	0.529758028038095	0.432238473932785	0.402387319098864	0	0.237820917333688	0.297618210312372	0.482695726416757	0.542503203094874	0.159170607322654	0.500983664034905	0.191159661724828	0.0875796313634997	0.297035736567955	0.44584243456081	0.426474818850351	0.523596133481935	0.285409657102005	0.606095287352506	0.46729502591894	0.283220014918591	0.455174588506685	0.584185870968757	0.469753200166014	0.530686833038198	0.477261472106678	0.556861566525892	0.255661336230057	0.329398097165924	0.47002392261028	0.426757790787365	0.421793619100217	0.552643756249989	0.123596645533597	0.184344077784612	0.640473448876572	0.325495439906321	0.461430191187395	0.157731443434352	0.481816919417348	0.540917178836979	0.488690926083316	0.472804322639232	0.52272041527605
ZB_26	0.49973001939619	0.502699633343068	0.539509102052938	0.531469745916836	0.633318641270104	0.129856670082088	0.615052481403824	0.406985904327793	0.620561474899027	0.605651086754026	0.585729562237397	0.214814814814815	0.157667165815085	0.583821220501622	0.761621916111869	0.629397065524769	0.359090607769839	0.555346637425259	0.228681465561116	0.549027311240759	0.583243634754092	0.646479246864195	0.61506404793653	0.561515948415889	0.237820917333688	0	0.256446974679062	0.632889547958153	0.653584581222404	0.191455276000621	0.642991416036313	0.280659905584894	0.236231981314744	0.0884159806506521	0.596390781272648	0.598309291902361	0.652386524933145	0.338733482173568	0.579566462601528	0.611993491903618	0.475273415883232	0.638865025866123	0.633860482784324	0.588138485100895	0.647508294161241	0.634645184983922	0.546328057274385	0.295894614416614	0.527856206749492	0.604445264359735	0.621044691624313	0.615298763196449	0.538577628613752	0.243916108867948	0.225735582841398	0.607672243174911	0.376233775963141	0.607902275129483	0.275620361906121	0.611968113003042	0.689009697422097	0.652615289110918	0.615840124602488	0.656778643519971
ZB_27	0.455086592587459	0.435510835732968	0.521385991740456	0.521773038978113	0.596150198962645	0.307342320898622	0.608996974887925	0.486416295444234	0.574547426531072	0.585111122812276	0.60632616047159	0.317363068923529	0.224981285601422	0.582243136678217	0.777782635841668	0.586437278136883	0.478696659736329	0.55910930429344	0.31354172061484	0.513975503264943	0.529841174296212	0.646402327085128	0.568367307936035	0.548063471087753	0.297618210312372	0.256446974679062	0	0.606060430487558	0.653277232090701	0.281562495964819	0.619468946009996	0.300968582398264	0.368006076537869	0.249409301512542	0.552709006474333	0.590699214744712	0.652768982493412	0.363857573544428	0.541711130112912	0.564215366679462	0.44650325419106	0.600098037571129	0.559584879209583	0.556989946411441	0.659339755659225	0.631868820056517	0.476768761653648	0.415799316160242	0.508215579987362	0.670498138639079	0.615907761533934	0.609286766567058	0.486788413638612	0.311581230858976	0.309745303868382	0.58424207993275	0.360542985461074	0.558662240104	0.295246369845921	0.583980701354295	0.61008400286244	0.644533742414575	0.569414564836964	0.642955099336165
ZB_28	0.364280995762107	0.27550752416672	0.247226083807432	0.259031233506748	0.277355472932915	0.726819949065797	0.11111497502869	0.378798509728616	0.104194543534968	0.326134720866756	0.393997379273134	0.487510491887734	0.660833820893971	0.213060809813249	0.462887859892538	0.0866664730483271	0.474223101265823	0.22392951662533	0.516864996439092	0.208933485603892	0.142628857556698	0.269837588671134	0.170530782476463	0.371833649158609	0.482695726416757	0.632889547958153	0.606060430487558	0	0.27955600141456	0.602450192994654	0.242149881060703	0.501453821285762	0.496855544775411	0.680107348226634	0.316565430462137	0.329623263489604	0.273863203577188	0.558931326691036	0.267966932598235	0.117398384348814	0.384665313223855	0.0810993921762744	0.411510161745162	0.158719325344084	0.29682095786871	0.278310159233743	0.300985272969299	0.52236262626082	0.243365894756017	0.268202389473105	0.141901771375153	0.11208168107825	0.298730677739812	0.55084595963807	0.492329062452178	0.44813954527181	0.594703448275862	0.166924450748998	0.489184331821381	0.135300083360669	0.222249967367925	0.325283981843228	0.132344353958908	0.256448874786614
ZB_29	0.47230358753863	0.372708575152219	0.392597335859904	0.307059867989346	0.149591405408155	0.734503020393956	0.312755449021685	0.37576354679803	0.233213634942781	0.467609681998047	0.250966534365886	0.530835612539735	0.681983722427826	0.26814983251535	0.200264148588781	0.261575146243974	0.414767375565257	0.287538942870561	0.526803472621528	0.312602200788177	0.340460340872222	0.0691489494357504	0.312112462952057	0.256932181062574	0.542503203094874	0.653584581222404	0.653277232090701	0.27955600141456	0	0.611736895426063	0.134147491512637	0.501792605748883	0.544882170857215	0.701968419600858	0.19600808875772	0.227607438700124	0.0474794870901772	0.428148770764231	0.437352434671924	0.243000080285817	0.438403021067276	0.294176412362063	0.570307655456334	0.308963109727333	0.0259652372132782	0.189726414684007	0.47432067847041	0.598664099265734	0.378921171317742	0.206146743370571	0.312473499508331	0.311847929093038	0.485363509561716	0.577890807192918	0.523868898347748	0.569603264458911	0.445822234053917	0.258542912769459	0.501277604356786	0.249507650356007	0.346251734177463	0.118623336587127	0.228084480751475	0.0753365769779393
ZB_30	0.41115430617035	0.461422500638155	0.467846729133052	0.476918038366386	0.594407356459242	0.225100535410556	0.544474496330739	0.356089734632854	0.576448067494015	0.558262893066849	0.511195627354721	0.174253510389937	0.199555171576678	0.505468303895671	0.725415351269143	0.58620639142168	0.323717239439596	0.505229669450394	0.180065466285527	0.52006858364813	0.548097456404337	0.608316064107343	0.546922889398869	0.476561126760563	0.159170607322654	0.191455276000621	0.281562495964819	0.602450192994654	0.611736895426063	0	0.613831590285998	0.177000283643348	0.158707419073079	0.184070359276229	0.557831620058862	0.518345342742885	0.60188321295442	0.243022641811345	0.652999794182217	0.567972997062797	0.402035648083055	0.575098898361338	0.599672511499831	0.561971005739439	0.60014609706773	0.567885434332014	0.604672063666301	0.285995487537797	0.457138319934718	0.57774230714868	0.550148503541238	0.544768925612485	0.610232536140569	0.0890777468590751	0.19154445178206	0.686745334796926	0.237052331440651	0.543372689859535	0.172337274333394	0.584190932351952	0.605594163076389	0.569605294612023	0.552642976950773	0.612332646265589
ZB_31	0.467123252764313	0.350245179399048	0.352488448098621	0.354744141548918	0.115905464268771	0.742289882220786	0.286660623548325	0.437824225731007	0.247919007809667	0.450744059177491	0.263679139860475	0.501378135362037	0.680491529626173	0.318924365232188	0.323880847783439	0.222671133633346	0.416153481012658	0.389466328014982	0.544793986724674	0.296233001401759	0.346256625106084	0.125049934160884	0.2248137275298	0.261287674688357	0.500983664034905	0.642991416036313	0.619468946009996	0.242149881060703	0.134147491512637	0.613831590285998	0	0.536420815450292	0.509617564839876	0.687681121199563	0.165807208596239	0.255583261714258	0.131692019862494	0.427681370315719	0.417181355884003	0.234837750754094	0.406908634230279	0.265987088811886	0.511146538555942	0.312422589843788	0.155536138716907	0.148607010344655	0.437419024265271	0.589569361101306	0.380088275618771	0.187378736992788	0.292895997024501	0.294572522779893	0.433836487994927	0.561079301732958	0.533938044825522	0.564191284794914	0.47830176593148	0.222451016771105	0.507493023394388	0.221303500627387	0.318124182144632	0.146883817279189	0.246359118792772	0.0892034655542665
ZB_32	0.350421622534379	0.341838128146348	0.356132326348261	0.344001806427754	0.497947373036054	0.367748399928045	0.452379681216578	0.340815041305849	0.461862686194206	0.515794906476357	0.410303492346836	0.206654265304216	0.321094205156692	0.374528907423809	0.627102548403874	0.481621725745636	0.309739401068112	0.376102643516014	0.0886259708209334	0.406205563474961	0.438302083766811	0.509775918383281	0.455001659984166	0.383987431458321	0.191159661724828	0.280659905584894	0.300968582398264	0.501453821285762	0.501792605748883	0.177000283643348	0.536420815450292	0	0.183482618736188	0.338837532543814	0.458143149805897	0.418020423001378	0.492571277993936	0.1670477172582	0.584527120296498	0.466845910759014	0.295463956597722	0.468731375384153	0.600014348231581	0.441519534014408	0.489369581103233	0.487768694732951	0.532597617770701	0.303060181006026	0.339847927735535	0.569717337463562	0.425771675349893	0.446748629064862	0.539735837767766	0.196675415573053	0.119655020589987	0.620787650594083	0.214208229226593	0.449618354585308	0.038895194012358	0.479621160070915	0.556883157158388	0.455240492429003	0.456023912157046	0.517454901992045
ZB_33	0.439742931080413	0.373330411312833	0.338840004166121	0.364027211795125	0.517400031202746	0.335334545627149	0.432357182087135	0.278134335227225	0.485131721338325	0.545728236353572	0.452797757868243	0.127756829732894	0.289689120708471	0.405519341963232	0.660607646628336	0.460855755659104	0.196140500304405	0.475612781307425	0.181706446496694	0.386885329351478	0.486750685223307	0.521803245448569	0.43571645003827	0.411881963099002	0.0875796313634997	0.236231981314744	0.368006076537869	0.496855544775411	0.544882170857215	0.158707419073079	0.509617564839876	0.183482618736188	0	0.294665793422692	0.438854839753367	0.419976328345695	0.515767762092991	0.28329397784921	0.617099696140526	0.476407465781264	0.327327179244415	0.459532721704456	0.595802357161419	0.479666643148243	0.533281501756543	0.490520154021475	0.610646456816289	0.248520340284733	0.336302935673439	0.462945024097506	0.431764737409807	0.431681857325614	0.55361191930824	0.117775402596123	0.178169580310157	0.650517444319322	0.317103639493609	0.476725915233224	0.150336524280696	0.496744881749094	0.531984932297146	0.48115460122129	0.487469599953998	0.514923386133582
ZB_34	0.508060991519896	0.553469296435065	0.587527048174546	0.580552569407118	0.676279226502151	0.120828559081123	0.660779557640956	0.460972652955193	0.669686156098454	0.602376127057656	0.598009175517416	0.284825474017087	0.0836089094705178	0.631018445359534	0.80680343952155	0.677153018545815	0.413838593114138	0.603645627087147	0.288442600115325	0.604683149809195	0.633261975716721	0.694881052750011	0.663974641675855	0.605715095733653	0.297035736567955	0.0884159806506521	0.249409301512542	0.680107348226634	0.701968419600858	0.184070359276229	0.687681121199563	0.338837532543814	0.294665793422692	0	0.640324652507762	0.639501959917839	0.694595945297921	0.391799866508748	0.635981019262666	0.661374390546776	0.482980880880561	0.684171947052889	0.630193605311309	0.638089915832212	0.69040267159933	0.677590409782092	0.603096377924307	0.35535665629051	0.575507843781364	0.652383724946464	0.666841919976879	0.660990577212597	0.595248183149973	0.237156256842613	0.285170136308507	0.669898693559477	0.371012295030392	0.657911720964167	0.333678015404389	0.663165187812753	0.686536922607311	0.694482017481015	0.664632044649489	0.703811843124477
