ZB_1	ZB_2	ZB_4	ZB_5	ZB_6	ZB_7	ZB_8	ZB_9	ZB_10	ZB_11	ZB_12	ZB_13	ZB_14	ZB_15	ZB_16	ZB_17	ZB_18	ZB_19	ZB_20	ZB_21	ZB_23	ZB_24	ZB_25	ZB_26	ZB_27	ZB_28	ZB_29	ZB_30	ZB_31	ZB_32	ZB_33	ZB_34	ZB_35	ZB_36	ZB_37	ZB_38	ZB_39	ZB_40	ZB_41	ZB_42	ZB_44	ZB_45	ZB_46	ZB_47	ZB_48	ZB_50	ZB_52	ZB_54	ZB_55	ZB_56	ZB_57	ZB_58	ZB_59	ZB_60	ZB_61	ZB_62	ZB_63	ZB_64
ZB_1	0	0.961835646680288	0.807052956542389	0.961835646680288	1	0.807052956542389	0.931940023454515	0.939898289412853	0.795468848332285	0.961835646680288	1	1	0.951859696938277	0.954631749399743	0.937377162896451	0.964322567896898	0.921758389908036	1	0.961835646680288	0	0.93034122085048	0	1	1	1	0	0.879740980573543	0.97055759387598	0.852967788635541	0.966378382851941	1	1	0.961835646680288	1	0	1	0.612310628653227	0.80106506702577	0.964931968017955	0.824457167548882	0.612310628653227	0.963193241146559	0	1	1	0.961835646680288	0	1	0.968801297866009	0	0.969567863664029	0.836904702162895	1	0.893327206485706	0.961835646680288	0.918940489848855	0.939898289412853	0.959991136497932
ZB_2	0.961835646680288	0	0.802202963902393	0	0.766682217886731	0.802202963902393	0.609786201414167	0.490290051504473	0.813405669461472	0	0.751293578759861	0.862774620408856	0.207226567087062	0.158787195565889	0.513895364597452	0.145106293411913	0.674783481862684	0.705402767024607	0	0.961835646680288	0.570734616427216	0.961835646680288	0.862774620408856	0.826490796505217	0.862774620408856	0.961835646680288	0.803138769457277	0.683522402127445	0.740435425914183	0.77589793651328	0.781943619758532	0.73660552871183	0	0.906389894507377	0.961835646680288	0.723068637021577	0.901559454191033	0.808156603020268	0.769716633920912	0.782592357735034	0.901559454191033	0.119197614529683	0.961835646680288	0.939723807510745	0.858795033495537	0	0.961835646680288	0.797332258885402	0.725357659810819	0.961835646680288	0.707691789813849	0.765999671199418	0.797778301410442	0.874761571100471	0	0.827228464419476	0.490290051504473	0.0461025388102116
ZB_4	0.807052956542389	0.802202963902393	0	0.802202963902393	0.853144209059384	0	0.647260847713185	0.688506703652335	0.319609856262834	0.802202963902393	0.856518618593262	1	0.920587595490665	0.842172758083723	0.675440286716251	0.815092102663183	0.706302074100337	0.876849209584636	0.802202963902393	0.807052956542389	0.765528101246136	0.807052956542389	1	0.968800135100904	1	0.807052956542389	0.919988182870085	0.847406803460615	0.237965979008324	0.942163240200555	0.907438728451219	0.867368448963899	0.802202963902393	1	0.807052956542389	0.873850465381724	0.673729036328269	0.334872283836001	0.939931278129991	0.400380021715527	0.673729036328269	0.809239062730042	0.807052956542389	0.844592818463803	1	0.802202963902393	0.807052956542389	0.905272324596297	0.877005595716447	0.807052956542389	0.879929338225302	0.154714708686707	0.972451585245382	0.926238623726198	0.802202963902393	0.939465057368499	0.688506703652335	0.792643293283435
ZB_5	0.961835646680288	0	0.802202963902393	0	0.766682217886731	0.802202963902393	0.609786201414167	0.490290051504473	0.813405669461472	0	0.751293578759861	0.862774620408856	0.207226567087062	0.158787195565889	0.513895364597452	0.145106293411913	0.674783481862684	0.705402767024607	0	0.961835646680288	0.570734616427216	0.961835646680288	0.862774620408856	0.826490796505217	0.862774620408856	0.961835646680288	0.803138769457277	0.683522402127445	0.740435425914183	0.77589793651328	0.781943619758532	0.73660552871183	0	0.906389894507377	0.961835646680288	0.723068637021577	0.901559454191033	0.808156603020268	0.769716633920912	0.782592357735034	0.901559454191033	0.119197614529683	0.961835646680288	0.939723807510745	0.858795033495537	0	0.961835646680288	0.797332258885402	0.725357659810819	0.961835646680288	0.707691789813849	0.765999671199418	0.797778301410442	0.874761571100471	0	0.827228464419476	0.490290051504473	0.0461025388102116
ZB_6	1	0.766682217886731	0.853144209059384	0.766682217886731	0	0.853144209059384	0.598863299498094	0.700982923404448	0.894919277753852	0.766682217886731	0.0237939099831683	0.152199469305955	0.833637019463182	0.787356191939968	0.694967100399231	0.688320658417065	0.625516002646975	0.166313529658842	0.766682217886731	1	0.738057893808759	1	0.152199469305955	0.140063829322141	0.152199469305955	1	0.743159009150129	0.190859265298727	0.861040408067303	0.266751784682485	0.0805625346689725	0.282774895870717	0.766682217886731	0.695276375158145	1	0.145381825836515	0.968800135100904	0.895410350235233	0.3039085944344	0.897737843335684	0.968800135100904	0.771750029389595	1	0.96769187050517	0.196838227884949	0.766682217886731	1	0.0582638919834232	0.204471005280203	1	0.223381800063414	0.85787767903816	0.243849229231538	0.705975131526354	0.766682217886731	0.601974785830804	0.700982923404448	0.760022393159907
ZB_7	0.807052956542389	0.802202963902393	0	0.802202963902393	0.853144209059384	0	0.647260847713185	0.688506703652335	0.319609856262834	0.802202963902393	0.856518618593262	1	0.920587595490665	0.842172758083723	0.675440286716251	0.815092102663183	0.706302074100337	0.876849209584636	0.802202963902393	0.807052956542389	0.765528101246136	0.807052956542389	1	0.968800135100904	1	0.807052956542389	0.919988182870085	0.847406803460615	0.237965979008324	0.942163240200555	0.907438728451219	0.867368448963899	0.802202963902393	1	0.807052956542389	0.873850465381724	0.673729036328269	0.334872283836001	0.939931278129991	0.400380021715527	0.673729036328269	0.809239062730042	0.807052956542389	0.844592818463803	1	0.802202963902393	0.807052956542389	0.905272324596297	0.877005595716447	0.807052956542389	0.879929338225302	0.154714708686707	0.972451585245382	0.926238623726198	0.802202963902393	0.939465057368499	0.688506703652335	0.792643293283435
ZB_8	0.931940023454515	0.609786201414167	0.647260847713185	0.609786201414167	0.598863299498094	0.647260847713185	0	0.421800654050619	0.66723906852069	0.609786201414167	0.576609729420303	0.737822891430791	0.742740897489038	0.697746460437619	0.455541606608701	0.632597990939531	0.130130675154967	0.596847397744259	0.609786201414167	0.931940023454515	0.536786472621317	0.931940023454515	0.737822891430791	0.685352714485776	0.737822891430791	0.931940023454515	0.537741014509758	0.567404991620238	0.537108393365723	0.691706300674911	0.620932871293201	0.509448950045483	0.609786201414167	0.852807957153787	0.931940023454515	0.620618743488699	0.824447143575138	0.65787820405428	0.680153762288765	0.612288490534428	0.824447143575138	0.622198592333789	0.931940023454515	0.892507120120623	0.726683716965047	0.609786201414167	0.931940023454515	0.643186441370992	0.623698872129365	0.931940023454515	0.599927526384926	0.582698106885575	0.721148706798931	0.803075745983168	0.609786201414167	0.509771323878673	0.421800654050619	0.593075765178123
ZB_9	0.939898289412853	0.490290051504473	0.688506703652335	0.490290051504473	0.700982923404448	0.688506703652335	0.421800654050619	0	0.706148867313916	0.490290051504473	0.681261040902296	0.824133713819812	0.623019513244771	0.576303242392326	0.0402588996763754	0.521113273092165	0.518110382666109	0.539566064229741	0.490290051504473	0.939898289412853	0.137198335644938	0.939898289412853	0.824133713819812	0.777632830547629	0.824133713819812	0.939898289412853	0.705465457795939	0.510123658105721	0.59123439667129	0.634424967160393	0.720541740272682	0.646249268836429	0.490290051504473	0.865793255479748	0.939898289412853	0.563337409974181	0.844974572353213	0.69788257050393	0.620725953495367	0.657623670827554	0.844974572353213	0.387592158461591	0.939898289412853	0.905076282940361	0.817543562848926	0.490290051504473	0.939898289412853	0.740263622774833	0.566417538614848	0.939898289412853	0.542646192870408	0.631493296347665	0.663867373284414	0.82044842548798	0.490290051504473	0.756303075927467	0	0.467627039943827
ZB_10	0.795468848332285	0.813405669461472	0.319609856262834	0.813405669461472	0.894919277753852	0.319609856262834	0.66723906852069	0.706148867313916	0	0.813405669461472	0.897268432943109	1	0.919606192110888	0.840177565758961	0.693822497976801	0.825564801194371	0.617458712504213	0.885491688182271	0.813405669461472	0.795468848332285	0.761097355650193	0.795468848332285	1	0.968482780680243	1	0.795468848332285	0.918063784192613	0.856049282058251	0.281125588128845	0.94164441268289	0.906501692541146	0.824046104375183	0.813405669461472	1	0.795468848332285	0.882703389909151	0.656500802568218	0.0273612046275326	0.939371440294644	0.141730582262072	0.656500802568218	0.820043262098099	0.795468848332285	0.836386782531688	1	0.813405669461472	0.795468848332285	0.90429067999131	0.847462345566425	0.795468848332285	0.851210262652746	0.202589451497968	0.97220446082672	0.924606212448094	0.813405669461472	0.93836993211211	0.706148867313916	0.804387433523734
ZB_11	0.961835646680288	0	0.802202963902393	0	0.766682217886731	0.802202963902393	0.609786201414167	0.490290051504473	0.813405669461472	0	0.751293578759861	0.862774620408856	0.207226567087062	0.158787195565889	0.513895364597452	0.145106293411913	0.674783481862684	0.705402767024607	0	0.961835646680288	0.570734616427216	0.961835646680288	0.862774620408856	0.826490796505217	0.862774620408856	0.961835646680288	0.803138769457277	0.683522402127445	0.740435425914183	0.77589793651328	0.781943619758532	0.73660552871183	0	0.906389894507377	0.961835646680288	0.723068637021577	0.901559454191033	0.808156603020268	0.769716633920912	0.782592357735034	0.901559454191033	0.119197614529683	0.961835646680288	0.939723807510745	0.858795033495537	0	0.961835646680288	0.797332258885402	0.725357659810819	0.961835646680288	0.707691789813849	0.765999671199418	0.797778301410442	0.874761571100471	0	0.827228464419476	0.490290051504473	0.0461025388102116
ZB_12	1	0.751293578759861	0.856518618593262	0.751293578759861	0.0237939099831683	0.856518618593262	0.576609729420303	0.681261040902296	0.897268432943109	0.751293578759861	0	0.172371958816972	0.81744621036896	0.790787659555543	0.700982923404448	0.672492765846069	0.63388786198398	0.145993372847342	0.751293578759861	1	0.717853529963155	1	0.172371958816972	0.116269919338973	0.172371958816972	1	0.74906062653044	0.171137382796576	0.838786837989512	0.246463253247842	0.0568843062398712	0.299362583660894	0.751293578759861	0.702526941657376	1	0.162820560887822	0.945822426749979	0.897737843335684	0.283620062999758	0.875484273257894	0.945822426749979	0.756695641350123	1	0.943897960522001	0.215948586792577	0.751293578759861	1	0.0805625346689725	0.220224126325747	1	0.203659917561263	0.861040408067303	0.222926998039442	0.71273114920206	0.751293578759861	0.611120493118298	0.681261040902296	0.744194500588911
ZB_13	1	0.862774620408856	1	0.862774620408856	0.152199469305955	1	0.737822891430791	0.824133713819812	1	0.862774620408856	0.172371958816972	0	0.843217224864926	0.848271927219296	0.820595519739761	0.787155923281616	0.720039732352395	0.293200168012321	0.862774620408856	1	0.811462036011887	1	0	0.0634832294449392	0	1	0.698947741633216	0.314010055714092	1	0.216637010676157	0.131198513045274	0.366850378552109	0.862774620408856	0.64057155685855	1	0.275454258403422	1	1	0.257882976082099	1	1	0.865755243449578	1	1	0.0526524305693118	0.862774620408856	1	0.108941998799732	0.273089439479318	1	0.290949950840395	1	0.189382747768001	0.655363225406151	0.862774620408856	0.533460803059273	0.824133713819812	0.858857658024458
ZB_14	0.951859696938277	0.207226567087062	0.920587595490665	0.207226567087062	0.833637019463182	0.920587595490665	0.742740897489038	0.623019513244771	0.919606192110888	0.207226567087062	0.81744621036896	0.843217224864926	0	0.114871364122851	0.647674379098291	0.258886425011527	0.75573076528109	0.792288170169215	0.207226567087062	0.951859696938277	0.588439663699308	0.951859696938277	0.843217224864926	0.801762221271028	0.843217224864926	0.951859696938277	0.757478576310394	0.7698137736932	0.896801753003742	0.745683332314651	0.811363094917885	0.803313139128982	0.207226567087062	0.88698022535807	0.951859696938277	0.806745189439658	0.875827642902638	0.920069034800752	0.737693162386427	0.892030086808686	0.875827642902638	0.23542735478318	0.951859696938277	0.923967945964361	0.838000901246725	0.207226567087062	0.951859696938277	0.828093419303275	0.778689924024699	0.951859696938277	0.763953793460456	0.923601536340358	0.770513721655156	0.848793899587588	0.207226567087062	0.793029959732146	0.623019513244771	0.168911266495962
ZB_15	0.954631749399743	0.158787195565889	0.842172758083723	0.158787195565889	0.787356191939968	0.842172758083723	0.697746460437619	0.576303242392326	0.840177565758961	0.158787195565889	0.790787659555543	0.848271927219296	0.114871364122851	0	0.565592995982444	0.213603530419127	0.682659962053753	0.763762974641966	0.158787195565889	0.954631749399743	0.537438180019782	0.954631749399743	0.848271927219296	0.828093419303275	0.848271927219296	0.954631749399743	0.76995100300465	0.741288578165951	0.846021272404964	0.773234200743494	0.779662319497706	0.747997749979911	0.158787195565889	0.892204764999888	0.954631749399743	0.76329055268479	0.915922669448471	0.834254290068243	0.766446701650864	0.838901625408928	0.915922669448471	0.188711083930735	0.954631749399743	0.959952853833336	0.843391766632516	0.158787195565889	0.954631749399743	0.775913275913276	0.733762118091068	0.954631749399743	0.734702415986498	0.841781038517488	0.796923974050587	0.855783669901607	0.158787195565889	0.802182722614121	0.576303242392326	0.118130785897183
ZB_16	0.937377162896451	0.513895364597452	0.675440286716251	0.513895364597452	0.694967100399231	0.675440286716251	0.455541606608701	0.0402588996763754	0.693822497976801	0.513895364597452	0.700982923404448	0.820595519739761	0.647674379098291	0.565592995982444	0	0.543291123766058	0.501283202874374	0.559287946731893	0.513895364597452	0.937377162896451	0.177457235321313	0.937377162896451	0.820595519739761	0.79735471304978	0.820595519739761	0.937377162896451	0.694861999966926	0.529845540607872	0.631493296347665	0.654146849662545	0.740263622774833	0.637540709245522	0.513895364597452	0.861589156210429	0.937377162896451	0.554552343634482	0.885233472029589	0.685209449304405	0.641186864414745	0.69788257050393	0.885233472029589	0.412247024315111	0.937377162896451	0.945335182616736	0.813732357202483	0.513895364597452	0.937377162896451	0.735038074818867	0.557694440337128	0.937377162896451	0.56236807537256	0.616035300011561	0.683589255786565	0.814823874755382	0.513895364597452	0.749088931193908	0.0402588996763754	0.492281905797348
ZB_17	0.964322567896898	0.145106293411913	0.815092102663183	0.145106293411913	0.688320658417065	0.815092102663183	0.632597990939531	0.521113273092165	0.825564801194371	0.145106293411913	0.672492765846069	0.787155923281616	0.258886425011527	0.213603530419127	0.543291123766058	0	0.693795548552295	0.629207034140337	0.145106293411913	0.964322567896898	0.596693187722211	0.964322567896898	0.787155923281616	0.749836413604572	0.787155923281616	0.964322567896898	0.814863495439815	0.606732637664322	0.757349551013239	0.701616081986598	0.704017681871719	0.644082332761578	0.145106293411913	0.911502226474809	0.964322567896898	0.647352516095125	0.907974180516829	0.820657782071267	0.693156120663908	0.796759391397897	0.907974180516829	0.172461568239932	0.964322567896898	0.943651612619931	0.780801916813298	0.145106293411913	0.964322567896898	0.719845574442716	0.649703683726462	0.964322567896898	0.631558201771674	0.781247941686609	0.724090478462613	0.881601221801052	0.145106293411913	0.83632557479421	0.521113273092165	0.108261795507937
ZB_18	0.921758389908036	0.674783481862684	0.706302074100337	0.674783481862684	0.625516002646975	0.706302074100337	0.130130675154967	0.518110382666109	0.617458712504213	0.674783481862684	0.63388786198398	0.720039732352395	0.75573076528109	0.682659962053753	0.501283202874374	0.693795548552295	0	0.653141278253386	0.674783481862684	0.921758389908036	0.552559452495446	0.921758389908036	0.720039732352395	0.695020791129118	0.720039732352395	0.921758389908036	0.473800195886386	0.623698872129365	0.66723906852069	0.700473915823523	0.63433683160542	0.467015604771914	0.674783481862684	0.837341044372294	0.921758389908036	0.644695205129871	0.858034999428114	0.621531499345004	0.688807260577759	0.640188397264617	0.858034999428114	0.685128360929667	0.921758389908036	0.932380189866179	0.707301485860361	0.674783481862684	0.921758389908036	0.625689767542907	0.601251787925622	0.921758389908036	0.611049206423522	0.651343938562809	0.731033963967353	0.782382981601732	0.674783481862684	0.452004399438692	0.518110382666109	0.660856475926613
ZB_19	1	0.705402767024607	0.876849209584636	0.705402767024607	0.166313529658842	0.876849209584636	0.596847397744259	0.539566064229741	0.885491688182271	0.705402767024607	0.145993372847342	0.293200168012321	0.792288170169215	0.763762974641966	0.559287946731893	0.629207034140337	0.653141278253386	0	0.705402767024607	1	0.606776283009467	1	0.293200168012321	0.24528865450133	0.293200168012321	1	0.784617475200435	0.0294424061240205	0.829197807673144	0.153743715178693	0.186465674149438	0.359807719232744	0.705402767024607	0.74595603677603	1	0.0244924627806039	0.953499116727816	0.881442224939983	0.189862753091453	0.861720342437831	0.953499116727816	0.64853501510971	1	0.952088486489009	0.330414897092453	0.705402767024607	1	0.206785830960937	0.0857362866331476	1	0.0619649408887077	0.848919690175296	0.128072058617632	0.753435702314626	0.705402767024607	0.666222765774335	0.539566064229741	0.697404725846939
ZB_20	0.961835646680288	0	0.802202963902393	0	0.766682217886731	0.802202963902393	0.609786201414167	0.490290051504473	0.813405669461472	0	0.751293578759861	0.862774620408856	0.207226567087062	0.158787195565889	0.513895364597452	0.145106293411913	0.674783481862684	0.705402767024607	0	0.961835646680288	0.570734616427216	0.961835646680288	0.862774620408856	0.826490796505217	0.862774620408856	0.961835646680288	0.803138769457277	0.683522402127445	0.740435425914183	0.77589793651328	0.781943619758532	0.73660552871183	0	0.906389894507377	0.961835646680288	0.723068637021577	0.901559454191033	0.808156603020268	0.769716633920912	0.782592357735034	0.901559454191033	0.119197614529683	0.961835646680288	0.939723807510745	0.858795033495537	0	0.961835646680288	0.797332258885402	0.725357659810819	0.961835646680288	0.707691789813849	0.765999671199418	0.797778301410442	0.874761571100471	0	0.827228464419476	0.490290051504473	0.0461025388102116
ZB_21	0	0.961835646680288	0.807052956542389	0.961835646680288	1	0.807052956542389	0.931940023454515	0.939898289412853	0.795468848332285	0.961835646680288	1	1	0.951859696938277	0.954631749399743	0.937377162896451	0.964322567896898	0.921758389908036	1	0.961835646680288	0	0.93034122085048	0	1	1	1	0	0.879740980573543	0.97055759387598	0.852967788635541	0.966378382851941	1	1	0.961835646680288	1	0	1	0.612310628653227	0.80106506702577	0.964931968017955	0.824457167548882	0.612310628653227	0.963193241146559	0	1	1	0.961835646680288	0	1	0.968801297866009	0	0.969567863664029	0.836904702162895	1	0.893327206485706	0.961835646680288	0.918940489848855	0.939898289412853	0.959991136497932
ZB_23	0.93034122085048	0.570734616427216	0.765528101246136	0.570734616427216	0.738057893808759	0.765528101246136	0.536786472621317	0.137198335644938	0.761097355650193	0.570734616427216	0.717853529963155	0.811462036011887	0.588439663699308	0.537438180019782	0.177457235321313	0.596693187722211	0.552559452495446	0.606776283009467	0.570734616427216	0.93034122085048	0	0.93034122085048	0.811462036011887	0.761610628751238	0.811462036011887	0.93034122085048	0.665900161147223	0.577333876885446	0.728432732316228	0.608084221976186	0.700405959248684	0.675657040416461	0.570734616427216	0.850297257758272	0.93034122085048	0.630547628753907	0.820323216735254	0.752243240566505	0.592297356004809	0.709121521243934	0.820323216735254	0.471613495056569	0.93034122085048	0.889981995884774	0.803867487042706	0.570734616427216	0.93034122085048	0.721548860788998	0.587696053186011	0.93034122085048	0.563125614495061	0.768691631992603	0.639648039158557	0.799716749151804	0.570734616427216	0.729831034583736	0.137198335644938	0.551648376538806
ZB_24	0	0.961835646680288	0.807052956542389	0.961835646680288	1	0.807052956542389	0.931940023454515	0.939898289412853	0.795468848332285	0.961835646680288	1	1	0.951859696938277	0.954631749399743	0.937377162896451	0.964322567896898	0.921758389908036	1	0.961835646680288	0	0.93034122085048	0	1	1	1	0	0.879740980573543	0.97055759387598	0.852967788635541	0.966378382851941	1	1	0.961835646680288	1	0	1	0.612310628653227	0.80106506702577	0.964931968017955	0.824457167548882	0.612310628653227	0.963193241146559	0	1	1	0.961835646680288	0	1	0.968801297866009	0	0.969567863664029	0.836904702162895	1	0.893327206485706	0.961835646680288	0.918940489848855	0.939898289412853	0.959991136497932
ZB_25	1	0.862774620408856	1	0.862774620408856	0.152199469305955	1	0.737822891430791	0.824133713819812	1	0.862774620408856	0.172371958816972	0	0.843217224864926	0.848271927219296	0.820595519739761	0.787155923281616	0.720039732352395	0.293200168012321	0.862774620408856	1	0.811462036011887	1	0	0.0634832294449392	0	1	0.698947741633216	0.314010055714092	1	0.216637010676157	0.131198513045274	0.366850378552109	0.862774620408856	0.64057155685855	1	0.275454258403422	1	1	0.257882976082099	1	1	0.865755243449578	1	1	0.0526524305693118	0.862774620408856	1	0.108941998799732	0.273089439479318	1	0.290949950840395	1	0.189382747768001	0.655363225406151	0.862774620408856	0.533460803059273	0.824133713819812	0.858857658024458
ZB_26	1	0.826490796505217	0.968800135100904	0.826490796505217	0.140063829322141	0.968800135100904	0.685352714485776	0.777632830547629	0.968482780680243	0.826490796505217	0.116269919338973	0.0634832294449392	0.801762221271028	0.828093419303275	0.79735471304978	0.749836413604572	0.695020791129118	0.24528865450133	0.826490796505217	1	0.761610628751238	1	0.0634832294449392	0	0.0634832294449392	1	0.717320999690866	0.267509172441908	0.947529823054985	0.16353554580816	0.0723054682301108	0.349425668212945	0.826490796505217	0.663389235183536	1	0.262531868626275	0.938969871352817	0.968632278192217	0.204781511214102	0.94553094856585	0.938969871352817	0.830259527415306	1	0.936516770555061	0.112793113683586	0.826490796505217	1	0.0972830950687258	0.260174145258961	1	0.242885902898076	0.969783393132775	0.134433810777828	0.676396452096164	0.826490796505217	0.56193375026752	0.777632830547629	0.821538148347414
ZB_27	1	0.862774620408856	1	0.862774620408856	0.152199469305955	1	0.737822891430791	0.824133713819812	1	0.862774620408856	0.172371958816972	0	0.843217224864926	0.848271927219296	0.820595519739761	0.787155923281616	0.720039732352395	0.293200168012321	0.862774620408856	1	0.811462036011887	1	0	0.0634832294449392	0	1	0.698947741633216	0.314010055714092	1	0.216637010676157	0.131198513045274	0.366850378552109	0.862774620408856	0.64057155685855	1	0.275454258403422	1	1	0.257882976082099	1	1	0.865755243449578	1	1	0.0526524305693118	0.862774620408856	1	0.108941998799732	0.273089439479318	1	0.290949950840395	1	0.189382747768001	0.655363225406151	0.862774620408856	0.533460803059273	0.824133713819812	0.858857658024458
ZB_28	0	0.961835646680288	0.807052956542389	0.961835646680288	1	0.807052956542389	0.931940023454515	0.939898289412853	0.795468848332285	0.961835646680288	1	1	0.951859696938277	0.954631749399743	0.937377162896451	0.964322567896898	0.921758389908036	1	0.961835646680288	0	0.93034122085048	0	1	1	1	0	0.879740980573543	0.97055759387598	0.852967788635541	0.966378382851941	1	1	0.961835646680288	1	0	1	0.612310628653227	0.80106506702577	0.964931968017955	0.824457167548882	0.612310628653227	0.963193241146559	0	1	1	0.961835646680288	0	1	0.968801297866009	0	0.969567863664029	0.836904702162895	1	0.893327206485706	0.961835646680288	0.918940489848855	0.939898289412853	0.959991136497932
ZB_29	0.879740980573543	0.803138769457277	0.919988182870085	0.803138769457277	0.743159009150129	0.919988182870085	0.537741014509758	0.705465457795939	0.918063784192613	0.803138769457277	0.74906062653044	0.698947741633216	0.757478576310394	0.76995100300465	0.694861999966926	0.814863495439815	0.473800195886386	0.784617475200435	0.803138769457277	0.879740980573543	0.665900161147223	0.879740980573543	0.698947741633216	0.717320999690866	0.698947741633216	0.879740980573543	0	0.755175069076414	0.929161490006321	0.720423322022676	0.737025484470401	0.669042415468352	0.803138769457277	0.784438518252919	0.879740980573543	0.779372871446999	0.898936501026183	0.91897686477862	0.708395826364686	0.923147863510606	0.898936501026183	0.809521843257082	0.879740980573543	1	0.682940815618916	0.803138769457277	0.879740980573543	0.730536886128458	0.740570792255042	0.879740980573543	0.746945081698581	0.925632694155874	0.754044939170736	0.711606122403245	0.803138769457277	0.45632474701012	0.705465457795939	0.794532598407661
ZB_30	0.97055759387598	0.683522402127445	0.847406803460615	0.683522402127445	0.190859265298727	0.847406803460615	0.567404991620238	0.510123658105721	0.856049282058251	0.683522402127445	0.171137382796576	0.314010055714092	0.7698137736932	0.741288578165951	0.529845540607872	0.606732637664322	0.623698872129365	0.0294424061240205	0.683522402127445	0.97055759387598	0.577333876885446	0.97055759387598	0.314010055714092	0.267509172441908	0.314010055714092	0.97055759387598	0.755175069076414	0	0.799755401549124	0.124301309054672	0.210418082166961	0.378656520360556	0.683522402127445	0.753435702314626	0.97055759387598	0.0532137518684604	0.924056710603796	0.851999818815962	0.160420346967432	0.832277936313811	0.924056710603796	0.626060618633695	0.97055759387598	0.953499116727816	0.350129093626851	0.683522402127445	0.97055759387598	0.230139964669113	0.0562938805091271	0.97055759387598	0.0325225347646872	0.819477284051275	0.153743715178693	0.723993296190606	0.683522402127445	0.636780359650315	0.510123658105721	0.674930329370924
ZB_31	0.852967788635541	0.740435425914183	0.237965979008324	0.740435425914183	0.861040408067303	0.237965979008324	0.537108393365723	0.59123439667129	0.281125588128845	0.740435425914183	0.838786837989512	1	0.896801753003742	0.846021272404964	0.631493296347665	0.757349551013239	0.66723906852069	0.829197807673144	0.740435425914183	0.852967788635541	0.728432732316228	0.852967788635541	1	0.947529823054985	1	0.852967788635541	0.929161490006321	0.799755401549124	0	0.924056710603796	0.88310997986241	0.838054605322161	0.740435425914183	1	0.852967788635541	0.852969153417584	0.620747376040536	0.26090300398118	0.921210925017388	0.162414042707202	0.620747376040536	0.749668739170319	0.852967788635541	0.767779587404995	1	0.740435425914183	0.852967788635541	0.905363549940201	0.856049282058251	0.852967788635541	0.832277936313811	0.0984889612739776	0.953499116727816	0.934105147908599	0.740435425914183	0.944866662142906	0.59123439667129	0.72789048650778
ZB_32	0.966378382851941	0.77589793651328	0.942163240200555	0.77589793651328	0.266751784682485	0.942163240200555	0.691706300674911	0.634424967160393	0.94164441268289	0.77589793651328	0.246463253247842	0.216637010676157	0.745683332314651	0.773234200743494	0.654146849662545	0.701616081986598	0.700473915823523	0.153743715178693	0.77589793651328	0.966378382851941	0.608084221976186	0.966378382851941	0.216637010676157	0.16353554580816	0.216637010676157	0.966378382851941	0.720423322022676	0.124301309054672	0.924056710603796	0	0.214731076277606	0.446129687441231	0.77589793651328	0.718437060332699	0.966378382851941	0.170104968254835	0.913276917983944	0.941888665199682	0.0412459654059422	0.92150381572171	0.913276917983944	0.720944062955971	0.966378382851941	0.946898535132004	0.257882976082099	0.77589793651328	0.966378382851941	0.23587397781792	0.111530071087374	0.966378382851941	0.0948639917599138	0.943778593105947	0.0336216171480593	0.68481544318464	0.77589793651328	0.585223040635604	0.634424967160393	0.7698137736932
ZB_33	1	0.781943619758532	0.907438728451219	0.781943619758532	0.0805625346689725	0.907438728451219	0.620932871293201	0.720541740272682	0.906501692541146	0.781943619758532	0.0568843062398712	0.131198513045274	0.811363094917885	0.779662319497706	0.740263622774833	0.704017681871719	0.63433683160542	0.186465674149438	0.781943619758532	1	0.700405959248684	1	0.131198513045274	0.0723054682301108	0.131198513045274	1	0.737025484470401	0.210418082166961	0.88310997986241	0.214731076277606	0	0.288271950938046	0.781943619758532	0.687728034144886	1	0.210958136930042	0.943224050968941	0.901758332714327	0.253452596002564	0.878657003087959	0.943224050968941	0.786679943848585	1	0.941106955184837	0.176943023015673	0.781943619758532	1	0.0249776268386149	0.208446088300014	1	0.183875649609064	0.905363549940201	0.189137149504593	0.69895363242191	0.781943619758532	0.592469692947527	0.720541740272682	0.775719416614561
ZB_34	1	0.73660552871183	0.867368448963899	0.73660552871183	0.282774895870717	0.867368448963899	0.509448950045483	0.646249268836429	0.824046104375183	0.73660552871183	0.299362583660894	0.366850378552109	0.803313139128982	0.747997749979911	0.637540709245522	0.644082332761578	0.467015604771914	0.359807719232744	0.73660552871183	1	0.675657040416461	1	0.366850378552109	0.349425668212945	0.366850378552109	1	0.669042415468352	0.378656520360556	0.838054605322161	0.446129687441231	0.288271950938046	0	0.73660552871183	0.864558642267944	1	0.343734152385873	0.960061609965682	0.825134192905761	0.424556227469446	0.830246706329488	0.960061609965682	0.743232959233536	1	0.958227347238709	0.336932303024557	0.73660552871183	1	0.270825357504786	0.341592189764906	1	0.35776955849993	0.833408018557082	0.428669809307649	0.869582087508274	0.73660552871183	0.661959519353886	0.646249268836429	0.727824669259379
ZB_35	0.961835646680288	0	0.802202963902393	0	0.766682217886731	0.802202963902393	0.609786201414167	0.490290051504473	0.813405669461472	0	0.751293578759861	0.862774620408856	0.207226567087062	0.158787195565889	0.513895364597452	0.145106293411913	0.674783481862684	0.705402767024607	0	0.961835646680288	0.570734616427216	0.961835646680288	0.862774620408856	0.826490796505217	0.862774620408856	0.961835646680288	0.803138769457277	0.683522402127445	0.740435425914183	0.77589793651328	0.781943619758532	0.73660552871183	0	0.906389894507377	0.961835646680288	0.723068637021577	0.901559454191033	0.808156603020268	0.769716633920912	0.782592357735034	0.901559454191033	0.119197614529683	0.961835646680288	0.939723807510745	0.858795033495537	0	0.961835646680288	0.797332258885402	0.725357659810819	0.961835646680288	0.707691789813849	0.765999671199418	0.797778301410442	0.874761571100471	0	0.827228464419476	0.490290051504473	0.0461025388102116
ZB_36	1	0.906389894507377	1	0.906389894507377	0.695276375158145	1	0.852807957153787	0.865793255479748	1	0.906389894507377	0.702526941657376	0.64057155685855	0.88698022535807	0.892204764999888	0.861589156210429	0.911502226474809	0.837341044372294	0.74595603677603	0.906389894507377	1	0.850297257758272	1	0.64057155685855	0.663389235183536	0.64057155685855	1	0.784438518252919	0.753435702314626	1	0.718437060332699	0.687728034144886	0.864558642267944	0.906389894507377	0	1	0.739577652113175	1	1	0.706324114936824	1	1	0.909166454196058	1	1	0.620594959295193	0.906389894507377	1	0.679728409879856	0.738727668928973	1	0.745147244721195	1	0.708641103046653	0.106672793514294	0.906389894507377	0.666660063783848	0.865793255479748	0.902671253667915
ZB_37	0	0.961835646680288	0.807052956542389	0.961835646680288	1	0.807052956542389	0.931940023454515	0.939898289412853	0.795468848332285	0.961835646680288	1	1	0.951859696938277	0.954631749399743	0.937377162896451	0.964322567896898	0.921758389908036	1	0.961835646680288	0	0.93034122085048	0	1	1	1	0	0.879740980573543	0.97055759387598	0.852967788635541	0.966378382851941	1	1	0.961835646680288	1	0	1	0.612310628653227	0.80106506702577	0.964931968017955	0.824457167548882	0.612310628653227	0.963193241146559	0	1	1	0.961835646680288	0	1	0.968801297866009	0	0.969567863664029	0.836904702162895	1	0.893327206485706	0.961835646680288	0.918940489848855	0.939898289412853	0.959991136497932
ZB_38	1	0.723068637021577	0.873850465381724	0.723068637021577	0.145381825836515	0.873850465381724	0.620618743488699	0.563337409974181	0.882703389909151	0.723068637021577	0.162820560887822	0.275454258403422	0.806745189439658	0.76329055268479	0.554552343634482	0.647352516095125	0.644695205129871	0.0244924627806039	0.723068637021577	1	0.630547628753907	1	0.275454258403422	0.262531868626275	0.275454258403422	1	0.779372871446999	0.0532137518684604	0.852969153417584	0.170104968254835	0.210958136930042	0.343734152385873	0.723068637021577	0.739577652113175	1	0	0.973112117739089	0.883187934348662	0.206370863577653	0.885491688182271	0.973112117739089	0.666680497064498	1	0.972293041391722	0.313603352757126	0.723068637021577	1	0.194592122563311	0.0634737984985292	1	0.0857362866331476	0.850011089753068	0.144824160167966	0.747431816705487	0.723068637021577	0.658095229257338	0.563337409974181	0.715550207801727
ZB_39	0.612310628653227	0.901559454191033	0.673729036328269	0.901559454191033	0.968800135100904	0.673729036328269	0.824447143575138	0.844974572353213	0.656500802568218	0.901559454191033	0.945822426749979	1	0.875827642902638	0.915922669448471	0.885233472029589	0.907974180516829	0.858034999428114	0.953499116727816	0.901559454191033	0.612310628653227	0.820323216735254	0.612310628653227	1	0.938969871352817	1	0.612310628653227	0.898936501026183	0.924056710603796	0.620747376040536	0.913276917983944	0.943224050968941	0.960061609965682	0.901559454191033	1	0.612310628653227	0.973112117739089	0	0.664794209787188	0.909546057813697	0.547207518634547	0	0.905061212471262	0.612310628653227	0.387689371346773	1	0.901559454191033	0.612310628653227	0.967303778426688	0.94164441268289	0.612310628653227	0.92150381572171	0.719236337314513	0.946898535132004	0.908707865168539	0.901559454191033	0.928140270192584	0.844974572353213	0.896801753003742
ZB_40	0.80106506702577	0.808156603020268	0.334872283836001	0.808156603020268	0.895410350235233	0.334872283836001	0.65787820405428	0.69788257050393	0.0273612046275326	0.808156603020268	0.897737843335684	1	0.920069034800752	0.834254290068243	0.685209449304405	0.820657782071267	0.621531499345004	0.881442224939983	0.808156603020268	0.80106506702577	0.752243240566505	0.80106506702577	1	0.968632278192217	1	0.80106506702577	0.91897686477862	0.851999818815962	0.26090300398118	0.941888665199682	0.901758332714327	0.825134192905761	0.808156603020268	1	0.80106506702577	0.883187934348662	0.664794209787188	0	0.939635047856198	0.117586691152641	0.664794209787188	0.814980917111179	0.80106506702577	0.840337042238306	1	0.808156603020268	0.80106506702577	0.899435150988486	0.848114091265366	0.80106506702577	0.847024673439768	0.180157575149295	0.972320801535652	0.925379988060798	0.808156603020268	0.938887948703484	0.69788257050393	0.798884675989758
ZB_41	0.964931968017955	0.769716633920912	0.939931278129991	0.769716633920912	0.3039085944344	0.939931278129991	0.680153762288765	0.620725953495367	0.939371440294644	0.769716633920912	0.283620062999758	0.257882976082099	0.737693162386427	0.766446701650864	0.641186864414745	0.693156120663908	0.688807260577759	0.189862753091453	0.769716633920912	0.964931968017955	0.592297356004809	0.964931968017955	0.257882976082099	0.204781511214102	0.257882976082099	0.964931968017955	0.708395826364686	0.160420346967432	0.921210925017388	0.0412459654059422	0.253452596002564	0.424556227469446	0.769716633920912	0.706324114936824	0.964931968017955	0.206370863577653	0.909546057813697	0.939635047856198	0	0.918459652945296	0.909546057813697	0.713032100240361	0.964931968017955	0.944614089795742	0.225956817764925	0.769716633920912	0.964931968017955	0.274595497542878	0.14902019784105	0.964931968017955	0.132197200243457	0.941671835936766	0.0748675825540015	0.671256082954778	0.769716633920912	0.626469006041546	0.620725953495367	0.763287394575529
ZB_42	0.824457167548882	0.782592357735034	0.400380021715527	0.782592357735034	0.897737843335684	0.400380021715527	0.612288490534428	0.657623670827554	0.141730582262072	0.782592357735034	0.875484273257894	1	0.892030086808686	0.838901625408928	0.69788257050393	0.796759391397897	0.640188397264617	0.861720342437831	0.782592357735034	0.824457167548882	0.709121521243934	0.824457167548882	1	0.94553094856585	1	0.824457167548882	0.923147863510606	0.832277936313811	0.162414042707202	0.92150381572171	0.878657003087959	0.830246706329488	0.782592357735034	1	0.824457167548882	0.885491688182271	0.547207518634547	0.117586691152641	0.918459652945296	0	0.547207518634547	0.790326051257659	0.824457167548882	0.722750351085665	1	0.782592357735034	0.824457167548882	0.901758332714327	0.851210262652746	0.824457167548882	0.826639823961796	0.26090300398118	0.951935952057681	0.928932234151888	0.782592357735034	0.941291231619639	0.657623670827554	0.772084892653142
ZB_44	0.612310628653227	0.901559454191033	0.673729036328269	0.901559454191033	0.968800135100904	0.673729036328269	0.824447143575138	0.844974572353213	0.656500802568218	0.901559454191033	0.945822426749979	1	0.875827642902638	0.915922669448471	0.885233472029589	0.907974180516829	0.858034999428114	0.953499116727816	0.901559454191033	0.612310628653227	0.820323216735254	0.612310628653227	1	0.938969871352817	1	0.612310628653227	0.898936501026183	0.924056710603796	0.620747376040536	0.913276917983944	0.943224050968941	0.960061609965682	0.901559454191033	1	0.612310628653227	0.973112117739089	0	0.664794209787188	0.909546057813697	0.547207518634547	0	0.905061212471262	0.612310628653227	0.387689371346773	1	0.901559454191033	0.612310628653227	0.967303778426688	0.94164441268289	0.612310628653227	0.92150381572171	0.719236337314513	0.946898535132004	0.908707865168539	0.901559454191033	0.928140270192584	0.844974572353213	0.896801753003742
ZB_45	0.963193241146559	0.119197614529683	0.809239062730042	0.119197614529683	0.771750029389595	0.809239062730042	0.622198592333789	0.387592158461591	0.820043262098099	0.119197614529683	0.756695641350123	0.865755243449578	0.23542735478318	0.188711083930735	0.412247024315111	0.172461568239932	0.685128360929667	0.64853501510971	0.119197614529683	0.963193241146559	0.471613495056569	0.963193241146559	0.865755243449578	0.830259527415306	0.865755243449578	0.963193241146559	0.809521843257082	0.626060618633695	0.749668739170319	0.720944062955971	0.786679943848585	0.743232959233536	0.119197614529683	0.909166454196058	0.963193241146559	0.666680497064498	0.905061212471262	0.814980917111179	0.713032100240361	0.790326051257659	0.905061212471262	0	0.963193241146559	0.941867971324704	0.861949054913172	0.119197614529683	0.963193241146559	0.801734331888057	0.669031664695835	0.963193241146559	0.650886182741046	0.774323605023839	0.743418459431986	0.878476255229138	0.119197614529683	0.832164524608654	0.387592158461591	0.0800348814822365
ZB_46	0	0.961835646680288	0.807052956542389	0.961835646680288	1	0.807052956542389	0.931940023454515	0.939898289412853	0.795468848332285	0.961835646680288	1	1	0.951859696938277	0.954631749399743	0.937377162896451	0.964322567896898	0.921758389908036	1	0.961835646680288	0	0.93034122085048	0	1	1	1	0	0.879740980573543	0.97055759387598	0.852967788635541	0.966378382851941	1	1	0.961835646680288	1	0	1	0.612310628653227	0.80106506702577	0.964931968017955	0.824457167548882	0.612310628653227	0.963193241146559	0	1	1	0.961835646680288	0	1	0.968801297866009	0	0.969567863664029	0.836904702162895	1	0.893327206485706	0.961835646680288	0.918940489848855	0.939898289412853	0.959991136497932
ZB_47	1	0.939723807510745	0.844592818463803	0.939723807510745	0.96769187050517	0.844592818463803	0.892507120120623	0.905076282940361	0.836386782531688	0.939723807510745	0.943897960522001	1	0.923967945964361	0.959952853833336	0.945335182616736	0.943651612619931	0.932380189866179	0.952088486489009	0.939723807510745	1	0.889981995884774	1	1	0.936516770555061	1	1	1	0.953499116727816	0.767779587404995	0.946898535132004	0.941106955184837	0.958227347238709	0.939723807510745	1	1	0.972293041391722	0.387689371346773	0.840337042238306	0.944614089795742	0.722750351085665	0.387689371346773	0.941867971324704	1	0	1	0.939723807510745	1	0.966084582023452	0.97220446082672	1	0.951935952057681	0.866268548678972	0.945051063009827	1	0.939723807510745	1	0.905076282940361	0.936810616505811
