ZB_1	ZB_2	ZB_3	ZB_4	ZB_5	ZB_6	ZB_7	ZB_8	ZB_9	ZB_10	ZB_11	ZB_12	ZB_13	ZB_14	ZB_15	ZB_16	ZB_17	ZB_18	ZB_19	ZB_20	ZB_21	ZB_22	ZB_23	ZB_24	ZB_25	ZB_26	ZB_27	ZB_28	ZB_29	ZB_30	ZB_31	ZB_32	ZB_33	ZB_34	ZB_35	ZB_36	ZB_37	ZB_38	ZB_39	ZB_40	ZB_41	ZB_42	ZB_43	ZB_44	ZB_45	ZB_46	ZB_47	ZB_48	ZB_49	ZB_50	ZB_51	ZB_52	ZB_53	ZB_54	ZB_55	ZB_56	ZB_57	ZB_58	ZB_59	ZB_60	ZB_61	ZB_62	ZB_63	ZB_64
ZB_1	0	0.718619529477736	0.867009158323727	0.783950990874673	0.813671327747086	0.735865398879281	0.681967115748211	0.796109993293092	0.776340640809444	0.708557847566175	0.794027408467989	0.792881881361623	0.87243154210418	0.757821804855703	0.715588371764611	0.710600503612875	0.829748731568548	0.74254553613642	0.768682423937641	0.784395789259042	0.626674723155045	0.908329153967825	0.698578199052133	0.635930966491779	0.791294151453215	0.743125200694344	0.805086763248222	0.813157919897506	0.681967115748211	0.768682423937641	0.752189885803681	0.768682423937641	0.755967432684025	0.728796320863182	0.784395789259042	0.918383469234944	0.75080085320923	0.81074106964353	0.861943550354989	0.581334573999465	0.807526948491944	0.748151059344743	0.681967115748211	0.719736555153313	0.723195937013233	0.635930966491779	0.66180696638912	0.747728634045578	0.882390790033755	0.753814094541814	0.882390790033755	0.882390790033755	0.681967115748211	0.865429357021997	0.802947156693413	0.635930966491779	0.76281186348909	0.749955659607676	0.750225126364899	0.73171220522413	0.753814094541814	0.696562708508211	0.72364990689013	0.784395789259042
ZB_2	0.718619529477736	0	0.705450595907791	0.359528967960645	0.192628620267329	0.60902555087859	0.602620243162644	0.325315709931095	0.382883654661208	0.555634287462085	0.107510543591542	0.661779291905645	0.743760358694325	0.386287806373654	0.307705248132949	0.467073392061874	0.297185083321685	0.645568008729852	0.557721333390832	0.0657762597813065	0.678892768842556	0.743246910998492	0.465070276885712	0.667738893278617	0.596165471069818	0.588748274749195	0.616618622224729	0.648581551245125	0.602620243162644	0.557721333390832	0.195738281548696	0.557721333390832	0.598785515129745	0.600389392554618	0.0657762597813065	0.760276675736867	0.627064941677046	0.683875312233585	0.782106899803737	0.550796523334948	0.449453819284342	0.478162334088772	0.602620243162644	0.533219483597991	0.286870746565391	0.667738893278617	0.818891914038751	0.699831359923559	0.705834374123824	0.18999821578773	0.705834374123824	0.705834374123824	0.602620243162644	0.678245985331241	0.624254868853601	0.667738893278617	0.577312850588973	0.480888685808874	0.616213921056734	0.610837298217818	0.18999821578773	0.624273537801618	0.483655562970043	0.0657762597813065
ZB_3	0.867009158323727	0.705450595907791	0	0.580513372249402	0.744674920134864	0.666808630780053	0.357941585535466	0.644941688806393	0.669151162457357	0.417662374359181	0.717627888313646	0.664040221760088	0.694311325344323	0.667712772083381	0.609380817318432	0.60248408696371	0.726482430813348	0.492234590171147	0.708205515044841	0.704357404513666	0.524417246175243	0.412444507799454	0.585854236193347	0.500072322670375	0.718387512863855	0.675966474155222	0.684748602087248	0.2863503135087	0.357941585535466	0.708205515044841	0.659940715771609	0.708205515044841	0.728282015914166	0.657891375057732	0.704357404513666	0.494604915132512	0.510056971106904	0.652883992222942	0.386123398632734	0.42318649353765	0.743314482890827	0.654365873234544	0.357941585535466	0.442404506759172	0.619896715717918	0.500072322670375	0.827152515410618	0.702039058795315	0.171238582179583	0.662182335481831	0.171238582179583	0.171238582179583	0.357941585535466	0.655795973048194	0.681428238082384	0.500072322670375	0.700800123757058	0.656856915190942	0.684922642508383	0.468675763769957	0.662182335481831	0.583065395981301	0.620524117975866	0.704357404513666
ZB_4	0.783950990874673	0.359528967960645	0.580513372249402	0	0.413134158247035	0.669332421329749	0.379550772855346	0.508324408528868	0.226805011939049	0.306189210270778	0.347114610128095	0.667052402708428	0.81546537699874	0.318992243527499	0.0748578834202233	0.49234756275115	0.506460039675525	0.478260869565217	0.685411546470629	0.314435071100392	0.498638946815454	0.625831593417282	0.474508834646524	0.481223833553543	0.664832617852752	0.676920506514044	0.68426408660619	0.578392477478465	0.379550772855346	0.685411546470629	0.402050113895216	0.685411546470629	0.675074734764854	0.689696352085092	0.314435071100392	0.660933790866571	0.492308293496242	0.733434535988415	0.659792419490918	0.425996288769108	0.653973852440948	0.549514211886305	0.379550772855346	0.440209117283773	0.10188646875067	0.481223833553543	0.737253849251242	0.714381870233178	0.540704245530811	0.209296763880323	0.540704245530811	0.540704245530811	0.379550772855346	0.735179313909267	0.68147986408786	0.481223833553543	0.678560234232972	0.552318295739348	0.684410285605845	0.460050287804169	0.209296763880323	0.552426994935866	0.51196174927636	0.314435071100392
ZB_5	0.813671327747086	0.192628620267329	0.744674920134864	0.413134158247035	0	0.547507055503293	0.635879542046776	0.33372195524213	0.369466382624961	0.592826146868271	0.179139642383631	0.602341295773527	0.681240077461226	0.372735460182202	0.365647902916159	0.449799376034921	0.266244432277254	0.561279065529558	0.498283337258714	0.14396752661351	0.705768323500698	0.71588154570289	0.477358456915079	0.695547988397023	0.533556495882092	0.527229779373897	0.55718062609261	0.677994049037056	0.635879542046776	0.498283337258714	0.263052180696272	0.498283337258714	0.537486529481193	0.537645365633306	0.14396752661351	0.683482878593664	0.629523968627249	0.624437316101467	0.800343791893798	0.5883932867159	0.390015823152224	0.461608352262071	0.635879542046776	0.572287383865136	0.346557176422229	0.695547988397023	0.66400881900945	0.584826167850947	0.730455010439876	0.257792538408001	0.730455010439876	0.730455010439876	0.635879542046776	0.618807989199123	0.514902600188793	0.695547988397023	0.517874854456855	0.464314297917868	0.556775924924616	0.614371449718653	0.257792538408001	0.602480190076778	0.466239738127403	0.14396752661351
ZB_6	0.735865398879281	0.60902555087859	0.666808630780053	0.669332421329749	0.547507055503293	0	0.626975733707225	0.532136554538108	0.522772915084248	0.609609750600962	0.621831890188215	0.150723761962732	0.410748462282769	0.557374624954761	0.628904681043979	0.462090877632921	0.408518790642102	0.513228981734483	0.12424356717794	0.653325871552073	0.698573499925828	0.587080627640891	0.590290000838153	0.688103247787992	0.23287198264287	0.0274852358769354	0.167791271136952	0.670120063357467	0.626975733707225	0.12424356717794	0.620070888895578	0.12424356717794	0.123328327572265	0.112132723112128	0.653325871552073	0.510678413000723	0.563526609724047	0.13128285151117	0.795461614658353	0.578328300785269	0.271617779377362	0.474545302154052	0.626975733707225	0.624535469107552	0.612651663677469	0.688103247787992	0.655792853622238	0.322871588899651	0.723863848439751	0.621673773108425	0.723863848439751	0.723863848439751	0.626975733707225	0.246981044411575	0.130540676446796	0.688103247787992	0.102017927584933	0.469466096722823	0.0896949447737189	0.605380347495985	0.621673773108425	0.469425281062929	0.431077795603971	0.653325871552073
ZB_7	0.681967115748211	0.602620243162644	0.357941585535466	0.379550772855346	0.635879542046776	0.626975733707225	0	0.60249460742569	0.520271767225463	0.105737131319621	0.594917764439941	0.623876362478348	0.78529305390906	0.518032361178951	0.425996288769108	0.414954856237945	0.693783513051676	0.233676097599339	0.673321599195373	0.574641769706759	0.191938628899836	0.458352106330255	0.38818949549493	0.163870073891626	0.620850498791325	0.637228393654103	0.647060421524461	0.35295964477535	0	0.673321599195373	0.505907408346433	0.673321599195373	0.634743249131981	0.616992423572418	0.574641769706759	0.528946466180144	0.26360338573156	0.704943718878004	0.45167538998358	0.115368029233528	0.712627830331271	0.497184434080926	0	0.14867964091475	0.442766153648197	0.163870073891626	0.622066137736387	0.656668501692403	0.259736761083744	0.50940878824877	0.259736761083744	0.259736761083744	0	0.707253503584312	0.643343109309444	0.163870073891626	0.665030896293304	0.501084848601217	0.647255268409454	0.1937362307748	0.50940878824877	0.383681214421252	0.443764182043927	0.574641769706759
ZB_8	0.796109993293092	0.325315709931095	0.644941688806393	0.508324408528868	0.33372195524213	0.532136554538108	0.60249460742569	0	0.407207199204037	0.555493796627283	0.334420748044154	0.556170444294898	0.639065111038858	0.428051185858435	0.478858457533594	0.34173849995972	0.297824444780178	0.589302715530104	0.457712625368522	0.307177089004114	0.678791247456694	0.645660379168285	0.418127854327821	0.667633845479161	0.529906897763204	0.541939695390412	0.507438324193525	0.648470446653034	0.60249460742569	0.457712625368522	0.218243978087489	0.457712625368522	0.53409888174568	0.521393104775154	0.307177089004114	0.670863125069607	0.529009723494222	0.562513815257842	0.782038010637267	0.568934786111335	0.32705359316161	0.32954810349995	0.60249460742569	0.533071906090167	0.460127591706539	0.667633845479161	0.771448870147133	0.545982397441368	0.705741370606263	0.415913289484253	0.705741370606263	0.705741370606263	0.60249460742569	0.573939376583955	0.440114207899004	0.667633845479161	0.4461069056359	0.353207857580191	0.520270054528877	0.506978475597008	0.415913289484253	0.449515267744277	0.383849307628345	0.307177089004114
ZB_9	0.776340640809444	0.382883654661208	0.669151162457357	0.226805011939049	0.369466382624961	0.522772915084248	0.520271767225463	0.407207199204037	0	0.463548974718755	0.372327545882288	0.58319730237192	0.723339918242807	0.142209667438289	0.192112583865161	0.367514007341779	0.382283577573835	0.511537508168646	0.552407349263233	0.344763865284726	0.612350146468749	0.525252824641066	0.479192131147541	0.598884868178126	0.580538802079316	0.533724214837178	0.603862570288145	0.575757575757576	0.520271767225463	0.552407349263233	0.422201311465718	0.552407349263233	0.531060354428401	0.542991576835501	0.344763865284726	0.566300227445034	0.556857599208377	0.590350546843758	0.736953203850036	0.48112389922241	0.528987841893748	0.435423390573801	0.520271767225463	0.557357500596232	0.211640368101062	0.598884868178126	0.729826234429098	0.575529877563316	0.64487482460675	0.258230948909857	0.64487482460675	0.64487482460675	0.520271767225463	0.651448999434375	0.540304384966922	0.598884868178126	0.542659384990947	0.363043880192284	0.544533636967454	0.533862445834795	0.258230948909857	0.374150425349957	0.305625073483716	0.344763865284726
ZB_10	0.708557847566175	0.555634287462085	0.417662374359181	0.306189210270778	0.592826146868271	0.609609750600962	0.105737131319621	0.555493796627283	0.463548974718755	0	0.547021072050303	0.606427793818337	0.7809940029621	0.544017688968962	0.358126417484021	0.345779452270697	0.657576650364347	0.297343585213496	0.634695331489397	0.524347655269505	0.277380720210166	0.501481603068603	0.315849370545945	0.252280053688811	0.603322265475918	0.620142714871767	0.63025381974707	0.413567073170732	0.105737131319621	0.634695331489397	0.44748618224228	0.634695331489397	0.617588623778951	0.633586063936299	0.524347655269505	0.56190830480037	0.322586532027496	0.686631675034231	0.509653661278666	0.199137001078749	0.697940619812044	0.437731808477014	0.105737131319621	0.226536221386543	0.376879141617402	0.252280053688811	0.651589117721841	0.656652270315144	0.33801007238812	0.451401563306355	0.33801007238812	0.33801007238812	0.105737131319621	0.689040159060132	0.626429810137388	0.252280053688811	0.625424340606925	0.442093405784579	0.630454298996471	0.263909348441926	0.451401563306355	0.425543674510122	0.37799517632116	0.524347655269505
ZB_11	0.794027408467989	0.107510543591542	0.717627888313646	0.347114610128095	0.179139642383631	0.621831890188215	0.594917764439941	0.334420748044154	0.372327545882288	0.547021072050303	0	0.674152532533662	0.795332828433096	0.375789927450495	0.294286382414841	0.457659466652775	0.244063402274468	0.639453296639763	0.570094574018848	0.0476680437550342	0.672668693325019	0.738913849035603	0.45543488233959	0.661298620313353	0.609198816166939	0.60155461405882	0.628991862852745	0.641769948294229	0.594917764439941	0.570094574018848	0.18014914126848	0.570094574018848	0.61154615897778	0.61345085144604	0.0476680437550342	0.756503576175707	0.559530420757296	0.696248552861602	0.777883441161951	0.542089536726687	0.461827059912359	0.469589193141327	0.594917764439941	0.524171798269546	0.273048042196066	0.661298620313353	0.815866090944924	0.708714939896966	0.700132512276873	0.174297814846572	0.700132512276873	0.700132512276873	0.594917764439941	0.690619225959258	0.589211361881061	0.661298620313353	0.589686091216989	0.472405620079473	0.628587161684751	0.603827524761081	0.174297814846572	0.618201276446401	0.474823212172908	0.0476680437550342
ZB_12	0.792881881361623	0.661779291905645	0.664040221760088	0.667052402708428	0.602341295773527	0.150723761962732	0.623876362478348	0.556170444294898	0.58319730237192	0.606427793818337	0.674152532533662	0	0.288027382852504	0.609759130110432	0.680075412169831	0.57307853490906	0.468053486898629	0.509184515394377	0.131460062023301	0.704581416255055	0.696069017761072	0.583649777323149	0.551010334988721	0.685511770751408	0.130767663504856	0.124483503203391	0.0616394630203971	0.735882132166494	0.623876362478348	0.131460062023301	0.70500480719767	0.131460062023301	0.109943433272378	0.217995436285865	0.704581416255055	0.506612754582608	0.518453851176788	0.1544570495097	0.793762153137983	0.641463179052236	0.235963547618872	0.481761796999413	0.623876362478348	0.647060421524461	0.685028334191945	0.685511770751408	0.652932917090871	0.271726681906199	0.721569497855258	0.678601460180664	0.721569497855258	0.721569497855258	0.623876362478348	0.11079537591453	0.184943798193529	0.685511770751408	0.156210711591652	0.476682591568184	0.0621575024775213	0.561858255495935	0.678601460180664	0.46501883477373	0.544158075601375	0.704581416255055
ZB_13	0.87243154210418	0.743760358694325	0.694311325344323	0.81546537699874	0.681240077461226	0.410748462282769	0.78529305390906	0.639065111038858	0.723339918242807	0.7809940029621	0.795332828433096	0.288027382852504	0	0.685548885596522	0.82283458380799	0.672190491513153	0.611967876015485	0.66589141835279	0.313272148185399	0.78878207924074	0.767844922167787	0.601144109736117	0.652116371511469	0.849459502903414	0.327195345573088	0.385573804033231	0.258067145088629	0.775107860675576	0.78529305390906	0.313272148185399	0.79540611294835	0.313272148185399	0.374448504067283	0.344964749870487	0.78878207924074	0.511863288392822	0.729734948383694	0.312878721247275	0.73916041667938	0.795724567725409	0.395899844428551	0.610145262304585	0.78529305390906	0.742718900587213	0.825633947660415	0.849459502903414	0.719288049795236	0.289211447395512	0.760983956740797	0.769154206088618	0.760983956740797	0.760983956740797	0.78529305390906	0.189928171360493	0.369870546161355	0.849459502903414	0.338022797753751	0.569391932355491	0.330452814145779	0.717532227817073	0.769154206088618	0.612386614542013	0.641349136120273	0.78878207924074
ZB_14	0.757821804855703	0.386287806373654	0.667712772083381	0.318992243527499	0.372735460182202	0.557374624954761	0.518032361178951	0.428051185858435	0.142209667438289	0.544017688968962	0.375789927450495	0.609759130110432	0.685548885596522	0	0.259525954350293	0.3716817090337	0.385212136257496	0.50945104184936	0.555132105568969	0.348378294276755	0.610540568948354	0.523118513269699	0.454203309187137	0.597012433765929	0.555122879889235	0.567319067998098	0.580326530612245	0.604578148535755	0.518032361178951	0.555132105568969	0.425920908074234	0.555132105568969	0.578520601095795	0.49061757474328	0.348378294276755	0.564519724857943	0.555050974124152	0.622734028440343	0.735725282402913	0.455177232173219	0.523969579104895	0.439143610337776	0.518032361178951	0.472458751447318	0.276815146165755	0.597012433765929	0.728716458836587	0.573240647533299	0.64321707463351	0.26232271281237	0.64321707463351	0.64321707463351	0.518032361178951	0.628462057246631	0.520417691182421	0.597012433765929	0.545443482814188	0.366921401865319	0.577144280493563	0.531863037512996	0.26232271281237	0.348099452073638	0.309852136766493	0.348378294276755
ZB_15	0.715588371764611	0.307705248132949	0.609380817318432	0.0748578834202233	0.365647902916159	0.628904681043979	0.425996288769108	0.478858457533594	0.192112583865161	0.358126417484021	0.294286382414841	0.680075412169831	0.82283458380799	0.259525954350293	0	0.433143090093763	0.466525248954098	0.51149936706481	0.648722973485053	0.258962578166778	0.536169774086183	0.64897072779035	0.413223937642045	0.520058319342582	0.678026416161022	0.637420492914787	0.695999181044096	0.531002913025385	0.425996288769108	0.648722973485053	0.34473037280949	0.648722973485053	0.648577841414806	0.649228540037896	0.258962578166778	0.680045909710902	0.523835121069221	0.69396550050666	0.685259638891343	0.351138405348885	0.631126206409524	0.496976744186046	0.425996288769108	0.478295787656106	0.0292156035770707	0.520058319342582	0.75328432108027	0.669949081055093	0.575086153574269	0.145317003788689	0.575086153574269	0.575086153574269	0.425996288769108	0.745171323376585	0.642537281987045	0.520058319342582	0.641072633609039	0.500107851596204	0.645825979694468	0.49557058271589	0.145317003788689	0.494057393521124	0.455044762080723	0.258962578166778
ZB_16	0.710600503612875	0.467073392061874	0.60248408696371	0.49234756275115	0.449799376034921	0.462090877632921	0.414954856237945	0.34173849995972	0.367514007341779	0.345779452270697	0.457659466652775	0.57307853490906	0.672190491513153	0.3716817090337	0.433143090093763	0	0.476593404435017	0.4151642080981	0.44161847288576	0.433029348859316	0.527247618976141	0.49272556249013	0.254657095793548	0.510826247176169	0.482941724273792	0.475998686658641	0.516025479842427	0.48262171553801	0.414954856237945	0.44161847288576	0.351130375658678	0.44161847288576	0.489296982585807	0.446861596642531	0.433029348859316	0.542839994307389	0.433270645898997	0.565488109868766	0.67920534970467	0.338657019986341	0.564939741511127	0.140552534654359	0.414954856237945	0.312779099526422	0.409341331314425	0.510826247176169	0.678941200710846	0.545872488072864	0.566912586966474	0.355243896946221	0.566912586966474	0.566912586966474	0.414954856237945	0.593881485206605	0.419440925142195	0.510826247176169	0.427447424735942	0.176903650802648	0.515514206688459	0.397027245600825	0.355243896946221	0.301155800917053	0.0840236603450934	0.433029348859316
ZB_17	0.829748731568548	0.297185083321685	0.726482430813348	0.506460039675525	0.266244432277254	0.408518790642102	0.693783513051676	0.297824444780178	0.382283577573835	0.657576650364347	0.244063402274468	0.468053486898629	0.611967876015485	0.385212136257496	0.466525248954098	0.476593404435017	0	0.646619083253247	0.363995528383816	0.280097421090881	0.752558285703062	0.661033527782688	0.557270735760689	0.743963231394732	0.473540173225369	0.388241514512707	0.422892817217713	0.729200793510498	0.693783513051676	0.363995528383816	0.380244731208139	0.363995528383816	0.447599491801484	0.427220166036077	0.280097421090881	0.644594445731738	0.638687868258045	0.49014950722657	0.832093964213462	0.65384872233025	0.255728014277326	0.452953618371355	0.693783513051676	0.640304048082022	0.45047041030778	0.743963231394732	0.792137117658375	0.547773105638033	0.773319191562077	0.37582149942058	0.773319191562077	0.773319191562077	0.693783513051676	0.484520180324225	0.37594439200206	0.743963231394732	0.383587045581957	0.467140047984896	0.422488116049719	0.673334340534824	0.37582149942058	0.578195603747747	0.468976672381558	0.280097421090881
ZB_18	0.74254553613642	0.645568008729852	0.492234590171147	0.478260869565217	0.561279065529558	0.513228981734483	0.233676097599339	0.589302715530104	0.511537508168646	0.297343585213496	0.639453296639763	0.509184515394377	0.66589141835279	0.50945104184936	0.51149936706481	0.4151642080981	0.646619083253247	0	0.573707149442628	0.623478496077901	0.380763256719294	0.453246347242333	0.4384289832553	0.359253652110655	0.505235971341994	0.526607997989566	0.539438118307563	0.489123794852726	0.233676097599339	0.573707149442628	0.570602298141436	0.573707149442628	0.523365055267387	0.500201448463587	0.623478496077901	0.334908817815219	0.341724118647994	0.59442721579312	0.579805745069896	0.303303303303303	0.624999078368196	0.490105676665863	0.233676097599339	0.324131233959908	0.523698376522201	0.359253652110655	0.479324658038076	0.527108417317556	0.432718585949942	0.573249244514519	0.432718585949942	0.432718585949942	0.233676097599339	0.597602155200251	0.534587281470331	0.359253652110655	0.562888352226338	0.493714198961806	0.539692380094757	0.289671045826006	0.573249244514519	0.387219426697575	0.441176091468052	0.623478496077901
ZB_19	0.768682423937641	0.557721333390832	0.708205515044841	0.685411546470629	0.498283337258714	0.12424356717794	0.673321599195373	0.457712625368522	0.552407349263233	0.634695331489397	0.570094574018848	0.131460062023301	0.313272148185399	0.555132105568969	0.648722973485053	0.44161847288576	0.363995528383816	0.573707149442628	0	0.600523457740242	0.736023803537004	0.638383203419663	0.466046433660213	0.726854412874026	0.138391584946777	0.0994929176095884	0.0744070069566675	0.711105523426368	0.673321599195373	0	0.593715520330366	0	0.105619813930098	0.147070656273573	0.600523457740242	0.571473472466683	0.556382532897494	0.159374738077278	0.820874193278015	0.63071829687369	0.191081672691924	0.350301734976113	0.673321599195373	0.61626854412874	0.633973199946588	0.726854412874026	0.698558377336351	0.293835386807476	0.758171988936384	0.565392346863282	0.758171988936384	0.758171988936384	0.673321599195373	0.152263012320845	0.084054144665158	0.726854412874026	0.0247506495683514	0.345222529544883	0.0738957338026988	0.594824407006957	0.565392346863282	0.469952225295449	0.412698013578074	0.600523457740242
ZB_20	0.784395789259042	0.0657762597813065	0.704357404513666	0.314435071100392	0.14396752661351	0.653325871552073	0.574641769706759	0.307177089004114	0.344763865284726	0.524347655269505	0.0476680437550342	0.704581416255055	0.78878207924074	0.348378294276755	0.258962578166778	0.433029348859316	0.280097421090881	0.623478496077901	0.600523457740242	0	0.656284445220504	0.727608734646866	0.430194132567987	0.644345254335323	0.641251061361548	0.633048595422678	0.659420746574138	0.62383909375648	0.574641769706759	0.600523457740242	0.139112309153016	0.600523457740242	0.642927763808351	0.64557223547044	0	0.7466990325356	0.603827524761081	0.726677436582995	0.766765614257184	0.519169276773145	0.492255943633752	0.447257054730387	0.574641769706759	0.500354683458655	0.236661173620281	0.644345254335323	0.807976345622959	0.698831501736657	0.685122938743438	0.132968100315395	0.685122938743438	0.685122938743438	0.574641769706759	0.721048109680651	0.620698532566721	0.644345254335323	0.620114974938383	0.450314953441665	0.659016045406144	0.585464816630117	0.132968100315395	0.602398657185142	0.451760538095124	0
ZB_21	0.626674723155045	0.678892768842556	0.524417246175243	0.498638946815454	0.705768323500698	0.698573499925828	0.191938628899836	0.678791247456694	0.612350146468749	0.277380720210166	0.672668693325019	0.696069017761072	0.767844922167787	0.610540568948354	0.536169774086183	0.527247618976141	0.752558285703062	0.380763256719294	0.736023803537004	0.656284445220504	0	0.598792896297965	0.50561956487615	0.355808702791461	0.693623934201375	0.706858278379926	0.714803160301542	0.520727044391868	0.191938628899836	0.736023803537004	0.600742862937985	0.736023803537004	0.704850129089997	0.690506372650177	0.656284445220504	0.651083247620447	0.404946342200726	0.774508208535389	0.3214319733291	0.285163076783404	0.767785650561458	0.593694164392928	0.191938628899836	0.312080903392089	0.549720854093544	0.355808702791461	0.561789129206596	0.626183199311593	0.45167538998358	0.60357219278261	0.45167538998358	0.45167538998358	0.191938628899836	0.776273422579782	0.711799343896268	0.355808702791461	0.729324406782574	0.596845938698054	0.714960608542584	0.348489393171499	0.60357219278261	0.501976597090449	0.550527322287394	0.656284445220504
ZB_22	0.908329153967825	0.743246910998492	0.412444507799454	0.625831593417282	0.71588154570289	0.587080627640891	0.458352106330255	0.645660379168285	0.525252824641066	0.501481603068603	0.738913849035603	0.583649777323149	0.601144109736117	0.523118513269699	0.64897072779035	0.49272556249013	0.661033527782688	0.453246347242333	0.638383203419663	0.727608734646866	0.598792896297965	0	0.589869809366071	0.578255237666141	0.580300296210548	0.598429813988338	0.609313381477373	0.40827522559475	0.458352106330255	0.638383203419663	0.690344080020606	0.638383203419663	0.595678882188392	0.576029598184016	0.727608734646866	0.156139064104445	0.521859205637313	0.569824019143527	0.504652968512788	0.505535466401604	0.681893252917886	0.558741496801782	0.458352106330255	0.519725343320849	0.657486273927882	0.578255237666141	0.769709882351112	0.611227087160089	0.331258909015054	0.69220388525587	0.331258909015054	0.331258909015054	0.458352106330255	0.573432795977992	0.605198501118671	0.578255237666141	0.629205806268639	0.506990058173536	0.609529067320702	0.485556787895843	0.69220388525587	0.396398908668847	0.452748319029137	0.727608734646866
ZB_23	0.698578199052133	0.465070276885712	0.585854236193347	0.474508834646524	0.477358456915079	0.590290000838153	0.38818949549493	0.418127854327821	0.479192131147541	0.315849370545945	0.45543488233959	0.551010334988721	0.652116371511469	0.454203309187137	0.413223937642045	0.254657095793548	0.557270735760689	0.4384289832553	0.466046433660213	0.430194132567987	0.50561956487615	0.589869809366071	0	0.488446928075848	0.484821322947284	0.565539351269801	0.518285471176345	0.500954329602541	0.38818949549493	0.466046433660213	0.400722305095391	0.466046433660213	0.514699217320062	0.55387075911975	0.430194132567987	0.628960140407013	0.341759554140127	0.6014675973104	0.664529243713308	0.308401092518758	0.564809814890814	0.178151466480897	0.38818949549493	0.334755397379448	0.427333380401017	0.488446928075848	0.703753316339801	0.519326705128269	0.547099174332088	0.350182668925538	0.547099174332088	0.547099174332088	0.38818949549493	0.572502955018769	0.485806694443472	0.488446928075848	0.490797083228564	0.184526666794672	0.514499025723459	0.295842553935771	0.350182668925538	0.32004234764772	0.28757768348022	0.430194132567987
ZB_24	0.635930966491779	0.667738893278617	0.500072322670375	0.481223833553543	0.695547988397023	0.688103247787992	0.163870073891626	0.667633845479161	0.598884868178126	0.252280053688811	0.661298620313353	0.685511770751408	0.849459502903414	0.597012433765929	0.520058319342582	0.510826247176169	0.743963231394732	0.359253652110655	0.726854412874026	0.644345254335323	0.355808702791461	0.578255237666141	0.488446928075848	0	0.682981755570363	0.696675803591789	0.704896656328526	0.496193220681072	0.163870073891626	0.726854412874026	0.586874397850008	0.726854412874026	0.694597899886138	0.679755903422659	0.644345254335323	0.633222314737719	0.384276753325272	0.764335296934643	0.615545463875205	0.260332735649924	0.759719529009283	0.579580858021944	0.163870073891626	0.288185571063495	0.534080105224782	0	0.571776789341556	0.726294101936588	0.423606834975369	0.589802006369026	0.423606834975369	0.423606834975369	0.163870073891626	0.766180147431935	0.701788500340863	0	0.719922308069132	0.582842111326587	0.705059573640078	0.325858734213874	0.589802006369026	0.484677419354839	0.534914586633557	0.644345254335323
ZB_25	0.791294151453215	0.596165471069818	0.718387512863855	0.664832617852752	0.533556495882092	0.23287198264287	0.620850498791325	0.529906897763204	0.580538802079316	0.603322265475918	0.609198816166939	0.130767663504856	0.327195345573088	0.555122879889235	0.678026416161022	0.482941724273792	0.473540173225369	0.505235971341994	0.138391584946777	0.641251061361548	0.693623934201375	0.580300296210548	0.484821322947284	0.682981755570363	0	0.207697324393332	0.0691282004844588	0.733867397199624	0.620850498791325	0.138391584946777	0.637045622484537	0.138391584946777	0.120541481268839	0.256090127493063	0.641251061361548	0.502643521063051	0.485128674056528	0.268604993158597	0.792102997611833	0.638714700852324	0.268154497085475	0.385382714280597	0.620850498791325	0.554633579283744	0.662200727199507	0.682981755570363	0.650140809447609	0.336696085187738	0.719329562201783	0.607861859820259	0.719329562201783	0.719329562201783	0.620850498791325	0.153242931202318	0.191994066521456	0.682981755570363	0.163142234515129	0.379956302159819	0.181661629745824	0.529745083829044	0.607861859820259	0.460917766252787	0.452044306744511	0.641251061361548
ZB_26	0.743125200694344	0.588748274749195	0.675966474155222	0.676920506514044	0.527229779373897	0.0274852358769354	0.637228393654103	0.541939695390412	0.533724214837178	0.620142714871767	0.60155461405882	0.124483503203391	0.385573804033231	0.567319067998098	0.637420492914787	0.475998686658641	0.388241514512707	0.526607997989566	0.0994929176095884	0.633048595422678	0.706858278379926	0.598429813988338	0.565539351269801	0.696675803591789	0.207697324393332	0	0.142616612887413	0.679186891227156	0.637228393654103	0.0994929176095884	0.628330278201079	0.0994929176095884	0.0970880688129237	0.135499942069285	0.633048595422678	0.524127532239074	0.574979784426455	0.154078214276194	0.801083400425356	0.589918046900814	0.250361705956451	0.449794652585701	0.637228393654103	0.634417083322193	0.621540446133343	0.696675803591789	0.665253468230958	0.296631330140309	0.731453515699533	0.599545137770051	0.731453515699533	0.731453515699533	0.637228393654103	0.221806386162037	0.152429017779123	0.696675803591789	0.12424356717794	0.444715447154472	0.0634546860143775	0.615735269289212	0.599545137770051	0.483347698979002	0.445787457590019	0.633048595422678
ZB_27	0.805086763248222	0.616618622224729	0.684748602087248	0.68426408660619	0.55718062609261	0.167791271136952	0.647060421524461	0.507438324193525	0.603862570288145	0.63025381974707	0.628991862852745	0.0616394630203971	0.258067145088629	0.580326530612245	0.695999181044096	0.516025479842427	0.422892817217713	0.539438118307563	0.0744070069566675	0.659420746574138	0.714803160301542	0.609313381477373	0.518285471176345	0.704896656328526	0.0691282004844588	0.142616612887413	0	0.751374431269819	0.647060421524461	0.0744070069566675	0.656705774668374	0.0744070069566675	0.128869088652971	0.191009415987144	0.659420746574138	0.537024879451248	0.520720802300048	0.203524281652678	0.80647454327304	0.662590734576745	0.212704062176542	0.42470874193278	0.647060421524461	0.585420958504064	0.68105689184298	0.704896656328526	0.674325945713445	0.314641758032472	0.738731804495959	0.629469231907438	0.738731804495959	0.738731804495959	0.647060421524461	0.0841147307178593	0.126913355015537	0.704896656328526	0.0991576565250188	0.419629536501551	0.116580918239905	0.562252959952912	0.629469231907438	0.496543753868529	0.487105020534741	0.659420746574138
ZB_28	0.813157919897506	0.648581551245125	0.2863503135087	0.578392477478465	0.677994049037056	0.670120063357467	0.35295964477535	0.648470446653034	0.575757575757576	0.413567073170732	0.641769948294229	0.735882132166494	0.775107860675576	0.604578148535755	0.531002913025385	0.48262171553801	0.729200793510498	0.489123794852726	0.711105523426368	0.62383909375648	0.520727044391868	0.40827522559475	0.500954329602541	0.496193220681072	0.733867397199624	0.679186891227156	0.751374431269819	0	0.35295964477535	0.711105523426368	0.5630546118351	0.711105523426368	0.676989180805653	0.661291432052907	0.62383909375648	0.491523183476376	0.507161341566527	0.656333815245027	0.379961123360798	0.287082279033243	0.745865559725428	0.555340544794267	0.35295964477535	0.438650933392998	0.544363973484083	0.496193220681072	0.82615579480684	0.730513213963013	0.162919229430196	0.566151018918273	0.162919229430196	0.162919229430196	0.35295964477535	0.729741754793507	0.684594373247073	0.496193220681072	0.703773730845587	0.558789833784554	0.688054048428188	0.465268639842838	0.566151018918273	0.497377931564783	0.508098928229938	0.62383909375648
ZB_29	0.681967115748211	0.602620243162644	0.357941585535466	0.379550772855346	0.635879542046776	0.626975733707225	0	0.60249460742569	0.520271767225463	0.105737131319621	0.594917764439941	0.623876362478348	0.78529305390906	0.518032361178951	0.425996288769108	0.414954856237945	0.693783513051676	0.233676097599339	0.673321599195373	0.574641769706759	0.191938628899836	0.458352106330255	0.38818949549493	0.163870073891626	0.620850498791325	0.637228393654103	0.647060421524461	0.35295964477535	0	0.673321599195373	0.505907408346433	0.673321599195373	0.634743249131981	0.616992423572418	0.574641769706759	0.528946466180144	0.26360338573156	0.704943718878004	0.45167538998358	0.115368029233528	0.712627830331271	0.497184434080926	0	0.14867964091475	0.442766153648197	0.163870073891626	0.622066137736387	0.656668501692403	0.259736761083744	0.50940878824877	0.259736761083744	0.259736761083744	0	0.707253503584312	0.643343109309444	0.163870073891626	0.665030896293304	0.501084848601217	0.647255268409454	0.1937362307748	0.50940878824877	0.383681214421252	0.443764182043927	0.574641769706759
ZB_30	0.768682423937641	0.557721333390832	0.708205515044841	0.685411546470629	0.498283337258714	0.12424356717794	0.673321599195373	0.457712625368522	0.552407349263233	0.634695331489397	0.570094574018848	0.131460062023301	0.313272148185399	0.555132105568969	0.648722973485053	0.44161847288576	0.363995528383816	0.573707149442628	0	0.600523457740242	0.736023803537004	0.638383203419663	0.466046433660213	0.726854412874026	0.138391584946777	0.0994929176095884	0.0744070069566675	0.711105523426368	0.673321599195373	0	0.593715520330366	0	0.105619813930098	0.147070656273573	0.600523457740242	0.571473472466683	0.556382532897494	0.159374738077278	0.820874193278015	0.63071829687369	0.191081672691924	0.350301734976113	0.673321599195373	0.61626854412874	0.633973199946588	0.726854412874026	0.698558377336351	0.293835386807476	0.758171988936384	0.565392346863282	0.758171988936384	0.758171988936384	0.673321599195373	0.152263012320845	0.084054144665158	0.726854412874026	0.0247506495683514	0.345222529544883	0.0738957338026988	0.594824407006957	0.565392346863282	0.469952225295449	0.412698013578074	0.600523457740242
ZB_31	0.752189885803681	0.195738281548696	0.659940715771609	0.402050113895216	0.263052180696272	0.620070888895578	0.505907408346433	0.218243978087489	0.422201311465718	0.44748618224228	0.18014914126848	0.70500480719767	0.79540611294835	0.425920908074234	0.34473037280949	0.351130375658678	0.380244731208139	0.570602298141436	0.593715520330366	0.139112309153016	0.600742862937985	0.690344080020606	0.400722305095391	0.586874397850008	0.637045622484537	0.628330278201079	0.656705774668374	0.5630546118351	0.505907408346433	0.593715520330366	0	0.593715520330366	0.63893706662951	0.610829786334152	0.139112309153016	0.714780691782244	0.548206074290277	0.701427365262735	0.729076872369555	0.441471020739313	0.477924142065995	0.422437966512003	0.505907408346433	0.419616145225901	0.321686325807979	0.586874397850008	0.782018039228163	0.698858266303503	0.634241417778003	0.272080409468411	0.634241417778003	0.634241417778003	0.505907408346433	0.722615825081864	0.584322370227701	0.586874397850008	0.585020455640792	0.425946905139053	0.656272949490721	0.524168851356054	0.272080409468411	0.5507163615969	0.375547327840516	0.139112309153016
ZB_32	0.768682423937641	0.557721333390832	0.708205515044841	0.685411546470629	0.498283337258714	0.12424356717794	0.673321599195373	0.457712625368522	0.552407349263233	0.634695331489397	0.570094574018848	0.131460062023301	0.313272148185399	0.555132105568969	0.648722973485053	0.44161847288576	0.363995528383816	0.573707149442628	0	0.600523457740242	0.736023803537004	0.638383203419663	0.466046433660213	0.726854412874026	0.138391584946777	0.0994929176095884	0.0744070069566675	0.711105523426368	0.673321599195373	0	0.593715520330366	0	0.105619813930098	0.147070656273573	0.600523457740242	0.571473472466683	0.556382532897494	0.159374738077278	0.820874193278015	0.63071829687369	0.191081672691924	0.350301734976113	0.673321599195373	0.61626854412874	0.633973199946588	0.726854412874026	0.698558377336351	0.293835386807476	0.758171988936384	0.565392346863282	0.758171988936384	0.758171988936384	0.673321599195373	0.152263012320845	0.084054144665158	0.726854412874026	0.0247506495683514	0.345222529544883	0.0738957338026988	0.594824407006957	0.565392346863282	0.469952225295449	0.412698013578074	0.600523457740242
ZB_33	0.755967432684025	0.598785515129745	0.728282015914166	0.675074734764854	0.537486529481193	0.123328327572265	0.634743249131981	0.53409888174568	0.531060354428401	0.617588623778951	0.61154615897778	0.109943433272378	0.374448504067283	0.578520601095795	0.648577841414806	0.489296982585807	0.447599491801484	0.523365055267387	0.105619813930098	0.642927763808351	0.704850129089997	0.595678882188392	0.514699217320062	0.694597899886138	0.120541481268839	0.0970880688129237	0.128869088652971	0.676989180805653	0.634743249131981	0.105619813930098	0.63893706662951	0.105619813930098	0	0.222756936244944	0.642927763808351	0.520867597239208	0.503994527146385	0.160573855709678	0.799720734524429	0.603500338085049	0.239753763460386	0.394338208377639	0.634743249131981	0.632019700014353	0.632761890019736	0.694597899886138	0.662960307754303	0.303126971573793	0.729613854566412	0.610453203551581	0.729613854566412	0.729613854566412	0.634743249131981	0.208913553012547	0.158660875273336	0.694597899886138	0.130370463498449	0.389056426168355	0.0699503274478616	0.546976107807719	0.610453203551581	0.425834329063273	0.459223072498126	0.642927763808351
ZB_34	0.728796320863182	0.600389392554618	0.657891375057732	0.689696352085092	0.537645365633306	0.112132723112128	0.616992423572418	0.521393104775154	0.542991576835501	0.633586063936299	0.61345085144604	0.217995436285865	0.344964749870487	0.49061757474328	0.649228540037896	0.446861596642531	0.427220166036077	0.500201448463587	0.147070656273573	0.64557223547044	0.690506372650177	0.576029598184016	0.55387075911975	0.679755903422659	0.256090127493063	0.135499942069285	0.191009415987144	0.661291432052907	0.616992423572418	0.147070656273573	0.610829786334152	0.147070656273573	0.222756936244944	0	0.64557223547044	0.497582618436956	0.579565488870932	0.200794272688417	0.789987520022012	0.567043031357173	0.265711582646304	0.497372391249686	0.616992423572418	0.578643919215078	0.654843928099993	0.679755903422659	0.646580780833898	0.324071446268892	0.716473570944253	0.612507417545606	0.716473570944253	0.716473570944253	0.616992423572418	0.239529920091621	0.154358424976497	0.679755903422659	0.125424340606925	0.455469645517342	0.158406864658979	0.621680562697422	0.612507417545606	0.455902789150341	0.415034819904995	0.64557223547044
ZB_35	0.784395789259042	0.0657762597813065	0.704357404513666	0.314435071100392	0.14396752661351	0.653325871552073	0.574641769706759	0.307177089004114	0.344763865284726	0.524347655269505	0.0476680437550342	0.704581416255055	0.78878207924074	0.348378294276755	0.258962578166778	0.433029348859316	0.280097421090881	0.623478496077901	0.600523457740242	0	0.656284445220504	0.727608734646866	0.430194132567987	0.644345254335323	0.641251061361548	0.633048595422678	0.659420746574138	0.62383909375648	0.574641769706759	0.600523457740242	0.139112309153016	0.600523457740242	0.642927763808351	0.64557223547044	0	0.7466990325356	0.603827524761081	0.726677436582995	0.766765614257184	0.519169276773145	0.492255943633752	0.447257054730387	0.574641769706759	0.500354683458655	0.236661173620281	0.644345254335323	0.807976345622959	0.698831501736657	0.685122938743438	0.132968100315395	0.685122938743438	0.685122938743438	0.574641769706759	0.721048109680651	0.620698532566721	0.644345254335323	0.620114974938383	0.450314953441665	0.659016045406144	0.585464816630117	0.132968100315395	0.602398657185142	0.451760538095124	0
