ZB_1	ZB_3	ZB_4	ZB_6	ZB_7	ZB_8	ZB_11	ZB_12	ZB_13	ZB_14	ZB_15	ZB_17	ZB_18	ZB_19	ZB_22	ZB_24	ZB_25	ZB_26	ZB_27	ZB_29	ZB_30	ZB_32	ZB_33	ZB_34	ZB_36	ZB_37	ZB_38	ZB_41	ZB_43	ZB_45	ZB_46	ZB_49	ZB_51	ZB_52	ZB_54	ZB_55	ZB_57	ZB_59	ZB_62
ZB_1	0	0.957771096972663	0.865493820287273	0.976195251082945	0.957771096972663	0.951292572835453	1	1	1	0.961614332373961	1	1	0.969220796058602	0.960703306712643	0.933916044983855	0.946278878438174	0.944024836661878	0.923094063345536	1	1	0.979528129419475	0.950936192681045	0.957771096972663	0.950712988841062	0.957771096972663	0.865493820287273	0.960703306712643	0.957771096972663	0.976099387886598	0.913308694248089	0.951353092783505	0.956451990843382	0.957771096972663	0.957771096972663	0.944024836661878	0.972498957416246	0.960703306712643	0.960703306712643	0.943519223448801
ZB_3	0.957771096972663	0	0.686044885688317	0.278378686098144	0	0.595521918478641	0.681238201775851	0.438806544081661	0.684384394882193	0.480983010557226	0.734216597916521	0.782825281409495	0.347409634342446	0.0694360859452514	0.707526393064392	0.213923652380619	0.245577850800531	0.450901908690485	0.684384394882193	0.787597007620779	0.146337893007596	0.268505717213448	0	0.143204222890303	0	0.686044885688317	0.0694360859452514	0	0.153411871635321	0.512881912885409	0.131930364259246	0.0302908480738307	0	0	0.245577850800531	0.267059358176606	0.0694360859452514	0.0694360859452514	0.654145983360134
ZB_4	0.865493820287273	0.686044885688317	0	0.789211497554679	0.686044885688317	0.313377102995486	0.869205298013245	0.837119100706057	0.758222436737227	0.458881738511787	0.421773886562619	0.93617840638566	0.566109166342538	0.707844699988614	0.0684222246965817	0.600604807328842	0.583846902367824	0.64920391749193	0.758222436737227	0.323460639127046	0.711410437722052	0.635230088136144	0.686044885688317	0.763229809077145	0.686044885688317	0	0.707844699988614	0.686044885688317	0.663075869845361	0.355484588611002	0.638329574742268	0.716335733762148	0.686044885688317	0.686044885688317	0.583846902367824	0.612321023122191	0.707844699988614	0.707844699988614	0.203797106966121
ZB_6	0.976195251082945	0.278378686098144	0.789211497554679	0	0.278378686098144	0.665228549112954	0.715457461726118	0.449028986342419	0.628724169836537	0.621647779263743	0.876592524811712	0.818704173034882	0.573142800238996	0.208942600152893	0.784393945029196	0.477448317366341	0.418846995194378	0.394633402855768	0.628724169836537	0.869583813738982	0.250879638850163	0.408012231421089	0.278378686098144	0.167429815343042	0.278378686098144	0.789211497554679	0.208942600152893	0.278378686098144	0.388933147447388	0.609094049415486	0.401148322245897	0.306566256241766	0.278378686098144	0.278378686098144	0.418846995194378	0.406278595058774	0.208942600152893	0.208942600152893	0.795980854508341
ZB_7	0.957771096972663	0	0.686044885688317	0.278378686098144	0	0.595521918478641	0.681238201775851	0.438806544081661	0.684384394882193	0.480983010557226	0.734216597916521	0.782825281409495	0.347409634342446	0.0694360859452514	0.707526393064392	0.213923652380619	0.245577850800531	0.450901908690485	0.684384394882193	0.787597007620779	0.146337893007596	0.268505717213448	0	0.143204222890303	0	0.686044885688317	0.0694360859452514	0	0.153411871635321	0.512881912885409	0.131930364259246	0.0302908480738307	0	0	0.245577850800531	0.267059358176606	0.0694360859452514	0.0694360859452514	0.654145983360134
ZB_8	0.951292572835453	0.595521918478641	0.313377102995486	0.665228549112954	0.595521918478641	0	0.887418999220241	0.680865288190631	0.519761425697039	0.220684313329292	0.536094674556213	0.9459739797884	0.617478968544258	0.623607293310128	0.276911110150815	0.485446823649745	0.463857096520087	0.50976535824524	0.519761425697039	0.474871440300765	0.592250629922647	0.530055643556314	0.595521918478641	0.667602200967539	0.595521918478641	0.313377102995486	0.623607293310128	0.595521918478641	0.522225663260039	0.169650866554236	0.534048807989691	0.625812766552472	0.595521918478641	0.595521918478641	0.463857096520087	0.448143466959197	0.623607293310128	0.623607293310128	0.361213972132086
ZB_11	1	0.681238201775851	0.869205298013245	0.715457461726118	0.681238201775851	0.887418999220241	0	0.431993023328246	0.869592300744386	0.904284016093636	0.856884057971014	0.936786989840147	0.511543818298693	0.703371773393406	0.863983367443069	0.594490027349743	0.926816052576383	0.90790718134829	0.869592300744386	0.840203037936035	0.67866015893433	0.629645424637505	0.681238201775851	0.627960586711275	0.681238201775851	0.869205298013245	0.703371773393406	0.681238201775851	0.623474759987612	0.900116892101434	0.632792364690722	0.671281025252798	0.681238201775851	0.681238201775851	0.926816052576383	0.925209438579569	0.703371773393406	0.703371773393406	0.876259715695836
ZB_12	1	0.438806544081661	0.837119100706057	0.449028986342419	0.438806544081661	0.680865288190631	0.431993023328246	0	0.43759927741614	0.724042531227418	0.825980148883375	0.957315788241354	0.564634146341463	0.47777362111872	0.832333181915987	0.447970360824742	0.684384394882193	0.602837347410096	0.43759927741614	0.811711324706009	0.434267792010995	0.491665585077782	0.438806544081661	0.345009078112569	0.438806544081661	0.837119100706057	0.47777362111872	0.438806544081661	0.337111592856406	0.713237502681828	0.353515625	0.421276519043242	0.438806544081661	0.438806544081661	0.684384394882193	0.677455656181341	0.47777362111872	0.47777362111872	0.843742340856933
ZB_13	1	0.684384394882193	0.758222436737227	0.628724169836537	0.684384394882193	0.519761425697039	0.869592300744386	0.43759927741614	0	0.611283990111967	0.732838095238095	0.936389964758017	0.855043406366267	0.706299507164815	0.747524930698059	0.730871456185567	0.581645892220008	0.425210886519179	0	0.697663390239696	0.681831797438021	0.752173993658799	0.684384394882193	0.63163263224464	0.684384394882193	0.758222436737227	0.706299507164815	0.684384394882193	0.627191080829978	0.589496314496314	0.636416720360825	0.674525496133672	0.684384394882193	0.684384394882193	0.581645892220008	0.569384494312355	0.706299507164815	0.706299507164815	0.77253413771853
ZB_14	0.961614332373961	0.480983010557226	0.458881738511787	0.621647779263743	0.480983010557226	0.220684313329292	0.904284016093636	0.724042531227418	0.611283990111967	0	0.487910015491345	0.869045701090167	0.467675566934894	0.51702151884322	0.436485485283222	0.339737175638717	0.312033733376581	0.5841944302859	0.611283990111967	0.590759075907591	0.565242647546969	0.396978189350554	0.480983010557226	0.624187233447528	0.480983010557226	0.458881738511787	0.51702151884322	0.480983010557226	0.386930938371013	0.138505319664974	0.40210212628866	0.511273858631056	0.480983010557226	0.480983010557226	0.312033733376581	0.29187036462929	0.51702151884322	0.51702151884322	0.333636424866977
ZB_15	1	0.734216597916521	0.421773886562619	0.876592524811712	0.734216597916521	0.536094674556213	0.856884057971014	0.825980148883375	0.732838095238095	0.487910015491345	0	0.785664059066538	0.592725519605742	0.752671557066411	0.385859402638096	0.661886020501189	0.647699365182336	0.822939810139366	0.732838095238095	0.200841772984348	0.732067027293711	0.691198570326144	0.734216597916521	0.877420820806824	0.734216597916521	0.421773886562619	0.752671557066411	0.734216597916521	0.686053473727676	0.607023898069398	0.693822487113402	0.725914309919068	0.734216597916521	0.734216597916521	0.647699365182336	0.637373905992893	0.752671557066411	0.752671557066411	0.231515641582857
ZB_17	1	0.782825281409495	0.93617840638566	0.818704173034882	0.782825281409495	0.9459739797884	0.936786989840147	0.957315788241354	0.936389964758017	0.869045701090167	0.785664059066538	0	0.891342126370199	0.797905043834681	0.93330894457655	0.907141905142705	0.712131041193643	0.728132524877426	0.936389964758017	0.919882218511031	0.781068842175744	0.914122204613488	0.782825281409495	0.820041096153477	0.782825281409495	0.93617840638566	0.797905043834681	0.782825281409495	0.912884268438633	0.952613657040368	0.914755645668741	0.776041385028569	0.782825281409495	0.782825281409495	0.712131041193643	0.703693988028522	0.797905043834681	0.797905043834681	0.821584049753064
ZB_18	0.969220796058602	0.347409634342446	0.566109166342538	0.573142800238996	0.347409634342446	0.617478968544258	0.511543818298693	0.564634146341463	0.855043406366267	0.467675566934894	0.592725519605742	0.891342126370199	0	0.392722955059287	0.551826655238912	0.169812998910457	0.592987485142977	0.797155204086988	0.855043406366267	0.674523248339404	0.438408683529177	0.241785467690183	0.347409634342446	0.490613857232748	0.347409634342446	0.566109166342538	0.392722955059287	0.347409634342446	0.229152472385672	0.550130078046828	0.248228092783505	0.377700482416276	0.347409634342446	0.347409634342446	0.592987485142977	0.584052301591555	0.392722955059287	0.392722955059287	0.47002892650525
ZB_19	0.960703306712643	0.0694360859452514	0.707844699988614	0.208942600152893	0.0694360859452514	0.623607293310128	0.703371773393406	0.47777362111872	0.706299507164815	0.51702151884322	0.752671557066411	0.797905043834681	0.392722955059287	0	0.727834615572291	0.268505717213448	0.297961971991347	0.489029130951026	0.706299507164815	0.802345440054651	0.0769018070623445	0.199069631268197	0.0694360859452514	0.20269676810722	0.0694360859452514	0.707844699988614	0	0.0694360859452514	0.212195637676681	0.546705486247784	0.192205722093004	0.097623656088873	0.0694360859452514	0.0694360859452514	0.297961971991347	0.317951887575023	0	0	0.67816073258405
ZB_22	0.933916044983855	0.707526393064392	0.0684222246965817	0.784393945029196	0.707526393064392	0.276911110150815	0.863983367443069	0.832333181915987	0.747524930698059	0.436485485283222	0.385859402638096	0.93330894457655	0.551826655238912	0.727834615572291	0	0.627932314944522	0.612321023122191	0.682825408983969	0.747524930698059	0.273770393832546	0.705160960654062	0.660188457008245	0.707526393064392	0.785922670704236	0.707526393064392	0.0684222246965817	0.727834615572291	0.707526393064392	0.654526685248271	0.399583766909469	0.663075869845361	0.737817241138223	0.707526393064392	0.707526393064392	0.612321023122191	0.600958672167505	0.727834615572291	0.727834615572291	0.154343761055238
ZB_24	0.946278878438174	0.213923652380619	0.600604807328842	0.477448317366341	0.213923652380619	0.485446823649745	0.594490027349743	0.447970360824742	0.730871456185567	0.339737175638717	0.661886020501189	0.907141905142705	0.169812998910457	0.268505717213448	0.627932314944522	0	0.459501503181151	0.664825561071104	0.730871456185567	0.729793431614524	0.345407524275793	0.0866942853661508	0.213923652380619	0.357127875270922	0.213923652380619	0.600604807328842	0.268505717213448	0.213923652380619	0.119201030927835	0.380317079136371	0.0944547358247423	0.24421450045445	0.213923652380619	0.213923652380619	0.459501503181151	0.480983010557226	0.268505717213448	0.268505717213448	0.560024903831188
ZB_25	0.944024836661878	0.245577850800531	0.583846902367824	0.418846995194378	0.245577850800531	0.463857096520087	0.926816052576383	0.684384394882193	0.581645892220008	0.312033733376581	0.647699365182336	0.712131041193643	0.592987485142977	0.297961971991347	0.612321023122191	0.459501503181151	0	0.272160696909318	0.581645892220008	0.718456049302627	0.374863779053691	0.497031603259544	0.245577850800531	0.388782073690834	0.245577850800531	0.583846902367824	0.297961971991347	0.245577850800531	0.398989722435853	0.354316296742505	0.377508215059778	0.275868698874362	0.245577850800531	0.245577850800531	0	0.0284741207543673	0.297961971991347	0.297961971991347	0.5415643390019
ZB_26	0.923094063345536	0.450901908690485	0.64920391749193	0.394633402855768	0.450901908690485	0.50976535824524	0.90790718134829	0.602837347410096	0.425210886519179	0.5841944302859	0.822939810139366	0.728132524877426	0.797155204086988	0.489029130951026	0.682825408983969	0.664825561071104	0.272160696909318	0	0.425210886519179	0.808146851233791	0.47939015556552	0.688098762219222	0.450901908690485	0.359126053163059	0.450901908690485	0.64920391749193	0.489029130951026	0.450901908690485	0.604313780325806	0.521890894584622	0.582832272949731	0.481192756764315	0.450901908690485	0.450901908690485	0.272160696909318	0.300634817663686	0.489029130951026	0.489029130951026	0.707281357301555
ZB_27	1	0.684384394882193	0.758222436737227	0.628724169836537	0.684384394882193	0.519761425697039	0.869592300744386	0.43759927741614	0	0.611283990111967	0.732838095238095	0.936389964758017	0.855043406366267	0.706299507164815	0.747524930698059	0.730871456185567	0.581645892220008	0.425210886519179	0	0.697663390239696	0.681831797438021	0.752173993658799	0.684384394882193	0.63163263224464	0.684384394882193	0.758222436737227	0.706299507164815	0.684384394882193	0.627191080829978	0.589496314496314	0.636416720360825	0.674525496133672	0.684384394882193	0.684384394882193	0.581645892220008	0.569384494312355	0.706299507164815	0.706299507164815	0.77253413771853
ZB_29	1	0.787597007620779	0.323460639127046	0.869583813738982	0.787597007620779	0.474871440300765	0.840203037936035	0.811711324706009	0.697663390239696	0.590759075907591	0.200841772984348	0.919882218511031	0.674523248339404	0.802345440054651	0.273770393832546	0.729793431614524	0.718456049302627	0.808146851233791	0.697663390239696	0	0.785879160573009	0.753218796961943	0.787597007620779	0.870508512131172	0.787597007620779	0.323460639127046	0.802345440054651	0.787597007620779	0.749107050686487	0.563959955506118	0.755315721649484	0.780962165864561	0.787597007620779	0.787597007620779	0.718456049302627	0.71020437364367	0.802345440054651	0.802345440054651	0.385859402638096
ZB_30	0.979528129419475	0.146337893007596	0.711410437722052	0.250879638850163	0.146337893007596	0.592250629922647	0.67866015893433	0.434267792010995	0.681831797438021	0.565242647546969	0.732067027293711	0.781068842175744	0.438408683529177	0.0769018070623445	0.705160960654062	0.345407524275793	0.374863779053691	0.47939015556552	0.681831797438021	0.785879160573009	0	0.275971438330541	0.146337893007596	0.279598575169565	0.146337893007596	0.711410437722052	0.0769018070623445	0.146337893007596	0.254199030737569	0.623607293310128	0.269107529155349	0.174525463151217	0.146337893007596	0.146337893007596	0.374863779053691	0.362112460997145	0.0769018070623445	0.0769018070623445	0.651348827374764
ZB_32	0.950936192681045	0.268505717213448	0.635230088136144	0.408012231421089	0.268505717213448	0.530055643556314	0.629645424637505	0.491665585077782	0.752173993658799	0.396978189350554	0.691198570326144	0.914122204613488	0.241785467690183	0.199069631268197	0.660188457008245	0.0866942853661508	0.497031603259544	0.688098762219222	0.752173993658799	0.753218796961943	0.275971438330541	0	0.268505717213448	0.401766399375417	0.268505717213448	0.635230088136144	0.199069631268197	0.268505717213448	0.188919585411529	0.434040047114252	0.166132052732094	0.29669328735707	0.268505717213448	0.268505717213448	0.497031603259544	0.51702151884322	0.199069631268197	0.199069631268197	0.598168230372446
ZB_33	0.957771096972663	0	0.686044885688317	0.278378686098144	0	0.595521918478641	0.681238201775851	0.438806544081661	0.684384394882193	0.480983010557226	0.734216597916521	0.782825281409495	0.347409634342446	0.0694360859452514	0.707526393064392	0.213923652380619	0.245577850800531	0.450901908690485	0.684384394882193	0.787597007620779	0.146337893007596	0.268505717213448	0	0.143204222890303	0	0.686044885688317	0.0694360859452514	0	0.153411871635321	0.512881912885409	0.131930364259246	0.0302908480738307	0	0	0.245577850800531	0.267059358176606	0.0694360859452514	0.0694360859452514	0.654145983360134
ZB_34	0.950712988841062	0.143204222890303	0.763229809077145	0.167429815343042	0.143204222890303	0.667602200967539	0.627960586711275	0.345009078112569	0.63163263224464	0.624187233447528	0.877420820806824	0.820041096153477	0.490613857232748	0.20269676810722	0.785922670704236	0.357127875270922	0.388782073690834	0.359126053163059	0.63163263224464	0.870508512131172	0.279598575169565	0.401766399375417	0.143204222890303	0	0.143204222890303	0.763229809077145	0.20269676810722	0.143204222890303	0.296616094525624	0.580302079101887	0.275134587149549	0.173495070964133	0.143204222890303	0.143204222890303	0.388782073690834	0.410263581066909	0.20269676810722	0.20269676810722	0.797350206250437
ZB_36	0.957771096972663	0	0.686044885688317	0.278378686098144	0	0.595521918478641	0.681238201775851	0.438806544081661	0.684384394882193	0.480983010557226	0.734216597916521	0.782825281409495	0.347409634342446	0.0694360859452514	0.707526393064392	0.213923652380619	0.245577850800531	0.450901908690485	0.684384394882193	0.787597007620779	0.146337893007596	0.268505717213448	0	0.143204222890303	0	0.686044885688317	0.0694360859452514	0	0.153411871635321	0.512881912885409	0.131930364259246	0.0302908480738307	0	0	0.245577850800531	0.267059358176606	0.0694360859452514	0.0694360859452514	0.654145983360134
ZB_37	0.865493820287273	0.686044885688317	0	0.789211497554679	0.686044885688317	0.313377102995486	0.869205298013245	0.837119100706057	0.758222436737227	0.458881738511787	0.421773886562619	0.93617840638566	0.566109166342538	0.707844699988614	0.0684222246965817	0.600604807328842	0.583846902367824	0.64920391749193	0.758222436737227	0.323460639127046	0.711410437722052	0.635230088136144	0.686044885688317	0.763229809077145	0.686044885688317	0	0.707844699988614	0.686044885688317	0.663075869845361	0.355484588611002	0.638329574742268	0.716335733762148	0.686044885688317	0.686044885688317	0.583846902367824	0.612321023122191	0.707844699988614	0.707844699988614	0.203797106966121
ZB_38	0.960703306712643	0.0694360859452514	0.707844699988614	0.208942600152893	0.0694360859452514	0.623607293310128	0.703371773393406	0.47777362111872	0.706299507164815	0.51702151884322	0.752671557066411	0.797905043834681	0.392722955059287	0	0.727834615572291	0.268505717213448	0.297961971991347	0.489029130951026	0.706299507164815	0.802345440054651	0.0769018070623445	0.199069631268197	0.0694360859452514	0.20269676810722	0.0694360859452514	0.707844699988614	0	0.0694360859452514	0.212195637676681	0.546705486247784	0.192205722093004	0.097623656088873	0.0694360859452514	0.0694360859452514	0.297961971991347	0.317951887575023	0	0	0.67816073258405
ZB_41	0.957771096972663	0	0.686044885688317	0.278378686098144	0	0.595521918478641	0.681238201775851	0.438806544081661	0.684384394882193	0.480983010557226	0.734216597916521	0.782825281409495	0.347409634342446	0.0694360859452514	0.707526393064392	0.213923652380619	0.245577850800531	0.450901908690485	0.684384394882193	0.787597007620779	0.146337893007596	0.268505717213448	0	0.143204222890303	0	0.686044885688317	0.0694360859452514	0	0.153411871635321	0.512881912885409	0.131930364259246	0.0302908480738307	0	0	0.245577850800531	0.267059358176606	0.0694360859452514	0.0694360859452514	0.654145983360134
ZB_43	0.976099387886598	0.153411871635321	0.663075869845361	0.388933147447388	0.153411871635321	0.522225663260039	0.623474759987612	0.337111592856406	0.627191080829978	0.386930938371013	0.686053473727676	0.912884268438633	0.229152472385672	0.212195637676681	0.654526685248271	0.119201030927835	0.398989722435853	0.604313780325806	0.627191080829978	0.749107050686487	0.254199030737569	0.188919585411529	0.153411871635321	0.296616094525624	0.153411871635321	0.663075869845361	0.212195637676681	0.153411871635321	0	0.463595360824742	0.0247462951030928	0.183702719709152	0.153411871635321	0.153411871635321	0.398989722435853	0.385795687976707	0.212195637676681	0.212195637676681	0.59147310828946
ZB_45	0.913308694248089	0.512881912885409	0.355484588611002	0.609094049415486	0.512881912885409	0.169650866554236	0.900116892101434	0.713237502681828	0.589496314496314	0.138505319664974	0.607023898069398	0.952613657040368	0.550130078046828	0.546705486247784	0.399583766909469	0.380317079136371	0.354316296742505	0.521890894584622	0.589496314496314	0.563959955506118	0.623607293310128	0.434040047114252	0.512881912885409	0.580302079101887	0.512881912885409	0.355484588611002	0.546705486247784	0.512881912885409	0.463595360824742	0	0.438849065721649	0.543172760959239	0.512881912885409	0.512881912885409	0.354316296742505	0.382790417496872	0.546705486247784	0.546705486247784	0.458881738511787
ZB_46	0.951353092783505	0.131930364259246	0.638329574742268	0.401148322245897	0.131930364259246	0.534048807989691	0.632792364690722	0.353515625	0.636416720360825	0.40210212628866	0.693822487113402	0.914755645668741	0.248228092783505	0.192205722093004	0.663075869845361	0.0944547358247423	0.377508215059778	0.582832272949731	0.636416720360825	0.755315721649484	0.269107529155349	0.166132052732094	0.131930364259246	0.275134587149549	0.131930364259246	0.638329574742268	0.192205722093004	0.131930364259246	0.0247462951030928	0.438849065721649	0	0.162221212333077	0.131930364259246	0.131930364259246	0.377508215059778	0.398989722435853	0.192205722093004	0.192205722093004	0.601582635309278
ZB_49	0.956451990843382	0.0302908480738307	0.716335733762148	0.306566256241766	0.0302908480738307	0.625812766552472	0.671281025252798	0.421276519043242	0.674525496133672	0.511273858631056	0.725914309919068	0.776041385028569	0.377700482416276	0.097623656088873	0.737817241138223	0.24421450045445	0.275868698874362	0.481192756764315	0.674525496133672	0.780962165864561	0.174525463151217	0.29669328735707	0.0302908480738307	0.173495070964133	0.0302908480738307	0.716335733762148	0.097623656088873	0.0302908480738307	0.183702719709152	0.543172760959239	0.162221212333077	0	0.0302908480738307	0.0302908480738307	0.275868698874362	0.297350206250437	0.097623656088873	0.097623656088873	0.684436831433965
ZB_51	0.957771096972663	0	0.686044885688317	0.278378686098144	0	0.595521918478641	0.681238201775851	0.438806544081661	0.684384394882193	0.480983010557226	0.734216597916521	0.782825281409495	0.347409634342446	0.0694360859452514	0.707526393064392	0.213923652380619	0.245577850800531	0.450901908690485	0.684384394882193	0.787597007620779	0.146337893007596	0.268505717213448	0	0.143204222890303	0	0.686044885688317	0.0694360859452514	0	0.153411871635321	0.512881912885409	0.131930364259246	0.0302908480738307	0	0	0.245577850800531	0.267059358176606	0.0694360859452514	0.0694360859452514	0.654145983360134
ZB_52	0.957771096972663	0	0.686044885688317	0.278378686098144	0	0.595521918478641	0.681238201775851	0.438806544081661	0.684384394882193	0.480983010557226	0.734216597916521	0.782825281409495	0.347409634342446	0.0694360859452514	0.707526393064392	0.213923652380619	0.245577850800531	0.450901908690485	0.684384394882193	0.787597007620779	0.146337893007596	0.268505717213448	0	0.143204222890303	0	0.686044885688317	0.0694360859452514	0	0.153411871635321	0.512881912885409	0.131930364259246	0.0302908480738307	0	0	0.245577850800531	0.267059358176606	0.0694360859452514	0.0694360859452514	0.654145983360134
ZB_54	0.944024836661878	0.245577850800531	0.583846902367824	0.418846995194378	0.245577850800531	0.463857096520087	0.926816052576383	0.684384394882193	0.581645892220008	0.312033733376581	0.647699365182336	0.712131041193643	0.592987485142977	0.297961971991347	0.612321023122191	0.459501503181151	0	0.272160696909318	0.581645892220008	0.718456049302627	0.374863779053691	0.497031603259544	0.245577850800531	0.388782073690834	0.245577850800531	0.583846902367824	0.297961971991347	0.245577850800531	0.398989722435853	0.354316296742505	0.377508215059778	0.275868698874362	0.245577850800531	0.245577850800531	0	0.0284741207543673	0.297961971991347	0.297961971991347	0.5415643390019
ZB_55	0.972498957416246	0.267059358176606	0.612321023122191	0.406278595058774	0.267059358176606	0.448143466959197	0.925209438579569	0.677455656181341	0.569384494312355	0.29187036462929	0.637373905992893	0.703693988028522	0.584052301591555	0.317951887575023	0.600958672167505	0.480983010557226	0.0284741207543673	0.300634817663686	0.569384494312355	0.71020437364367	0.362112460997145	0.51702151884322	0.267059358176606	0.410263581066909	0.267059358176606	0.612321023122191	0.317951887575023	0.267059358176606	0.385795687976707	0.382790417496872	0.398989722435853	0.297350206250437	0.267059358176606	0.267059358176606	0.0284741207543673	0	0.317951887575023	0.317951887575023	0.528128204516729
ZB_57	0.960703306712643	0.0694360859452514	0.707844699988614	0.208942600152893	0.0694360859452514	0.623607293310128	0.703371773393406	0.47777362111872	0.706299507164815	0.51702151884322	0.752671557066411	0.797905043834681	0.392722955059287	0	0.727834615572291	0.268505717213448	0.297961971991347	0.489029130951026	0.706299507164815	0.802345440054651	0.0769018070623445	0.199069631268197	0.0694360859452514	0.20269676810722	0.0694360859452514	0.707844699988614	0	0.0694360859452514	0.212195637676681	0.546705486247784	0.192205722093004	0.097623656088873	0.0694360859452514	0.0694360859452514	0.297961971991347	0.317951887575023	0	0	0.67816073258405
ZB_59	0.960703306712643	0.0694360859452514	0.707844699988614	0.208942600152893	0.0694360859452514	0.623607293310128	0.703371773393406	0.47777362111872	0.706299507164815	0.51702151884322	0.752671557066411	0.797905043834681	0.392722955059287	0	0.727834615572291	0.268505717213448	0.297961971991347	0.489029130951026	0.706299507164815	0.802345440054651	0.0769018070623445	0.199069631268197	0.0694360859452514	0.20269676810722	0.0694360859452514	0.707844699988614	0	0.0694360859452514	0.212195637676681	0.546705486247784	0.192205722093004	0.097623656088873	0.0694360859452514	0.0694360859452514	0.297961971991347	0.317951887575023	0	0	0.67816073258405
ZB_62	0.943519223448801	0.654145983360134	0.203797106966121	0.795980854508341	0.654145983360134	0.361213972132086	0.876259715695836	0.843742340856933	0.77253413771853	0.333636424866977	0.231515641582857	0.821584049753064	0.47002892650525	0.67816073258405	0.154343761055238	0.560024903831188	0.5415643390019	0.707281357301555	0.77253413771853	0.385859402638096	0.651348827374764	0.598168230372446	0.654145983360134	0.797350206250437	0.654145983360134	0.203797106966121	0.67816073258405	0.654145983360134	0.59147310828946	0.458881738511787	0.601582635309278	0.684436831433965	0.654145983360134	0.654145983360134	0.5415643390019	0.528128204516729	0.67816073258405	0.67816073258405	0
