ZB_1	ZB_2	ZB_3	ZB_4	ZB_5	ZB_6	ZB_7	ZB_8	ZB_9	ZB_10	ZB_11	ZB_12	ZB_13	ZB_14	ZB_15	ZB_16	ZB_17	ZB_18	ZB_19	ZB_20	ZB_21	ZB_22	ZB_23	ZB_24	ZB_25	ZB_26	ZB_27	ZB_28	ZB_29	ZB_30	ZB_31	ZB_32	ZB_33	ZB_34	ZB_35	ZB_36	ZB_37	ZB_38	ZB_39	ZB_40	ZB_41	ZB_42	ZB_43	ZB_44	ZB_45	ZB_46	ZB_47	ZB_48	ZB_49	ZB_50	ZB_51	ZB_52	ZB_53	ZB_54	ZB_55	ZB_56	ZB_57	ZB_58	ZB_59	ZB_60	ZB_61	ZB_62	ZB_63	ZB_64
ZB_1	0	0.625567010309278	0.653379792719661	0.628482248159746	0.501953052341803	0.661023461261513	0.631993793343075	0.60283177738175	0.541611951660481	0.49002850478057	0.738295346588475	0.651076689307948	0.596218149752167	0.670504086988223	0.594143932194841	0.690032598424316	0.582608547271067	0.634789039973215	0.688995121517727	0.675088412463232	0.673234054168815	0.681650338245259	0.636538602806141	0.539616746623926	0.581543689954905	0.619979469555249	0.464128322530564	0.447754734934891	0.691600951308049	0.626609781637147	0.602665313281671	0.57388945924365	0.547669546709532	0.640843970162377	0.680023518059487	0.560298339646534	0.679943766219895	0.520980875817961	0.588807027665537	0.687400260520929	0.533013035570354	0.636968446557959	0.702261066013172	0.59772411425208	0.688461102099515	0.514503953721281	0.687331702288079	0.53877955811587	0.541113274591064	0.579003953800908	0.57604782055394	0.590415824590307	0.539868972580578	0.644191465127977	0.581770863249336	0.541945646989764	0.612463671872211	0.532214563979622	0.599810838276788	0.691192076406084	0.691765354885151	0.661937431394072	0.736916211177685	0.76413888481445
ZB_2	0.625567010309278	0	0.73563006681455	0.574337717204161	0.456783395030415	0.68329060854253	0.523734676853035	0.82983849292643	0.492157631981784	0.501277136193237	0.445425293815771	0.738382011878015	0.597819160713032	0.621056813222475	0.697112405185174	0.598418959552524	0.616288461568622	0.560329428531535	0.724683835086447	0.445179774042793	0.646086513600452	0.571064086926357	0.733903619368446	0.43936893524325	0.670969186865585	0.634635973356217	0.592494021270175	0.429039659128155	0.590848843957942	0.624734570172253	0.686759754900912	0.584140112444986	0.692657387146382	0.658572122389509	0.454774109534623	0.413320585487728	0.576259190045097	0.626498611549909	0.35138369620577	0.578615833649391	0.760291730431521	0.41099549824382	0.744379213706308	0.723915202830114	0.658952810447277	0.497302954011873	0.66224835782147	0.561951235120952	0.39608724685109	0.458121409130652	0.435801122194514	0.535554462995665	0.492276768779549	0.742377838065594	0.579745841318463	0.447325154926015	0.72549498975194	0.449638247920028	0.649349725919713	0.566646878727416	0.497895944459557	0.627877309400982	0.744695295189884	0.745611176343725
ZB_3	0.653379792719661	0.73563006681455	0	0.778351019268361	0.725465304314687	0.844475878499107	0.645182392414501	0.635418879581092	0.504839342452997	0.618835748622759	0.826451187613828	0.787858114171007	0.842283311603272	0.809469969344889	0.793674556186336	0.831253770865455	0.833003823047515	0.783485750526811	0.845904397401761	0.792694160729474	0.334422043010753	0.824321494935748	0.41860491920426	0.594700241445944	0.793353451755798	0.865364450999591	0.812148084611873	0.634470691163605	0.832530115472097	0.86633262538238	0.827804476022384	0.833369892516003	0.774807308791031	0.857661336749967	0.796684215867547	0.57441225727797	0.822886845472895	0.830622589995587	0.712641399760528	0.829097004158533	0.701610004108463	0.767769825218431	0.131827374037262	0.250548470133973	0.796424347193158	0.511199399210252	0.795204922200752	0.802121454451393	0.621188434015762	0.798973291339704	0.612008260871237	0.582558538876269	0.646315851941724	0.782712920303673	0.852965182304603	0.678269857865104	0.773229148617702	0.549201497806018	0.839277972997966	0.832197987625773	0.807743197376747	0.807246848468025	0.438478838962832	0.531424646414187
ZB_4	0.628482248159746	0.574337717204161	0.778351019268361	0	0.597951854386644	0.809769911504425	0.647617664305042	0.729790999946364	0.545391612684968	0.578340795950719	0.706322768154916	0.724981074491992	0.708219561024784	0.420574660033451	0.556714476855096	0.505611752645702	0.669479366905667	0.355800660674609	0.811342311865705	0.604117331534431	0.789677650145077	0.431166967926012	0.761170633039411	0.530081111596851	0.789547146401985	0.752189652735752	0.752127073751483	0.490428462237349	0.455944088472317	0.742320110505665	0.620557947227465	0.748120627688254	0.757236565174688	0.772833556719161	0.586783959474991	0.501080986807683	0.404539054087634	0.760447564997228	0.661494637394801	0.445561489721428	0.836594608721625	0.413288087781956	0.765829156847777	0.783502729315336	0.478519760622484	0.538018155665214	0.48355883699144	0.588990925887161	0.368443979787419	0.649962119112294	0.480534905064196	0.601948207812884	0.486310654847372	0.719269850927898	0.745435729691711	0.566965896902815	0.840700428891048	0.454650919002027	0.777113211153693	0.454938389067312	0.525462682607517	0.513471561388009	0.775223544570858	0.811181949020494
ZB_5	0.501953052341803	0.456783395030415	0.725465304314687	0.597951854386644	0	0.70899705263971	0.47156771602637	0.679320304785642	0.469175501180727	0.574127152104896	0.495337916014429	0.80053547523427	0.630066962814377	0.656975104211285	0.71278326582549	0.610341217048534	0.489080924894154	0.543049239795522	0.742527285049896	0.495547099624762	0.745644453728849	0.634510757986368	0.646657492539721	0.452853356644947	0.672161378893871	0.626586609927424	0.627140382485374	0.553271671345791	0.621161249717669	0.58381063803317	0.660360185857209	0.577911093381001	0.697830630520679	0.606597685738436	0.339960622064947	0.491970014691294	0.632760625775192	0.642728168419359	0.514336835160881	0.640422147600172	0.687608270037004	0.49422787099367	0.733639949519218	0.754090708195321	0.678137491485328	0.568957420359372	0.69543141904951	0.62391089123718	0.461989064424393	0.323455433506449	0.434284709752759	0.480352591067191	0.633134472619763	0.77908377309122	0.603763141939233	0.454872434298868	0.774900358220483	0.50086287444411	0.661014326508324	0.636483974681001	0.459905997967904	0.686627453395746	0.758450392585756	0.656207064116763
ZB_6	0.661023461261513	0.68329060854253	0.844475878499107	0.809769911504425	0.70899705263971	0	0.780027477660103	0.824197010509678	0.786243223165315	0.736339600086654	0.630476880644114	0.409556121333879	0.200517523807275	0.920059908020801	0.865731824585126	0.896930609523342	0.537414221229825	0.790435724358958	0.128749411969273	0.710532438303427	0.81596089095157	0.921884238796592	0.814901866641358	0.786304779634271	0.26916867271866	0.13558410165492	0.308977242568113	0.725066705502359	0.889135329851417	0.182482638635778	0.806118104804811	0.324640892573929	0.321961556012685	0.153737515280537	0.758031357416479	0.814868250012661	0.921698545544851	0.279531752072256	0.6422412129353	0.922518110732929	0.461620505517978	0.845823104377761	0.866408290191048	0.828356651258938	0.918619208729862	0.821415590038539	0.918491463110751	0.397347625686699	0.774269075834814	0.667583908502139	0.833357441236985	0.801005735857738	0.702788957922718	0.424376200449567	0.218103881425867	0.77405398525186	0.385817291000647	0.854549391206888	0.2721243494334	0.922943195045628	0.839593138617563	0.919804388155781	0.837572569754533	0.797658468687912
ZB_7	0.631993793343075	0.523734676853035	0.645182392414501	0.647617664305042	0.47156771602637	0.780027477660103	0	0.805801666794097	0.430320053033231	0.582945849012077	0.528465554819126	0.776150461196906	0.74332774336213	0.636698552659076	0.658162385795553	0.646841465249223	0.646079143684571	0.636297949549607	0.747386540537948	0.615371790596866	0.608384855852727	0.657338055393067	0.654045726491687	0.501913550440832	0.678057196466763	0.717484686882463	0.659031059312763	0.523586002748705	0.631680268630904	0.678301508353903	0.647912425849401	0.668700997147467	0.76289143320937	0.677597232899644	0.485469939604251	0.330736864304447	0.655303090871296	0.705315707049557	0.453183227917654	0.664177244374653	0.770891666480001	0.634795456129347	0.624977231583604	0.687643526174488	0.61931721858047	0.347624811001253	0.617726753629973	0.689035378617532	0.467949444249312	0.512805100573171	0.320923938800658	0.24777067585397	0.529532131690078	0.780966590603241	0.731579421249593	0.429550733223931	0.741299503120161	0.455191334618819	0.671825980496348	0.668672939599709	0.502151203577849	0.661816935116117	0.71160572766875	0.593737877886679
ZB_8	0.60283177738175	0.82983849292643	0.635418879581092	0.729790999946364	0.679320304785642	0.824197010509678	0.805801666794097	0	0.779951761134445	0.810665672754379	0.85817910788179	0.833485375323365	0.852242713878986	0.814091645548586	0.798450397751799	0.834889126664945	0.80969430416349	0.736199595753668	0.855585092257937	0.831776513641799	0.665086104591366	0.828258190517208	0.494652305671732	0.755998262185722	0.784008521580476	0.848033100907973	0.787168798308004	0.774756702782456	0.83611126935942	0.849136191042819	0.831143766006598	0.844025202802861	0.744187564895609	0.851224525292811	0.834878047045602	0.772973320843493	0.826887368258171	0.808350164099975	0.832676214708405	0.8328248552394	0.688116269515201	0.744468661250908	0.600259367445608	0.649151306192813	0.801691835759972	0.745026863370249	0.800534878537999	0.849233685877181	0.762176315822602	0.713380230173657	0.790202997383237	0.776667135621835	0.819785609072874	0.829641803225101	0.833892677109574	0.836354639685379	0.78894390247888	0.761677244526849	0.849470448552656	0.835793207485628	0.78857153266057	0.81197566771397	0.626879616408412	0.716500207608749
ZB_9	0.541611951660481	0.492157631981784	0.504839342452997	0.545391612684968	0.469175501180727	0.786243223165315	0.430320053033231	0.779951761134445	0	0.385444641137529	0.605313567085866	0.781952821874535	0.714105395578948	0.500679915461114	0.610388476330123	0.444309094216942	0.624744219916257	0.467463993442708	0.791121694996509	0.539772825248865	0.599998454040558	0.534734254898518	0.649605273668819	0.362003563930203	0.754754048931095	0.754917559101383	0.683694707601426	0.424609411672072	0.553867266838667	0.747335803105236	0.58136606652121	0.717467465266479	0.761890469721383	0.739345543339663	0.548422963412364	0.32354020347275	0.53141324026276	0.709281367827678	0.419365721997301	0.545837928054123	0.720953691345775	0.526011541815403	0.562510299130103	0.591930429519672	0.471348904172557	0.374829939838207	0.503186775732788	0.637861338480839	0.377870037965857	0.589363243238582	0.376610823641922	0.307367485276142	0.423670746207708	0.736688127591296	0.721188325752509	0.473533463655818	0.786047026355924	0.28858581685233	0.717800590818773	0.553088764164397	0.600235235138731	0.612240380431879	0.662015751965093	0.622740704986857
ZB_10	0.49002850478057	0.501277136193237	0.618835748622759	0.578340795950719	0.574127152104896	0.736339600086654	0.582945849012077	0.810665672754379	0.385444641137529	0	0.649797559408636	0.681888206976534	0.640820337146997	0.548665255875757	0.651642141215024	0.578765188134285	0.679335452571483	0.586160212247928	0.732338043188483	0.611103269308027	0.622044803772949	0.565553598129752	0.72741295145614	0.521054977367708	0.675326928840724	0.693253909014005	0.599866606793808	0.307404820327286	0.590558739209327	0.719482261592275	0.683767490428124	0.665664433960489	0.648941463002843	0.699970524404129	0.617561198536745	0.40706877293761	0.562850172908345	0.616155556500556	0.411359490293245	0.574628203999517	0.645408914646012	0.553847538423128	0.67258851187761	0.556538446287665	0.560554119669951	0.475814165338192	0.585793393977928	0.581648013386709	0.445261218216351	0.635454290696226	0.447564819219791	0.531074319438289	0.287973556015318	0.732546569391303	0.670888277748714	0.328210872203585	0.771005620974029	0.393216886355068	0.635877012552036	0.569986752478647	0.609061676846308	0.633183584708989	0.714225843389994	0.745182267348082
ZB_11	0.738295346588475	0.445425293815771	0.826451187613828	0.706322768154916	0.495337916014429	0.630476880644114	0.528465554819126	0.85817910788179	0.605313567085866	0.649797559408636	0	0.678688683115056	0.589770054034596	0.734052629955811	0.778517784640077	0.710339479062673	0.493310994973869	0.606371529023463	0.63767011144592	0.471237157060612	0.771884647240419	0.754991070490598	0.819198599109818	0.617063390109901	0.654861943971775	0.578605358989396	0.579459141648287	0.662141920988579	0.731445415085698	0.53788089757464	0.686901024582955	0.546296085120884	0.680850050512339	0.543278110353149	0.350502077209405	0.62258028887532	0.744964603499707	0.66457827726543	0.459302303288714	0.758244947714966	0.751436255565349	0.632891411525873	0.835216686219032	0.828915331407422	0.73767585831455	0.667806568880247	0.725137624704602	0.630185743161224	0.630277837704564	0.339975955758596	0.609377763951666	0.564634945828445	0.669984952591599	0.700802093795455	0.562082381746236	0.570062119651892	0.755757824999283	0.691393717522891	0.60245707190519	0.760408127204851	0.425936620939992	0.784130167809049	0.744514363511354	0.731725153857598
ZB_12	0.651076689307948	0.738382011878015	0.787858114171007	0.724981074491992	0.80053547523427	0.409556121333879	0.776150461196906	0.833485375323365	0.781952821874535	0.681888206976534	0.678688683115056	0	0.408947875883831	0.873152280305921	0.783060643184632	0.87994598668509	0.622125908297917	0.734681971524847	0.419446680785406	0.758692890946369	0.820426214742623	0.877685038173434	0.792193800268811	0.75248568289434	0.332189679266915	0.489610924200472	0.377110457721195	0.702766185364547	0.85526984063506	0.526255874191463	0.768106441204101	0.536904689072919	0.311554741998481	0.500329496152612	0.766177921447583	0.797055598222507	0.877229145633835	0.499066320090832	0.650968904912123	0.879232051049178	0.440162914622409	0.816814725589099	0.82328563103024	0.775273512376392	0.869485992276015	0.806049818517404	0.869157119266212	0.375799425816364	0.770101154840542	0.741317678822219	0.824778914045238	0.81879314615174	0.670328879733882	0.143024421727154	0.558142301845572	0.760788672984827	0.582589872164975	0.812550568291273	0.472703225092314	0.880261604746627	0.78070038135352	0.8725077014786	0.773681790854758	0.819821023930647
ZB_13	0.596218149752167	0.597819160713032	0.842283311603272	0.708219561024784	0.630066962814377	0.200517523807275	0.74332774336213	0.852242713878986	0.714105395578948	0.640820337146997	0.589770054034596	0.408947875883831	0	0.842648061303594	0.777850690789619	0.812141250524313	0.499830205084891	0.698636577338975	0.266732131249364	0.595518988568629	0.846095968199887	0.825397562685269	0.81235886377914	0.671840744300577	0.367986917793926	0.180111693934525	0.29112228948967	0.666604399966486	0.794360535150431	0.221741247638499	0.71332120726331	0.29483372998006	0.449117751231606	0.233066605628419	0.65112709782896	0.760589925312183	0.824939987044823	0.316173702367202	0.599402290905632	0.816380793126649	0.514725569871022	0.734186755442776	0.86452492471913	0.825923444040043	0.855164401234524	0.76833650808892	0.854920770462097	0.301524034454015	0.697907159759756	0.646702993203778	0.762905014497014	0.764093219865805	0.661461034595363	0.423905802606206	0.250802835094637	0.699082495632463	0.488940599640792	0.764511214710567	0.289434989719941	0.813674028496682	0.760650681434198	0.820259771120893	0.835257209212877	0.806224248812134
ZB_14	0.670504086988223	0.621056813222475	0.809469969344889	0.420574660033451	0.656975104211285	0.920059908020801	0.636698552659076	0.814091645548586	0.500679915461114	0.548665255875757	0.734052629955811	0.873152280305921	0.842648061303594	0	0.41989178586384	0.230563829913485	0.75687429986162	0.463244579765821	0.920730695861325	0.62599021998139	0.822430030157134	0.165813442410538	0.841051526536798	0.569698942734009	0.90391801741376	0.865204770304937	0.81343375123716	0.561016564710024	0.221384997539706	0.857636839305364	0.494649643840604	0.833979304982356	0.888600531427624	0.87230279112914	0.633851701478336	0.438824614389426	0.147019884657363	0.831312121497571	0.67744001016037	0.198427811142034	0.916893477143901	0.427515628863066	0.794583428964884	0.815422477440525	0.100004429548038	0.484793644606547	0.108701108863526	0.761912775617269	0.520121206836414	0.689458883082187	0.472164616992203	0.575694709617482	0.585185624051637	0.870400464429411	0.823277348576394	0.589607950069684	0.928920993323603	0.382218605504415	0.845129151238493	0.219181584157239	0.527611911034426	0.294800624992061	0.805808156298518	0.845805448781758
ZB_15	0.594143932194841	0.697112405185174	0.793674556186336	0.556714476855096	0.71278326582549	0.865731824585126	0.658162385795553	0.798450397751799	0.610388476330123	0.651642141215024	0.778517784640077	0.783060643184632	0.777850690789619	0.41989178586384	0	0.49571319091867	0.729845435965255	0.567721562937433	0.866892571185959	0.724954869724351	0.807094464985097	0.412072847820195	0.826527556099799	0.55642354600141	0.837619143793447	0.810669462610713	0.751273354929202	0.664504072280325	0.444603105042617	0.812043766154886	0.290824453002875	0.765148199536265	0.810617976247464	0.830680056501203	0.70650067371566	0.577689410114073	0.406326482275849	0.775737208975938	0.737951320741788	0.431069616358482	0.829415966750368	0.533913132570951	0.778364946815725	0.799827637496281	0.408032348468517	0.521797506389445	0.403941262400779	0.720489632166329	0.61208191484477	0.761444080952268	0.574157149646442	0.604277916769833	0.683775020228807	0.778117057407004	0.79305237591184	0.674263162822977	0.855131957261878	0.555207986154334	0.793775653317989	0.443298307611061	0.651814061095289	0.342471902252483	0.789898294189223	0.831517436658406
ZB_16	0.690032598424316	0.598418959552524	0.831253770865455	0.505611752645702	0.610341217048534	0.896930609523342	0.646841465249223	0.834889126664945	0.444309094216942	0.578765188134285	0.710339479062673	0.87994598668509	0.812141250524313	0.230563829913485	0.49571319091867	0	0.723221879305799	0.409263378770668	0.897785842617724	0.550643763788529	0.841499409681228	0.161530497097453	0.856505102040816	0.503315559717838	0.899750080802655	0.84658271375799	0.805748917579742	0.582448300392036	0.331142542473129	0.836996163131212	0.433552389786311	0.808939052051989	0.89387464758187	0.851800211313604	0.588072361009873	0.486430095505043	0.228740705664823	0.808605540979977	0.636601117855951	0.191651151835984	0.910902962274831	0.397661649548292	0.819680058024741	0.83593969587232	0.250912487249757	0.552631148345715	0.301138679132207	0.741844470929204	0.557858479671883	0.699983376001596	0.514073566203018	0.518961179349957	0.636333262732721	0.834061135371179	0.807230089168609	0.615670279168282	0.91682123910734	0.365179747125323	0.820652767784793	0.210921890310326	0.578978622327791	0.279656580462779	0.828387718057319	0.781877802067509
ZB_17	0.582608547271067	0.616288461568622	0.833003823047515	0.669479366905667	0.489080924894154	0.537414221229825	0.646079143684571	0.80969430416349	0.624744219916257	0.679335452571483	0.493310994973869	0.622125908297917	0.499830205084891	0.75687429986162	0.729845435965255	0.723221879305799	0	0.623918577808461	0.524640270400773	0.548045821219978	0.848034604990699	0.761808601153199	0.796018050096067	0.688530713244487	0.555530015757908	0.479552114720365	0.527773746169973	0.640032127762962	0.746069798701665	0.436444244841143	0.639457903030166	0.458125844024308	0.603387211474381	0.463222614468502	0.455222695270553	0.687340545805882	0.753174708524148	0.508700638565987	0.568050758069841	0.764562353365818	0.588869201229827	0.688220400565148	0.860892044420171	0.835117927030346	0.767717300591053	0.747722502099076	0.777823635654541	0.452535972110548	0.639201847461449	0.430477031948284	0.674824650980973	0.679206733516546	0.714580031695721	0.600100457064469	0.476432150624631	0.619642124775157	0.540490414675523	0.706033795181998	0.475982939935955	0.761285624381911	0.528364521376786	0.798887700066095	0.786178657307374	0.77252205431625
ZB_18	0.634789039973215	0.560329428531535	0.783485750526811	0.355800660674609	0.543049239795522	0.790435724358958	0.636297949549607	0.736199595753668	0.467463993442708	0.586160212247928	0.606371529023463	0.734681971524847	0.698636577338975	0.463244579765821	0.567721562937433	0.409263378770668	0.623918577808461	0	0.792183107569516	0.563681077500131	0.794306483275133	0.446409977281333	0.766191012487469	0.451235803852272	0.821771223127155	0.733579353770081	0.681916552934295	0.492190344011649	0.456555281675385	0.723585849954835	0.543456102769414	0.685786039852613	0.769303818700744	0.755000188464112	0.553958606706869	0.511991322344641	0.442325342996436	0.718955445406741	0.583490603589977	0.460052627124512	0.748038615624305	0.42688187810975	0.771552949218399	0.788404184064167	0.493247203481774	0.548572254801743	0.52341990722766	0.635125464294691	0.430922664249669	0.58143164934563	0.491505823911766	0.528549774204832	0.627698353859848	0.680423582338882	0.680559666535417	0.59813683364902	0.815520106734629	0.46729743936322	0.703229424085562	0.468949704309924	0.56223621374283	0.526509055913164	0.780502475042173	0.738108391630095
ZB_19	0.688995121517727	0.724683835086447	0.845904397401761	0.811342311865705	0.742527285049896	0.128749411969273	0.747386540537948	0.855585092257937	0.791121694996509	0.732338043188483	0.63767011144592	0.419446680785406	0.266732131249364	0.920730695861325	0.866892571185959	0.897785842617724	0.524640270400773	0.792183107569516	0	0.749931864597553	0.811241507280293	0.922524882269942	0.786324774200321	0.788106005576774	0.26252248226246	0.12748278705241	0.350629806141455	0.721118872782449	0.89005973866427	0.182973788152545	0.80779478878262	0.281386218513229	0.366184442161633	0.145806334655401	0.763637227168577	0.816411944388641	0.92234222590683	0.265184758483981	0.603040338294869	0.923148441308467	0.500995840091805	0.88141363042673	0.867635355683258	0.823589470031347	0.919314287523315	0.822947566173246	0.919188716436525	0.406377843759809	0.776114728905355	0.702108570423057	0.834692148313078	0.802675871401592	0.702182120353589	0.429720862335487	0.257604660125968	0.737288041855166	0.323960869677442	0.85573907166813	0.212276315272742	0.923566656128675	0.825143914845312	0.92047945294523	0.839080707007264	0.761935694804133
ZB_20	0.675088412463232	0.445179774042793	0.792694160729474	0.604117331534431	0.495547099624762	0.710532438303427	0.615371790596866	0.831776513641799	0.539772825248865	0.611103269308027	0.471237157060612	0.758692890946369	0.595518988568629	0.62599021998139	0.724954869724351	0.550643763788529	0.548045821219978	0.563681077500131	0.749931864597553	0	0.787331072369665	0.605563775944947	0.786709039317499	0.551119920231523	0.773340268231972	0.672911591427435	0.678497359414311	0.607962615305427	0.575166970084696	0.663408579273892	0.589504899889427	0.627194747200858	0.805004040582872	0.683979266418924	0.229047481972622	0.562101369687597	0.610587080072604	0.664766008564357	0.60287670179217	0.588235134996226	0.83064411990298	0.423253272451356	0.802369640053693	0.796200452551557	0.663392854677538	0.637594255290855	0.666645497795216	0.640772916337598	0.562035485136658	0.497232265947215	0.600132866148888	0.618515101793624	0.656423689272705	0.734586548805793	0.609789621175711	0.605126293411786	0.794317922135024	0.524103755163058	0.685066157264028	0.576454580620379	0.480239745715602	0.660498218715257	0.690145706262581	0.693590434872941
ZB_21	0.673234054168815	0.646086513600452	0.334422043010753	0.789677650145077	0.745644453728849	0.81596089095157	0.608384855852727	0.665086104591366	0.599998454040558	0.622044803772949	0.771884647240419	0.820426214742623	0.846095968199887	0.822430030157134	0.807094464985097	0.841499409681228	0.848034604990699	0.794306483275133	0.811241507280293	0.787331072369665	0	0.835398598997883	0.525215108202861	0.656853803664286	0.765917946000352	0.835304966012014	0.76934291476764	0.567521704680321	0.84262598712874	0.841946239443776	0.837253472283972	0.802741776214281	0.722761746500113	0.838763691238832	0.791316145232145	0.531433511069367	0.834139812622259	0.792298346377178	0.65521308062063	0.839598069202829	0.725599630206639	0.780173443423171	0.329724876086488	0.266674380772817	0.811151332139206	0.463019674895101	0.810102410320244	0.817329066700406	0.561823664437759	0.764030941508443	0.572265913979718	0.540271972925034	0.574442098359339	0.816314573675654	0.819980197315697	0.601184633097013	0.732770612437014	0.62192310341614	0.803032479522608	0.842332731764033	0.816323165704864	0.820500592760302	0.449301444169587	0.566246953304881
ZB_22	0.681650338245259	0.571064086926357	0.824321494935748	0.431166967926012	0.634510757986368	0.921884238796592	0.657338055393067	0.828258190517208	0.534734254898518	0.565553598129752	0.754991070490598	0.877685038173434	0.825397562685269	0.165813442410538	0.412072847820195	0.161530497097453	0.761808601153199	0.446409977281333	0.922524882269942	0.605563775944947	0.835398598997883	0	0.851522926850848	0.538880413274323	0.906541399220465	0.857874751660294	0.815957833039508	0.569749907163731	0.209401227961471	0.848313303828818	0.5232816246304	0.822837881911598	0.892111747451747	0.874950257385401	0.613035584122987	0.466655764513491	0.0806491224755823	0.835771001218834	0.69200296102413	0.0401051774870093	0.919848991719222	0.31804160333834	0.811741884217169	0.829394546555909	0.204899428660875	0.524244553759663	0.259333595863874	0.75867281573695	0.496332604805455	0.707913620741769	0.442826515602016	0.603581503289849	0.625820669672592	0.875128356405163	0.819796151726733	0.567292644757433	0.931094127731213	0.324888302428409	0.849006145660704	0.0655818630587805	0.565780626951318	0.132451540528554	0.821212955235542	0.855679301670573
ZB_23	0.636538602806141	0.733903619368446	0.41860491920426	0.761170633039411	0.646657492539721	0.814901866641358	0.654045726491687	0.494652305671732	0.649605273668819	0.72741295145614	0.819198599109818	0.792193800268811	0.81235886377914	0.841051526536798	0.826527556099799	0.856505102040816	0.796018050096067	0.766191012487469	0.786324774200321	0.786709039317499	0.525215108202861	0.851522926850848	0	0.624156784526623	0.758429008851601	0.813308875475627	0.777588826613268	0.692260293374685	0.820161714820447	0.814651385426383	0.817003788436567	0.768943920259054	0.734969663541092	0.806215840803138	0.790507226297264	0.593492714564947	0.850499448768917	0.765134398919757	0.738362520580751	0.854948498163221	0.655920971898392	0.774827585091971	0.362308397332575	0.503458955501868	0.832074150051285	0.593848507417621	0.831245286181178	0.781232197764867	0.643789911858848	0.751805358058213	0.665963625045941	0.64436313130779	0.740289634019055	0.810698866529458	0.796115545533175	0.763748366906693	0.685550320340862	0.620435374763915	0.777136304790087	0.857188447423009	0.780059348842418	0.839507304360301	0.538951531425422	0.560619042756747
ZB_24	0.539616746623926	0.43936893524325	0.594700241445944	0.530081111596851	0.452853356644947	0.786304779634271	0.501913550440832	0.755998262185722	0.362003563930203	0.521054977367708	0.617063390109901	0.75248568289434	0.671840744300577	0.569698942734009	0.55642354600141	0.503315559717838	0.688530713244487	0.451235803852272	0.788106005576774	0.551119920231523	0.656853803664286	0.538880413274323	0.624156784526623	0	0.754950882242523	0.729122549701184	0.660219452916905	0.49992832240011	0.568350161086181	0.728712844627326	0.532569868338215	0.662257972600068	0.744460927405848	0.748832537150878	0.533157858920516	0.386876208966011	0.535623966077846	0.675231089741631	0.485274263206556	0.54977177031023	0.781009958717302	0.473968130273553	0.568121302408411	0.645631971319087	0.599851913700346	0.321678819135693	0.5979867683834	0.599420599966385	0.391728500337275	0.661002000252578	0.369101931981696	0.352303950191832	0.585819166517119	0.699477969230262	0.70174215746563	0.54053634172171	0.819349458440227	0.343439680434082	0.709161430677411	0.544714346355958	0.520557777687735	0.500580767594804	0.71636755071361	0.626625150787186
ZB_25	0.581543689954905	0.670969186865585	0.793353451755798	0.789547146401985	0.672161378893871	0.26916867271866	0.678057196466763	0.784008521580476	0.754754048931095	0.675326928840724	0.654861943971775	0.332189679266915	0.367986917793926	0.90391801741376	0.837619143793447	0.899750080802655	0.555530015757908	0.821771223127155	0.26252248226246	0.773340268231972	0.765917946000352	0.906541399220465	0.758429008851601	0.754950882242523	0	0.312420212436325	0.28806445081727	0.661978024739444	0.889413109208775	0.361284910510453	0.792455236036863	0.405411977075016	0.275041829243548	0.311197479660656	0.743444488922854	0.763161547804963	0.906275473617759	0.347446140922675	0.54464620830343	0.907447280144167	0.382890987771995	0.858063048414311	0.820595123564695	0.781230827777649	0.901829147922327	0.769329153850803	0.901643192865723	0.401654644691626	0.733682476793345	0.649311372119303	0.787907597064085	0.772613880584704	0.634042044340277	0.387745882574224	0.436737811325862	0.685017638269593	0.416779868935511	0.812368554449466	0.405865718797322	0.908053164655906	0.791163288745348	0.90354864905351	0.800441728002959	0.773186950897429
ZB_26	0.619979469555249	0.634635973356217	0.865364450999591	0.752189652735752	0.626586609927424	0.13558410165492	0.717484686882463	0.848033100907973	0.754917559101383	0.693253909014005	0.578605358989396	0.489610924200472	0.180111693934525	0.865204770304937	0.810669462610713	0.84658271375799	0.479552114720365	0.733579353770081	0.12748278705241	0.672911591427435	0.835304966012014	0.857874751660294	0.813308875475627	0.729122549701184	0.312420212436325	0	0.28920453268262	0.680874880972284	0.826148805826543	0.0597500477700459	0.758017987866557	0.197233385200596	0.405944050256927	0.0612250040799869	0.676390377873048	0.772125516833312	0.857557601582346	0.207059591893931	0.58015937800847	0.858958051984365	0.526711946754583	0.789342369984392	0.884351102462724	0.846078776057143	0.876031192309053	0.772567951117336	0.875852748651915	0.364859030213736	0.719443116063316	0.604186686692399	0.776059680214222	0.76869448919858	0.672252175908333	0.502421636202804	0.133330975299186	0.684066587118846	0.410144222167449	0.805536788255068	0.221945578280745	0.859685132575758	0.768252759018283	0.8543277815396	0.859595146968482	0.792284795928198
ZB_27	0.464128322530564	0.592494021270175	0.812148084611873	0.752127073751483	0.627140382485374	0.308977242568113	0.659031059312763	0.787168798308004	0.683694707601426	0.599866606793808	0.579459141648287	0.377110457721195	0.29112228948967	0.81343375123716	0.751273354929202	0.805748917579742	0.527773746169973	0.681916552934295	0.350629806141455	0.678497359414311	0.76934291476764	0.815957833039508	0.777588826613268	0.660219452916905	0.28806445081727	0.28920453268262	0	0.579742062443869	0.771525718247968	0.336170511248334	0.707498696473137	0.338664555508155	0.320506600782006	0.323430049496274	0.709632724843373	0.685741533154211	0.815397208411183	0.243649811087439	0.523568773703773	0.817865928659287	0.365474188122655	0.771820402437094	0.838639444959396	0.784431746298759	0.828086532034958	0.682672620118147	0.827743181359642	0.374989040663522	0.648282644514072	0.566848202820896	0.706513997090648	0.703040766480785	0.638680905036619	0.433438215334342	0.305026070993822	0.629892550971361	0.461510866243561	0.730160644468384	0.288602562845236	0.819140678361069	0.748972049176459	0.809635533843286	0.827536595164597	0.806183762761303
ZB_28	0.447754734934891	0.429039659128155	0.634470691163605	0.490428462237349	0.553271671345791	0.725066705502359	0.523586002748705	0.774756702782456	0.424609411672072	0.307404820327286	0.662141920988579	0.702766185364547	0.666604399966486	0.561016564710024	0.664504072280325	0.582448300392036	0.640032127762962	0.492190344011649	0.721118872782449	0.607962615305427	0.567521704680321	0.569749907163731	0.692260293374685	0.49992832240011	0.661978024739444	0.680874880972284	0.579742062443869	0	0.593854203755592	0.67689823465567	0.684277221059944	0.62950174478838	0.654708583315587	0.689820650113723	0.614367138736399	0.329532869654985	0.567154384916252	0.607900338917635	0.395153038062589	0.578469491380647	0.697387074063914	0.532348424279724	0.686018574601252	0.575204676747133	0.579051321982162	0.391549493719173	0.602983783931009	0.561346984848065	0.274785446299352	0.557583820966261	0.362469237205282	0.463052382299936	0.300626511353154	0.6969964111635	0.628341581331352	0.351025980143007	0.667511166127109	0.402582408066658	0.632529183101567	0.573940485507998	0.599728425236702	0.635326218576941	0.743053231189842	0.753679165800444
ZB_29	0.691600951308049	0.590848843957942	0.832530115472097	0.455944088472317	0.621161249717669	0.889135329851417	0.631680268630904	0.83611126935942	0.553867266838667	0.590558739209327	0.731445415085698	0.85526984063506	0.794360535150431	0.221384997539706	0.444603105042617	0.331142542473129	0.746069798701665	0.456555281675385	0.89005973866427	0.575166970084696	0.84262598712874	0.209401227961471	0.820161714820447	0.568350161086181	0.889413109208775	0.826148805826543	0.771525718247968	0.593854203755592	0	0.81636434657357	0.490477389042705	0.782961353630977	0.872339637483443	0.844527708936026	0.61249240705456	0.448479176791431	0.201043985131466	0.796053911477679	0.663694032584448	0.236935673277662	0.897538969141097	0.437577050350376	0.821136731032277	0.837146392352856	0.259192639811377	0.546100102612741	0.308675057357466	0.738648322687274	0.525927001776655	0.68888086610418	0.478055691909501	0.61931452951606	0.638295978495007	0.872777138457961	0.783757179128593	0.60381464775056	0.911913597038238	0.446919326702499	0.811674951631406	0.254584658852521	0.549510358742188	0.323793161719146	0.783822973697393	0.801654450413613
ZB_30	0.626609781637147	0.624734570172253	0.86633262538238	0.742320110505665	0.58381063803317	0.182482638635778	0.678301508353903	0.849136191042819	0.747335803105236	0.719482261592275	0.53788089757464	0.526255874191463	0.221741247638499	0.857636839305364	0.812043766154886	0.836996163131212	0.436444244841143	0.723585849954835	0.182973788152545	0.663408579273892	0.841946239443776	0.848313303828818	0.814651385426383	0.728712844627326	0.361284910510453	0.0597500477700459	0.336170511248334	0.67689823465567	0.81636434657357	0	0.757446618233579	0.199681529057989	0.452131995288301	0.0678869063932109	0.636145215992423	0.764590664910096	0.847974063386694	0.259892027602621	0.609407123178213	0.849472033579976	0.568482422659101	0.779726281605196	0.885182742403473	0.852591783978647	0.868429725836772	0.774203432126535	0.868240261502466	0.354017275396618	0.70960231970189	0.564300518497922	0.73695475627583	0.730788729552071	0.699021084604653	0.538695552866508	0.130617355456373	0.683987326290065	0.421847164546665	0.795969665580127	0.218122866976749	0.850249718251379	0.732168787004422	0.853255116335357	0.860614311070591	0.793792549220777
ZB_31	0.602665313281671	0.686759754900912	0.827804476022384	0.620557947227465	0.660360185857209	0.806118104804811	0.647912425849401	0.831143766006598	0.58136606652121	0.683767490428124	0.686901024582955	0.768106441204101	0.71332120726331	0.494649643840604	0.290824453002875	0.433552389786311	0.639457903030166	0.543456102769414	0.80779478878262	0.589504899889427	0.837253472283972	0.5232816246304	0.817003788436567	0.532569868338215	0.792455236036863	0.758017987866557	0.707498696473137	0.684277221059944	0.490477389042705	0.757446618233579	0	0.696928921956625	0.795970035811123	0.777185783267963	0.597425736186348	0.584104359281681	0.519501812483722	0.718712714593933	0.683350859734681	0.535876307367449	0.811776181428383	0.611698470862284	0.817270215009105	0.832111512269578	0.528728541145802	0.568233615594137	0.526139294525883	0.668243686647275	0.661949036996299	0.740901195546498	0.633438107602761	0.575362970121063	0.720107062015463	0.737690260777009	0.732938647235966	0.710254836492193	0.796257278266757	0.586963445150227	0.750253979004402	0.544065276489201	0.650387174298363	0.478410997506466	0.697710072378145	0.745595822541334
ZB_32	0.57388945924365	0.584140112444986	0.833369892516003	0.748120627688254	0.577911093381001	0.324640892573929	0.668700997147467	0.844025202802861	0.717467465266479	0.665664433960489	0.546296085120884	0.536904689072919	0.29483372998006	0.833979304982356	0.765148199536265	0.808939052051989	0.458125844024308	0.685786039852613	0.281386218513229	0.627194747200858	0.802741776214281	0.822837881911598	0.768943920259054	0.662257972600068	0.405411977075016	0.197233385200596	0.338664555508155	0.62950174478838	0.782961353630977	0.199681529057989	0.696928921956625	0	0.45357769109277	0.250295563847181	0.604675125290441	0.719948801854011	0.822351033068247	0.244398077496295	0.56951635432842	0.824497051973855	0.560205347903415	0.739111486195955	0.856868498920865	0.816027896068629	0.847135751276627	0.718521393257669	0.846864336271448	0.371205565033916	0.658892000251772	0.571004844477683	0.723599390109085	0.715844649254381	0.700688190855311	0.547212373772933	0.181372510133983	0.653290709390121	0.396225493014431	0.759077641224729	0.247945797895344	0.825607375082078	0.718340620460027	0.817364290137121	0.825837221068576	0.769901133781341
ZB_33	0.547669546709532	0.692657387146382	0.774807308791031	0.757236565174688	0.697830630520679	0.321961556012685	0.76289143320937	0.744187564895609	0.761890469721383	0.648941463002843	0.680850050512339	0.311554741998481	0.449117751231606	0.888600531427624	0.810617976247464	0.89387464758187	0.603387211474381	0.769303818700744	0.366184442161633	0.805004040582872	0.722761746500113	0.892111747451747	0.734969663541092	0.744460927405848	0.275041829243548	0.405944050256927	0.320506600782006	0.654708583315587	0.872339637483443	0.452131995288301	0.795970035811123	0.45357769109277	0	0.418419692355934	0.810990062776229	0.742654398876475	0.891757211113077	0.402714299711251	0.608546424674933	0.893317148124312	0.328298996291948	0.837292771038013	0.806564561402054	0.740897765590216	0.88578278787245	0.748911201379834	0.885530996719459	0.428854589111307	0.709982446319601	0.634087910350656	0.771894159736731	0.764521074147167	0.601541023664422	0.409927247809416	0.473501144859902	0.686822393463325	0.528388069032767	0.799319596396954	0.418499600162702	0.894121353324632	0.804011896757005	0.888103700912285	0.793549925190313	0.812325667167695
ZB_34	0.640843970162377	0.658572122389509	0.857661336749967	0.772833556719161	0.606597685738436	0.153737515280537	0.677597232899644	0.851224525292811	0.739345543339663	0.699970524404129	0.543278110353149	0.500329496152612	0.233066605628419	0.87230279112914	0.830680056501203	0.851800211313604	0.463222614468502	0.755000188464112	0.145806334655401	0.683979266418924	0.838763691238832	0.874950257385401	0.806215840803138	0.748832537150878	0.311197479660656	0.0612250040799869	0.323430049496274	0.689820650113723	0.844527708936026	0.0678869063932109	0.777185783267963	0.250295563847181	0.418419692355934	0	0.67550784586271	0.766149179794004	0.874680262301181	0.243990864903745	0.578252687168657	0.875872782990132	0.522977763296823	0.806163501307085	0.876425468950193	0.849311242800693	0.870220018518496	0.780040831845934	0.870035678844579	0.398443010651223	0.729804461220807	0.587686722263409	0.762890203736629	0.729565648578742	0.669145582701024	0.512871173128793	0.174533787848406	0.675780036291771	0.422531657353399	0.803385263118566	0.191131194816682	0.876492211509595	0.751359106613539	0.880162394110029	0.862543759293874	0.796646978557027
