ZB_1	ZB_2	ZB_3	ZB_4	ZB_6	ZB_7	ZB_8	ZB_10	ZB_11	ZB_12	ZB_13	ZB_15	ZB_17	ZB_19	ZB_20	ZB_21	ZB_22	ZB_24	ZB_25	ZB_26	ZB_27	ZB_28	ZB_30	ZB_32	ZB_33	ZB_34	ZB_35	ZB_36	ZB_37	ZB_38	ZB_39	ZB_41	ZB_42	ZB_43	ZB_44	ZB_47	ZB_48	ZB_49	ZB_50	ZB_51	ZB_52	ZB_53	ZB_54	ZB_55	ZB_56	ZB_57	ZB_59
ZB_1	0	0.805585970963844	0.903042225813251	0.819169572546937	0.581850750263063	0.903042225813251	0.825877325151357	0.458474853631041	0.458474853631041	0.576541538000159	0.52040784988176	0.89414677470375	0.87179084263063	0.574113193988428	0.905148918541776	0.367075166369686	0.902942417616143	0.906007937933042	0.575821098332947	0.581850750263063	0.571474938764205	0.367075166369686	0.581850750263063	0.677009774404078	0.49670946481132	0.581850750263063	0.89763991908294	0.8310425279853	0.89414677470375	0.55566650831661	0.551388185959077	0.590902109993114	0.458474853631041	1	0.458474853631041	0.458474853631041	0.536121707456303	0.903042225813251	0.458474853631041	0.904410068227513	0.903042225813251	0.311996799883632	0.572080006818763	0.574738880177162	0.454649149958157	0.551140796745897	0.636470867262234
ZB_2	0.805585970963844	0	0.835186311126553	0.833184782880324	0.777883205907219	0.835186311126553	0.84783896433995	0.894065159524613	0.894065159524613	0.762842417067736	0.7799095263438	0.597587942101048	0.554807838834537	0.773773091647979	0.672280032317412	0.903187786092153	0.83489770836279	0.843576109805861	0.738517193724088	0.777883205907219	0.721299322707821	0.903187786092153	0.777883205907219	0.79011362152279	0.767276933144623	0.777883205907219	0.818942999248578	0.816126781254591	0.597587942101048	0.793843660124123	0.800501693898557	0.787752200294291	0.894065159524613	1	0.894065159524613	0.894065159524613	0.711610878661088	0.835186311126553	0.894065159524613	0.667693188435837	0.835186311126553	0.743051025381472	0.760082838256213	0.774105450035414	0.711960821246939	0.761570378785653	0.751313473187441
ZB_3	0.903042225813251	0.835186311126553	0	0.789084822762867	0.895845117967994	0	0.842429592408372	0.906641320418817	0.906641320418817	0.882747208664839	0.861859221284199	0.760424229033174	0.79124074243394	0.893917805503587	0.459486758625043	0.917117599785695	0.651983508571203	0.126058997652343	0.904115143838675	0.895845117967994	0.897742015422516	0.917117599785695	0.895845117967994	0.884891506009518	0.885106731451657	0.895845117967994	0.462973359191589	0.387356445207685	0.760424229033174	0.889323005031654	0.927427677873338	0.766909412645477	0.906641320418817	1	0.906641320418817	0.906641320418817	0.875494182329625	0	0.906641320418817	0.44711352189074	0	0.866449654687019	0.902348031129955	0.894073654811502	0.899588564473667	0.923016839275832	0.883386053860062
ZB_4	0.819169572546937	0.833184782880324	0.789084822762867	0	0.79612125856857	0.789084822762867	0.493712615044974	0.857659548702216	0.857659548702216	0.778550824787063	0.729595314636517	0.842126610714174	0.743152696499663	0.792348626581259	0.843542422334359	0.870770786912161	0.614958979907688	0.800846644465767	0.764820723253102	0.79612125856857	0.75779134412049	0.870770786912161	0.79612125856857	0.774680030114813	0.782743124213554	0.79612125856857	0.765965349818259	0.671281585716447	0.842126610714174	0.783354500534835	0.852324749159363	0.861733819915096	0.857659548702216	0.854726353316726	0.857659548702216	0.857659548702216	0.798910434067475	0.789084822762867	0.857659548702216	0.841549833394706	0.789084822762867	0.829632096852441	0.670301216951005	0.812844795601214	0.837968257673007	0.781147880817835	0.771733171710018
ZB_6	0.581850750263063	0.777883205907219	0.895845117967994	0.79612125856857	0	0.895845117967994	0.896778765152759	0.773561666332135	0.773561666332135	0.494306881010164	0.246023636175635	0.86529326253429	0.501076583398719	0.0181681051523943	0.807303736413457	0.735342955677609	0.896334750530689	0.880821609522593	0.372665121739078	0	0.41426564239184	0.735342955677609	0	0.0951590241410142	0.483097032400903	0	0.920974520859564	0.829991058883638	0.86529326253429	0.0589292556976808	0.686957526656083	0.553157065610763	0.773561666332135	0.97038179175106	0.773561666332135	0.773561666332135	0.435490149566021	0.895845117967994	0.773561666332135	0.811616152400416	0.895845117967994	0.712311978054729	0.501073542202678	0.0167235370326442	0.598227590946968	0.068417787347408	0.10684025813672
ZB_7	0.903042225813251	0.835186311126553	0	0.789084822762867	0.895845117967994	0	0.842429592408372	0.906641320418817	0.906641320418817	0.882747208664839	0.861859221284199	0.760424229033174	0.79124074243394	0.893917805503587	0.459486758625043	0.917117599785695	0.651983508571203	0.126058997652343	0.904115143838675	0.895845117967994	0.897742015422516	0.917117599785695	0.895845117967994	0.884891506009518	0.885106731451657	0.895845117967994	0.462973359191589	0.387356445207685	0.760424229033174	0.889323005031654	0.927427677873338	0.766909412645477	0.906641320418817	1	0.906641320418817	0.906641320418817	0.875494182329625	0	0.906641320418817	0.44711352189074	0	0.866449654687019	0.902348031129955	0.894073654811502	0.899588564473667	0.923016839275832	0.883386053860062
ZB_8	0.825877325151357	0.84783896433995	0.842429592408372	0.493712615044974	0.896778765152759	0.842429592408372	0	0.805755395683453	0.805755395683453	0.795881670184808	0.863097518967736	0.865386567662031	0.923162268583984	0.894868729169506	0.894547891980323	0.82937852013858	0.841997753038505	0.854621203815371	0.83546071097882	0.896778765152759	0.892144205471279	0.82937852013858	0.896778765152759	0.885923341668683	0.800308295139645	0.896778765152759	0.816720638180239	0.674647430223638	0.865386567662031	0.890315116613506	0.852143504075677	0.891993383974516	0.805755395683453	1	0.805755395683453	0.805755395683453	0.817148921727606	0.842429592408372	0.805755395683453	0.892821264852257	0.842429592408372	0.841028970218291	0.793113327156581	0.895023181440002	0.881208731976823	0.889197932887396	0.884431384433087
ZB_10	0.458474853631041	0.894065159524613	0.906641320418817	0.857659548702216	0.773561666332135	0.906641320418817	0.805755395683453	0	0	0.552221841340863	0.699674493084491	0.915208871918077	0.937036508841985	0.769371585037975	0.927787329718291	0.144408439051296	0.906489895428261	0.911060433295325	0.639047115799475	0.773561666332135	0.613411214953271	0.144408439051296	0.773561666332135	0.749747922884569	0.56193261044791	0.773561666332135	0.898179025888548	0.843596976793698	0.915208871918077	0.759382240879521	0.276653000952066	0.49324848567345	0	1	0	0	0.598876204739765	0.906641320418817	0	0.926981804450948	0.906641320418817	0.212903157605421	0.546148875993563	0.769710409842911	0.436401483612141	0.756931454258768	0.746474988678423
ZB_11	0.458474853631041	0.894065159524613	0.906641320418817	0.857659548702216	0.773561666332135	0.906641320418817	0.805755395683453	0	0	0.552221841340863	0.699674493084491	0.915208871918077	0.937036508841985	0.769371585037975	0.927787329718291	0.144408439051296	0.906489895428261	0.911060433295325	0.639047115799475	0.773561666332135	0.613411214953271	0.144408439051296	0.773561666332135	0.749747922884569	0.56193261044791	0.773561666332135	0.898179025888548	0.843596976793698	0.915208871918077	0.759382240879521	0.276653000952066	0.49324848567345	0	1	0	0	0.598876204739765	0.906641320418817	0	0.926981804450948	0.906641320418817	0.212903157605421	0.546148875993563	0.769710409842911	0.436401483612141	0.756931454258768	0.746474988678423
ZB_12	0.576541538000159	0.762842417067736	0.882747208664839	0.778550824787063	0.494306881010164	0.882747208664839	0.795881670184808	0.552221841340863	0.552221841340863	0	0.329298445875904	0.733619595744553	0.72612565364266	0.484949387320192	0.720537763811816	0.583685587761675	0.903451068813415	0.85522386396559	0.193902433112435	0.494306881010164	0.244960535195564	0.583685587761675	0.494306881010164	0.4411248689199	0.119923063159778	0.494306881010164	0.843728387488649	0.762101357224042	0.733619595744553	0.505532134128336	0.617694780188747	0.25493637315861	0.552221841340863	1	0.552221841340863	0.552221841340863	0.153336726822382	0.882747208664839	0.552221841340863	0.728438189476499	0.882747208664839	0.536875637962558	0.177752647837599	0.485706067382369	0.44738430478807	0.518089516295929	0.498210787514692
ZB_13	0.52040784988176	0.7799095263438	0.861859221284199	0.729595314636517	0.246023636175635	0.861859221284199	0.863097518967736	0.699674493084491	0.699674493084491	0.329298445875904	0	0.821338248877667	0.538335450268579	0.232071836552638	0.744426652038351	0.714163416356991	0.889273124716911	0.841933519145212	0.232815472786059	0.246023636175635	0.264948108470037	0.714163416356991	0.246023636175635	0.341182660316649	0.395749516292497	0.246023636175635	0.895188386623158	0.774516882393988	0.821338248877667	0.24906227027978	0.710840761616414	0.407351535368121	0.699674493084491	0.960717325277003	0.699674493084491	0.699674493084491	0.312284676562299	0.861859221284199	0.699674493084491	0.750146215931688	0.861859221284199	0.618438938210156	0.338273078924335	0.262747173208279	0.590316262713939	0.314441423523043	0.352863894312355
ZB_15	0.89414677470375	0.597587942101048	0.760424229033174	0.842126610714174	0.86529326253429	0.760424229033174	0.865386567662031	0.915208871918077	0.915208871918077	0.733619595744553	0.821338248877667	0	0.730005181189235	0.862800609582337	0.300937470408131	0.923940476580681	0.759813926994826	0.777751749582736	0.785271404263158	0.86529326253429	0.770020768431983	0.923940476580681	0.86529326253429	0.851126616654567	0.73939647107968	0.86529326253429	0.72449590736674	0.821445374988237	0	0.856858011704978	0.932712800661128	0.698536718165113	0.915208871918077	1	0.915208871918077	0.915208871918077	0.761373982469656	0.760424229033174	0.915208871918077	0.483354271356784	0.760424229033174	0.856770104535353	0.730006826937143	0.863002174323192	0.764132635546495	0.855400054191518	0.849179568724527
ZB_17	0.87179084263063	0.554807838834537	0.79124074243394	0.743152696499663	0.501076583398719	0.79124074243394	0.923162268583984	0.937036508841985	0.937036508841985	0.72612565364266	0.538335450268579	0.730005181189235	0	0.491844358265912	0.613775867849197	0.940375858299817	0.834657617230002	0.761128889701624	0.571881411096886	0.501076583398719	0.592543921958611	0.940375858299817	0.501076583398719	0.492937834661094	0.729964030691782	0.501076583398719	0.841607997317973	0.783847442539381	0.730005181189235	0.506811645390787	0.810124607815174	0.671713828083289	0.937036508841985	0.940635762396757	0.937036508841985	0.937036508841985	0.696581132863171	0.79124074243394	0.937036508841985	0.676363615066094	0.79124074243394	0.847279663434113	0.689835685906523	0.517800120431363	0.750100231693473	0.529785551530458	0.460848893237704
ZB_19	0.574113193988428	0.773773091647979	0.893917805503587	0.792348626581259	0.0181681051523943	0.893917805503587	0.894868729169506	0.769371585037975	0.769371585037975	0.484949387320192	0.232071836552638	0.862800609582337	0.491844358265912	0	0.803738028273717	0.73044566415978	0.914502855683083	0.878616297654595	0.361056733282948	0.0181681051523943	0.432433747544234	0.73044566415978	0.0181681051523943	0.113327129293409	0.473532108386713	0.0181681051523943	0.919512210231567	0.82684516360843	0.862800609582337	0.0770973608500751	0.681164896978107	0.544888552985343	0.769371585037975	0.969833727744669	0.769371585037975	0.769371585037975	0.42504429383851	0.893917805503587	0.769371585037975	0.808130242470047	0.893917805503587	0.7069885145767	0.491841260794687	0.0348916421850385	0.590793076532319	0.0865858924998023	0.125008363289114
ZB_20	0.905148918541776	0.672280032317412	0.459486758625043	0.843542422334359	0.807303736413457	0.459486758625043	0.894547891980323	0.927787329718291	0.927787329718291	0.720537763811816	0.744426652038351	0.300937470408131	0.613775867849197	0.803738028273717	0	0.934218732282572	0.778941696843635	0.498579836608006	0.771466452829845	0.807303736413457	0.75627663347959	0.934218732282572	0.807303736413457	0.787038530827351	0.726161489326855	0.807303736413457	0.691883107376065	0.597158181989273	0.300937470408131	0.795237218080345	0.940884252359662	0.568760634315661	0.927787329718291	1	0.927787329718291	0.927787329718291	0.726592507352001	0.459486758625043	0.927787329718291	0.211140931932389	0.459486758625043	0.876200572005862	0.741196267062249	0.804026364055314	0.791928555977875	0.830949482172504	0.784253303687259
ZB_21	0.367075166369686	0.903187786092153	0.917117599785695	0.870770786912161	0.735342955677609	0.917117599785695	0.82937852013858	0.144408439051296	0.144408439051296	0.583685587761675	0.714163416356991	0.923940476580681	0.940375858299817	0.73044566415978	0.934218732282572	0	0.916998274150712	0.920619173864705	0.659774453268508	0.735342955677609	0.637090760209975	0	0.735342955677609	0.707509881422925	0.487994728388452	0.735342955677609	0.910515102143126	0.859284089548665	0.923940476580681	0.718770298699914	0.355356230681985	0.533176172592588	0.144408439051296	1	0.144408439051296	0.144408439051296	0.624311260015743	0.917117599785695	0.144408439051296	0.933550964305657	0.917117599785695	0.305205106192378	0.578441086381728	0.73084167648669	0.34127620921959	0.715905863456962	0.703684534895995
ZB_22	0.902942417616143	0.83489770836279	0.651983508571203	0.614958979907688	0.896334750530689	0.651983508571203	0.841997753038505	0.906489895428261	0.906489895428261	0.903451068813415	0.889273124716911	0.759813926994826	0.834657617230002	0.914502855683083	0.778941696843635	0.916998274150712	0	0.68288605683677	0.920789856504014	0.896334750530689	0.823016614745587	0.916998274150712	0.896334750530689	0.885432631550644	0.905360169946141	0.896334750530689	0.58420928588263	0.756147456010616	0.759813926994826	0.889843298076208	0.927336208988641	0.892015302218822	0.906489895428261	1	0.906489895428261	0.906489895428261	0.912691892747914	0.651983508571203	0.906489895428261	0.774942912908699	0.651983508571203	0.866260219904144	0.834658589660648	0.894571615030357	0.899481515326089	0.888721308692515	0.883934256538424
ZB_24	0.906007937933042	0.843576109805861	0.126058997652343	0.800846644465767	0.880821609522593	0.126058997652343	0.854621203815371	0.911060433295325	0.911060433295325	0.85522386396559	0.841933519145212	0.777751749582736	0.761128889701624	0.878616297654595	0.498579836608006	0.920619173864705	0.68288605683677	0	0.881607603356995	0.880821609522593	0.873738478059115	0.920619173864705	0.880821609522593	0.86828802667312	0.858137249549599	0.880821609522593	0.336914361539247	0.437099372144242	0.777751749582736	0.873358733975136	0.930126467931346	0.733287960253182	0.911060433295325	1	0.911060433295325	0.911060433295325	0.878562342553563	0.126058997652343	0.911060433295325	0.487949285329825	0.126058997652343	0.872012141140761	0.90494714496611	0.878794626978309	0.902765856595652	0.907395050992173	0.866565425095425
ZB_25	0.575821098332947	0.738517193724088	0.904115143838675	0.764820723253102	0.372665121739078	0.904115143838675	0.83546071097882	0.639047115799475	0.639047115799475	0.193902433112435	0.232815472786059	0.785271404263158	0.571881411096886	0.361056733282948	0.771466452829845	0.659774453268508	0.920789856504014	0.881607603356995	0	0.372665121739078	0.209088378441479	0.659774453268508	0.372665121739078	0.355077053676375	0.2807727808596	0.372665121739078	0.874029833381003	0.805455572666551	0.785271404263158	0.379879493091901	0.603487521339728	0.390715411742193	0.639047115799475	0.952787244460173	0.639047115799475	0.639047115799475	0.206719197576623	0.904115143838675	0.639047115799475	0.777927119308189	0.904115143838675	0.541412358989524	0.32638129411871	0.389388658771722	0.453757436736335	0.39267012423412	0.367617866004963
ZB_26	0.581850750263063	0.777883205907219	0.895845117967994	0.79612125856857	0	0.895845117967994	0.896778765152759	0.773561666332135	0.773561666332135	0.494306881010164	0.246023636175635	0.86529326253429	0.501076583398719	0.0181681051523943	0.807303736413457	0.735342955677609	0.896334750530689	0.880821609522593	0.372665121739078	0	0.41426564239184	0.735342955677609	0	0.0951590241410142	0.483097032400903	0	0.920974520859564	0.829991058883638	0.86529326253429	0.0589292556976808	0.686957526656083	0.553157065610763	0.773561666332135	0.97038179175106	0.773561666332135	0.773561666332135	0.435490149566021	0.895845117967994	0.773561666332135	0.811616152400416	0.895845117967994	0.712311978054729	0.501073542202678	0.0167235370326442	0.598227590946968	0.068417787347408	0.10684025813672
ZB_27	0.571474938764205	0.721299322707821	0.897742015422516	0.75779134412049	0.41426564239184	0.897742015422516	0.892144205471279	0.613411214953271	0.613411214953271	0.244960535195564	0.264948108470037	0.770020768431983	0.592543921958611	0.432433747544234	0.75627663347959	0.637090760209975	0.823016614745587	0.873738478059115	0.209088378441479	0.41426564239184	0	0.637090760209975	0.41426564239184	0.399738801097035	0.329592311555242	0.41426564239184	0.865083073727934	0.792524890307721	0.770020768431983	0.422851703620862	0.637068396998667	0.350218412753944	0.613411214953271	0.949434060228453	0.613411214953271	0.613411214953271	0.254995501626335	0.897742015422516	0.613411214953271	0.763166717686331	0.897742015422516	0.508842159916926	0.293626264269379	0.430989179424484	0.484540172216648	0.435562565456518	0.412279613425624
ZB_28	0.367075166369686	0.903187786092153	0.917117599785695	0.870770786912161	0.735342955677609	0.917117599785695	0.82937852013858	0.144408439051296	0.144408439051296	0.583685587761675	0.714163416356991	0.923940476580681	0.940375858299817	0.73044566415978	0.934218732282572	0	0.916998274150712	0.920619173864705	0.659774453268508	0.735342955677609	0.637090760209975	0	0.735342955677609	0.707509881422925	0.487994728388452	0.735342955677609	0.910515102143126	0.859284089548665	0.923940476580681	0.718770298699914	0.355356230681985	0.533176172592588	0.144408439051296	1	0.144408439051296	0.144408439051296	0.624311260015743	0.917117599785695	0.144408439051296	0.933550964305657	0.917117599785695	0.305205106192378	0.578441086381728	0.73084167648669	0.34127620921959	0.715905863456962	0.703684534895995
ZB_30	0.581850750263063	0.777883205907219	0.895845117967994	0.79612125856857	0	0.895845117967994	0.896778765152759	0.773561666332135	0.773561666332135	0.494306881010164	0.246023636175635	0.86529326253429	0.501076583398719	0.0181681051523943	0.807303736413457	0.735342955677609	0.896334750530689	0.880821609522593	0.372665121739078	0	0.41426564239184	0.735342955677609	0	0.0951590241410142	0.483097032400903	0	0.920974520859564	0.829991058883638	0.86529326253429	0.0589292556976808	0.686957526656083	0.553157065610763	0.773561666332135	0.97038179175106	0.773561666332135	0.773561666332135	0.435490149566021	0.895845117967994	0.773561666332135	0.811616152400416	0.895845117967994	0.712311978054729	0.501073542202678	0.0167235370326442	0.598227590946968	0.068417787347408	0.10684025813672
ZB_32	0.677009774404078	0.79011362152279	0.884891506009518	0.774680030114813	0.0951590241410142	0.884891506009518	0.885923341668683	0.749747922884569	0.749747922884569	0.4411248689199	0.341182660316649	0.851126616654567	0.492937834661094	0.113327129293409	0.787038530827351	0.707509881422925	0.885432631550644	0.86828802667312	0.355077053676375	0.0951590241410142	0.399738801097035	0.707509881422925	0.0951590241410142	0	0.42873611895351	0.0951590241410142	0.91266368207362	0.812111801242236	0.851126616654567	0.154088279838695	0.654035922669463	0.506164125729343	0.749747922884569	0.967266946304213	0.749747922884569	0.749747922884569	0.42252514039441	0.884891506009518	0.749747922884569	0.791804468823102	0.884891506009518	0.719717252187541	0.448603156677691	0.111882561173658	0.555974563738539	0.163576811488422	0.0696911322972443
ZB_33	0.49670946481132	0.767276933144623	0.885106731451657	0.782743124213554	0.483097032400903	0.885106731451657	0.800308295139645	0.56193261044791	0.56193261044791	0.119923063159778	0.395749516292497	0.73939647107968	0.729964030691782	0.473532108386713	0.726161489326855	0.487994728388452	0.905360169946141	0.858137249549599	0.2807727808596	0.483097032400903	0.329592311555242	0.487994728388452	0.483097032400903	0.42873611895351	0	0.483097032400903	0.847117381609371	0.823911356879162	0.73939647107968	0.450728895007449	0.624795912196892	0.269929573620134	0.56193261044791	1	0.56193261044791	0.56193261044791	0.249438777519594	0.885106731451657	0.56193261044791	0.73390293170279	0.885106731451657	0.546255797085522	0.194138382189159	0.47430556199914	0.352052589945719	0.463750632997133	0.44096987548714
ZB_34	0.581850750263063	0.777883205907219	0.895845117967994	0.79612125856857	0	0.895845117967994	0.896778765152759	0.773561666332135	0.773561666332135	0.494306881010164	0.246023636175635	0.86529326253429	0.501076583398719	0.0181681051523943	0.807303736413457	0.735342955677609	0.896334750530689	0.880821609522593	0.372665121739078	0	0.41426564239184	0.735342955677609	0	0.0951590241410142	0.483097032400903	0	0.920974520859564	0.829991058883638	0.86529326253429	0.0589292556976808	0.686957526656083	0.553157065610763	0.773561666332135	0.97038179175106	0.773561666332135	0.773561666332135	0.435490149566021	0.895845117967994	0.773561666332135	0.811616152400416	0.895845117967994	0.712311978054729	0.501073542202678	0.0167235370326442	0.598227590946968	0.068417787347408	0.10684025813672
ZB_35	0.89763991908294	0.818942999248578	0.462973359191589	0.765965349818259	0.920974520859564	0.462973359191589	0.816720638180239	0.898179025888548	0.898179025888548	0.843728387488649	0.895188386623158	0.72449590736674	0.841607997317973	0.919512210231567	0.691883107376065	0.910515102143126	0.58420928588263	0.336914361539247	0.874029833381003	0.920974520859564	0.865083073727934	0.910515102143126	0.920974520859564	0.91266368207362	0.847117381609371	0.920974520859564	0	0.654104072844417	0.72449590736674	0.916025995262425	0.922415306301562	0.823147076839311	0.898179025888548	1	0.898179025888548	0.898179025888548	0.889562922108931	0.462973359191589	0.898179025888548	0.6853507565337	0.462973359191589	0.855979962429555	0.897667619881786	0.919630457845038	0.893783017877759	0.915170686959105	0.911521449706661
ZB_36	0.8310425279853	0.816126781254591	0.387356445207685	0.671281585716447	0.829991058883638	0.387356445207685	0.674647430223638	0.843596976793698	0.843596976793698	0.762101357224042	0.774516882393988	0.821445374988237	0.783847442539381	0.82684516360843	0.597158181989273	0.859284089548665	0.756147456010616	0.437099372144242	0.805455572666551	0.829991058883638	0.792524890307721	0.859284089548665	0.829991058883638	0.812111801242236	0.823911356879162	0.829991058883638	0.654104072844417	0	0.821445374988237	0.852284793385314	0.875138982330654	0.73415920366961	0.843596976793698	1	0.843596976793698	0.843596976793698	0.764746196138601	0.387356445207685	0.843596976793698	0.590325127395392	0.387356445207685	0.814688509096637	0.839535092300955	0.827099551835803	0.856951782251053	0.885831082785307	0.844593612014489
ZB_37	0.89414677470375	0.597587942101048	0.760424229033174	0.842126610714174	0.86529326253429	0.760424229033174	0.865386567662031	0.915208871918077	0.915208871918077	0.733619595744553	0.821338248877667	0	0.730005181189235	0.862800609582337	0.300937470408131	0.923940476580681	0.759813926994826	0.777751749582736	0.785271404263158	0.86529326253429	0.770020768431983	0.923940476580681	0.86529326253429	0.851126616654567	0.73939647107968	0.86529326253429	0.72449590736674	0.821445374988237	0	0.856858011704978	0.932712800661128	0.698536718165113	0.915208871918077	1	0.915208871918077	0.915208871918077	0.761373982469656	0.760424229033174	0.915208871918077	0.483354271356784	0.760424229033174	0.856770104535353	0.730006826937143	0.863002174323192	0.764132635546495	0.855400054191518	0.849179568724527
ZB_38	0.55566650831661	0.793843660124123	0.889323005031654	0.783354500534835	0.0589292556976808	0.889323005031654	0.890315116613506	0.759382240879521	0.759382240879521	0.505532134128336	0.24906227027978	0.856858011704978	0.506811645390787	0.0770973608500751	0.795237218080345	0.718770298699914	0.889843298076208	0.873358733975136	0.379879493091901	0.0589292556976808	0.422851703620862	0.718770298699914	0.0589292556976808	0.154088279838695	0.450728895007449	0.0589292556976808	0.916025995262425	0.852284793385314	0.856858011704978	0	0.699559135173318	0.525176043252187	0.759382240879521	0.968527118255176	0.759382240879521	0.759382240879521	0.444776044382732	0.889323005031654	0.759382240879521	0.799819674833005	0.889323005031654	0.694297135802948	0.46983108250038	0.075652792730325	0.573068856421741	0.0753648374523734	0.114853861854053
ZB_39	0.551388185959077	0.800501693898557	0.927427677873338	0.852324749159363	0.686957526656083	0.927427677873338	0.852143504075677	0.276653000952066	0.276653000952066	0.617694780188747	0.710840761616414	0.932712800661128	0.810124607815174	0.681164896978107	0.940884252359662	0.355356230681985	0.927336208988641	0.930126467931346	0.603487521339728	0.686957526656083	0.637068396998667	0.355356230681985	0.686957526656083	0.654035922669463	0.624795912196892	0.686957526656083	0.922415306301562	0.875138982330654	0.932712800661128	0.699559135173318	0	0.575518650909029	0.276653000952066	0.960897512749809	0.276653000952066	0.276653000952066	0.652229352913152	0.927427677873338	0.276653000952066	0.940345510167357	0.927427677873338	0.395022506784536	0.613276685035812	0.681633309517845	0.403765051036	0.663966884412103	0.649511214320007
ZB_41	0.590902109993114	0.787752200294291	0.766909412645477	0.861733819915096	0.553157065610763	0.766909412645477	0.891993383974516	0.49324848567345	0.49324848567345	0.25493637315861	0.407351535368121	0.698536718165113	0.671713828083289	0.544888552985343	0.568760634315661	0.533176172592588	0.892015302218822	0.733287960253182	0.390715411742193	0.553157065610763	0.350218412753944	0.533176172592588	0.553157065610763	0.506164125729343	0.269929573620134	0.553157065610763	0.823147076839311	0.73415920366961	0.698536718165113	0.525176043252187	0.575518650909029	0	0.49324848567345	1	0.49324848567345	0.49324848567345	0.341101937994164	0.766909412645477	0.49324848567345	0.578411488463894	0.766909412645477	0.480493988713503	0.324446934839064	0.54555717418401	0.451481148514412	0.583311714493791	0.518431467489803
ZB_42	0.458474853631041	0.894065159524613	0.906641320418817	0.857659548702216	0.773561666332135	0.906641320418817	0.805755395683453	0	0	0.552221841340863	0.699674493084491	0.915208871918077	0.937036508841985	0.769371585037975	0.927787329718291	0.144408439051296	0.906489895428261	0.911060433295325	0.639047115799475	0.773561666332135	0.613411214953271	0.144408439051296	0.773561666332135	0.749747922884569	0.56193261044791	0.773561666332135	0.898179025888548	0.843596976793698	0.915208871918077	0.759382240879521	0.276653000952066	0.49324848567345	0	1	0	0	0.598876204739765	0.906641320418817	0	0.926981804450948	0.906641320418817	0.212903157605421	0.546148875993563	0.769710409842911	0.436401483612141	0.756931454258768	0.746474988678423
ZB_43	1	1	1	0.854726353316726	0.97038179175106	1	1	1	1	1	0.960717325277003	1	0.940635762396757	0.969833727744669	1	1	1	1	0.952787244460173	0.97038179175106	0.949434060228453	1	0.97038179175106	0.967266946304213	1	0.97038179175106	1	1	1	0.968527118255176	0.960897512749809	1	1	0	1	1	1	1	1	1	1	1	1	0.987105328783704	0.969188061827351	0.968206554562044	0.96683884543749
ZB_44	0.458474853631041	0.894065159524613	0.906641320418817	0.857659548702216	0.773561666332135	0.906641320418817	0.805755395683453	0	0	0.552221841340863	0.699674493084491	0.915208871918077	0.937036508841985	0.769371585037975	0.927787329718291	0.144408439051296	0.906489895428261	0.911060433295325	0.639047115799475	0.773561666332135	0.613411214953271	0.144408439051296	0.773561666332135	0.749747922884569	0.56193261044791	0.773561666332135	0.898179025888548	0.843596976793698	0.915208871918077	0.759382240879521	0.276653000952066	0.49324848567345	0	1	0	0	0.598876204739765	0.906641320418817	0	0.926981804450948	0.906641320418817	0.212903157605421	0.546148875993563	0.769710409842911	0.436401483612141	0.756931454258768	0.746474988678423
ZB_47	0.458474853631041	0.894065159524613	0.906641320418817	0.857659548702216	0.773561666332135	0.906641320418817	0.805755395683453	0	0	0.552221841340863	0.699674493084491	0.915208871918077	0.937036508841985	0.769371585037975	0.927787329718291	0.144408439051296	0.906489895428261	0.911060433295325	0.639047115799475	0.773561666332135	0.613411214953271	0.144408439051296	0.773561666332135	0.749747922884569	0.56193261044791	0.773561666332135	0.898179025888548	0.843596976793698	0.915208871918077	0.759382240879521	0.276653000952066	0.49324848567345	0	1	0	0	0.598876204739765	0.906641320418817	0	0.926981804450948	0.906641320418817	0.212903157605421	0.546148875993563	0.769710409842911	0.436401483612141	0.756931454258768	0.746474988678423
ZB_48	0.536121707456303	0.711610878661088	0.875494182329625	0.798910434067475	0.435490149566021	0.875494182329625	0.817148921727606	0.598876204739765	0.598876204739765	0.153336726822382	0.312284676562299	0.761373982469656	0.696581132863171	0.42504429383851	0.726592507352001	0.624311260015743	0.912691892747914	0.878562342553563	0.206719197576623	0.435490149566021	0.254995501626335	0.624311260015743	0.435490149566021	0.42252514039441	0.249438777519594	0.435490149566021	0.889562922108931	0.764746196138601	0.761373982469656	0.444776044382732	0.652229352913152	0.341101937994164	0.598876204739765	1	0.598876204739765	0.598876204739765	0	0.875494182329625	0.598876204739765	0.733844776882752	0.875494182329625	0.490375550180206	0.257018243445319	0.425888982707481	0.497910422359426	0.457446208068633	0.435065952722999
ZB_49	0.903042225813251	0.835186311126553	0	0.789084822762867	0.895845117967994	0	0.842429592408372	0.906641320418817	0.906641320418817	0.882747208664839	0.861859221284199	0.760424229033174	0.79124074243394	0.893917805503587	0.459486758625043	0.917117599785695	0.651983508571203	0.126058997652343	0.904115143838675	0.895845117967994	0.897742015422516	0.917117599785695	0.895845117967994	0.884891506009518	0.885106731451657	0.895845117967994	0.462973359191589	0.387356445207685	0.760424229033174	0.889323005031654	0.927427677873338	0.766909412645477	0.906641320418817	1	0.906641320418817	0.906641320418817	0.875494182329625	0	0.906641320418817	0.44711352189074	0	0.866449654687019	0.902348031129955	0.894073654811502	0.899588564473667	0.923016839275832	0.883386053860062
ZB_50	0.458474853631041	0.894065159524613	0.906641320418817	0.857659548702216	0.773561666332135	0.906641320418817	0.805755395683453	0	0	0.552221841340863	0.699674493084491	0.915208871918077	0.937036508841985	0.769371585037975	0.927787329718291	0.144408439051296	0.906489895428261	0.911060433295325	0.639047115799475	0.773561666332135	0.613411214953271	0.144408439051296	0.773561666332135	0.749747922884569	0.56193261044791	0.773561666332135	0.898179025888548	0.843596976793698	0.915208871918077	0.759382240879521	0.276653000952066	0.49324848567345	0	1	0	0	0.598876204739765	0.906641320418817	0	0.926981804450948	0.906641320418817	0.212903157605421	0.546148875993563	0.769710409842911	0.436401483612141	0.756931454258768	0.746474988678423
ZB_51	0.904410068227513	0.667693188435837	0.44711352189074	0.841549833394706	0.811616152400416	0.44711352189074	0.892821264852257	0.926981804450948	0.926981804450948	0.728438189476499	0.750146215931688	0.483354271356784	0.676363615066094	0.808130242470047	0.211140931932389	0.933550964305657	0.774942912908699	0.487949285329825	0.777927119308189	0.811616152400416	0.763166717686331	0.933550964305657	0.811616152400416	0.791804468823102	0.73390293170279	0.811616152400416	0.6853507565337	0.590325127395392	0.483354271356784	0.799819674833005	0.940345510167357	0.578411488463894	0.926981804450948	1	0.926981804450948	0.926981804450948	0.733844776882752	0.44711352189074	0.926981804450948	0	0.44711352189074	0.874938910449907	0.749045178288738	0.808412125485975	0.790088972298254	0.835433631117084	0.789081573239537
ZB_52	0.903042225813251	0.835186311126553	0	0.789084822762867	0.895845117967994	0	0.842429592408372	0.906641320418817	0.906641320418817	0.882747208664839	0.861859221284199	0.760424229033174	0.79124074243394	0.893917805503587	0.459486758625043	0.917117599785695	0.651983508571203	0.126058997652343	0.904115143838675	0.895845117967994	0.897742015422516	0.917117599785695	0.895845117967994	0.884891506009518	0.885106731451657	0.895845117967994	0.462973359191589	0.387356445207685	0.760424229033174	0.889323005031654	0.927427677873338	0.766909412645477	0.906641320418817	1	0.906641320418817	0.906641320418817	0.875494182329625	0	0.906641320418817	0.44711352189074	0	0.866449654687019	0.902348031129955	0.894073654811502	0.899588564473667	0.923016839275832	0.883386053860062
ZB_53	0.311996799883632	0.743051025381472	0.866449654687019	0.829632096852441	0.712311978054729	0.866449654687019	0.841028970218291	0.212903157605421	0.212903157605421	0.536875637962558	0.618438938210156	0.856770104535353	0.847279663434113	0.7069885145767	0.876200572005862	0.305205106192378	0.866260219904144	0.872012141140761	0.541412358989524	0.712311978054729	0.508842159916926	0.305205106192378	0.712311978054729	0.719717252187541	0.546255797085522	0.712311978054729	0.855979962429555	0.814688509096637	0.856770104535353	0.694297135802948	0.395022506784536	0.480493988713503	0.212903157605421	1	0.212903157605421	0.212903157605421	0.490375550180206	0.866449654687019	0.212903157605421	0.874938910449907	0.866449654687019	0	0.531023359098576	0.707418988676818	0.427076756561739	0.691183431759494	0.677898579099518
ZB_54	0.572080006818763	0.760082838256213	0.902348031129955	0.670301216951005	0.501073542202678	0.902348031129955	0.793113327156581	0.546148875993563	0.546148875993563	0.177752647837599	0.338273078924335	0.730006826937143	0.689835685906523	0.491841260794687	0.741196267062249	0.578441086381728	0.834658589660648	0.90494714496611	0.32638129411871	0.501073542202678	0.293626264269379	0.578441086381728	0.501073542202678	0.448603156677691	0.194138382189159	0.501073542202678	0.897667619881786	0.839535092300955	0.730006826937143	0.46983108250038	0.613276685035812	0.324446934839064	0.546148875993563	1	0.546148875993563	0.546148875993563	0.257018243445319	0.902348031129955	0.546148875993563	0.749045178288738	0.902348031129955	0.531023359098576	0	0.492587815748533	0.440911555529819	0.482816345356785	0.460845530751616
ZB_55	0.574738880177162	0.774105450035414	0.894073654811502	0.812844795601214	0.0167235370326442	0.894073654811502	0.895023181440002	0.769710409842911	0.769710409842911	0.485706067382369	0.262747173208279	0.863002174323192	0.517800120431363	0.0348916421850385	0.804026364055314	0.73084167648669	0.894571615030357	0.878794626978309	0.389388658771722	0.0167235370326442	0.430989179424484	0.73084167648669	0.0167235370326442	0.111882561173658	0.47430556199914	0.0167235370326442	0.919630457845038	0.827099551835803	0.863002174323192	0.075652792730325	0.681633309517845	0.54555717418401	0.769710409842911	0.987105328783704	0.769710409842911	0.769710409842911	0.425888982707481	0.894073654811502	0.769710409842911	0.808412125485975	0.894073654811502	0.707418988676818	0.492587815748533	0	0.591394257683588	0.0851413243800522	0.123563795169364
ZB_56	0.454649149958157	0.711960821246939	0.899588564473667	0.837968257673007	0.598227590946968	0.899588564473667	0.881208731976823	0.436401483612141	0.436401483612141	0.44738430478807	0.590316262713939	0.764132635546495	0.750100231693473	0.590793076532319	0.791928555977875	0.34127620921959	0.899481515326089	0.902765856595652	0.453757436736335	0.598227590946968	0.484540172216648	0.34127620921959	0.598227590946968	0.555974563738539	0.352052589945719	0.598227590946968	0.893783017877759	0.856951782251053	0.764132635546495	0.573068856421741	0.403765051036	0.451481148514412	0.436401483612141	0.969188061827351	0.436401483612141	0.436401483612141	0.497910422359426	0.899588564473667	0.436401483612141	0.790088972298254	0.899588564473667	0.427076756561739	0.440911555529819	0.591394257683588	0	0.568720394618717	0.550167355041251
ZB_57	0.551140796745897	0.761570378785653	0.923016839275832	0.781147880817835	0.068417787347408	0.923016839275832	0.889197932887396	0.756931454258768	0.756931454258768	0.518089516295929	0.314441423523043	0.855400054191518	0.529785551530458	0.0865858924998023	0.830949482172504	0.715905863456962	0.888721308692515	0.907395050992173	0.39267012423412	0.068417787347408	0.435562565456518	0.715905863456962	0.068417787347408	0.163576811488422	0.463750632997133	0.068417787347408	0.915170686959105	0.885831082785307	0.855400054191518	0.0753648374523734	0.663966884412103	0.583311714493791	0.756931454258768	0.968206554562044	0.756931454258768	0.756931454258768	0.457446208068633	0.923016839275832	0.756931454258768	0.835433631117084	0.923016839275832	0.691183431759494	0.482816345356785	0.0851413243800522	0.568720394618717	0	0.102591509210214
ZB_59	0.636470867262234	0.751313473187441	0.883386053860062	0.771733171710018	0.10684025813672	0.883386053860062	0.884431384433087	0.746474988678423	0.746474988678423	0.498210787514692	0.352863894312355	0.849179568724527	0.460848893237704	0.125008363289114	0.784253303687259	0.703684534895995	0.883934256538424	0.866565425095425	0.367617866004963	0.10684025813672	0.412279613425624	0.703684534895995	0.10684025813672	0.0696911322972443	0.44096987548714	0.10684025813672	0.911521449706661	0.844593612014489	0.849179568724527	0.114853861854053	0.649511214320007	0.518431467489803	0.746474988678423	0.96683884543749	0.746474988678423	0.746474988678423	0.435065952722999	0.883386053860062	0.746474988678423	0.789081573239537	0.883386053860062	0.677898579099518	0.460845530751616	0.123563795169364	0.550167355041251	0.102591509210214	0
