ZB_1	ZB_2	ZB_3	ZB_4	ZB_5	ZB_6	ZB_7	ZB_8	ZB_9	ZB_10	ZB_11	ZB_12	ZB_13	ZB_14	ZB_15	ZB_16	ZB_17	ZB_18	ZB_19	ZB_20	ZB_21	ZB_22	ZB_23	ZB_24	ZB_25	ZB_26	ZB_27	ZB_28	ZB_29	ZB_30	ZB_31	ZB_32	ZB_33	ZB_34	ZB_35	ZB_36	ZB_37	ZB_38	ZB_39	ZB_40	ZB_41	ZB_42	ZB_43	ZB_44	ZB_45	ZB_46	ZB_47	ZB_48	ZB_49	ZB_50	ZB_51	ZB_52	ZB_53	ZB_54	ZB_55	ZB_56	ZB_57	ZB_58	ZB_59	ZB_60	ZB_61	ZB_62	ZB_63	ZB_64
ZB_1	0	0.679171769375715	0.566644575001204	0.518820286978057	0.779563359905112	0.438159788867562	0.605536576658767	0.451931905189644	0.522334919845259	0.312976017503651	0.612610195060215	0.302904858709943	0.436685233070692	0.508092520231301	0.607322636399068	0.639567422662707	0.573160479021829	0.499146983906978	0.461432499504205	0.881408252858404	0.44385329474493	0.545231742057324	0.532158611690341	0.562931371980396	0.342861784194059	0.454420171777478	0.395349605562785	0.406559295903763	0.550810030122423	0.477328173197464	0.585368426952585	0.431293998589555	0.385838512383433	0.453964444531874	0.692000128035806	0.606890413266759	0.551004858699523	0.416850367992475	0.422524592459669	0.651122330682942	0.336116239334324	0.593457076897276	0.547416651797588	0.407269408291885	0.516356389356135	0.524502327968618	0.642431796934757	0.365670649995016	0.469164647868272	0.611991911613868	0.551380579728082	0.637125432356146	0.447811127694383	0.376401866356407	0.457493799353205	0.404103029816784	0.472925163543304	0.647500798930885	0.475724609324046	0.562594115080394	0.719663342885813	0.61490160030084	0.682338057109864	0.758993238563664
ZB_2	0.679171769375715	0	0.619268238916233	0.608760302856876	0.373392131734903	0.584891469436022	0.518605116259919	0.647212612827548	0.665298084640929	0.615724820111772	0.484020972795112	0.641425762779995	0.642066571084823	0.7211507996379	0.575319451526003	0.614236252037848	0.551444490133016	0.667998908950395	0.609069979299563	0.541276407020502	0.626453974063171	0.684630451815095	0.658754625775977	0.736763143323207	0.675938130213452	0.551081615937227	0.585438671688269	0.615371919865353	0.620532946541178	0.574555644040801	0.513869155127433	0.630695296059841	0.607914098230264	0.551290700167983	0.438119460705915	0.523927932486401	0.699146213918585	0.670502278321898	0.566641182037715	0.494519597271009	0.7020056263144	0.646288403480732	0.705539201639444	0.640056041199098	0.650209607923161	0.791811093377581	0.673871231003375	0.64803570429235	0.705375712516766	0.407675506680392	0.628938697086422	0.600583595122228	0.566978240911992	0.700996324857137	0.547936557947979	0.487210003961012	0.607416352561557	0.576590907028038	0.658314744462548	0.483541105761063	0.351698893068678	0.634323858246245	0.481751218814717	0.473371168364491
ZB_3	0.566644575001204	0.619268238916233	0	0.450109727663621	0.612314025307247	0.641691037398029	0.505260108052272	0.500110755112535	0.364543565839151	0.546477337446366	0.602726001227592	0.644646828770617	0.685911640221682	0.397760341556958	0.519316344157664	0.51365065713441	0.650158281901205	0.41964329462492	0.64980355793299	0.79229275191984	0.559251682393304	0.404328417106496	0.359013088934878	0.341306743354745	0.64088715122079	0.650935237066149	0.674938077174369	0.619818515282875	0.48919688767204	0.66435675395385	0.426199602400358	0.658251596120966	0.5737073277676	0.650481016408585	0.650249498794457	0.20888242543286	0.3631573166301	0.617452215774759	0.645637393622563	0.399006073445629	0.664872432145742	0.580838989136226	0.357690800290598	0.56543579082745	0.47932335160908	0.362006757917645	0.500307896226545	0.697094214361661	0.249828298863125	0.686554093501594	0.27110936377045	0.428247194156431	0.599098376142521	0.672562833521568	0.657716958442622	0.508987245809814	0.664232470627222	0.532761887575566	0.659096814588714	0.520019773659204	0.547384913117782	0.360840993408403	0.567395455413405	0.687896667260668
ZB_4	0.518820286978057	0.608760302856876	0.450109727663621	0	0.638859362680788	0.547086202059504	0.590602920132367	0.515630446148484	0.55918376000424	0.607249649768874	0.613084727984239	0.573873031655625	0.587869526077361	0.401654234416547	0.506736119913156	0.681656213599967	0.585271820052057	0.512386954519918	0.56012001074332	0.77910568777585	0.599541222179255	0.533722945969793	0.557778222741825	0.575851041208311	0.584640864605701	0.55980109396102	0.532264053345352	0.656307632332582	0.550556060952952	0.577906374066712	0.557097195283516	0.586143408802075	0.519298533453153	0.55933834112541	0.621073026633085	0.466289785777903	0.462264105642257	0.595146544755232	0.651262079998987	0.610417695639255	0.581073960290711	0.590322066326531	0.499850288270438	0.614374561335101	0.548271788191815	0.586364000336722	0.674697814407223	0.599507774918895	0.494605281261154	0.639473382516523	0.574547902125159	0.641419890801107	0.641057328840085	0.586124770303149	0.558314106449406	0.607638026477403	0.556997329996484	0.692336343584835	0.613671850022998	0.527525318099195	0.628978944731322	0.481596197094529	0.711010779168743	0.668305125906341
ZB_5	0.779563359905112	0.373392131734903	0.612314025307247	0.638859362680788	0	0.678828864699117	0.524298352056993	0.633949023857744	0.708454566944948	0.746449007426982	0.346369588885652	0.736940069848448	0.653568228395007	0.739701401372915	0.611868322573273	0.668853061356332	0.475932762520308	0.742491690905014	0.63556556285569	0.480356217492275	0.717563122217111	0.599956511153774	0.703314691284782	0.771404797282955	0.696697419793931	0.648153602277376	0.68341666409246	0.633814335969885	0.606624036667404	0.602989743610297	0.572689090076673	0.670360371006694	0.617056252980388	0.648301023063645	0.275502057360437	0.522351345487965	0.72092054101319	0.668467098986044	0.622944820595738	0.558726167787957	0.642424249345358	0.704439471256415	0.750796926578859	0.718259948816054	0.67436768618057	0.77599688491664	0.662075273845748	0.666441839867312	0.694412158268462	0.40782594929085	0.688599898610169	0.348232992942545	0.653765808921162	0.648819373633521	0.645937752565995	0.649721991675351	0.648772053720367	0.678547883193687	0.610162160218252	0.571285403667321	0.424156021437197	0.547360748972248	0.5983987208811	0.331974785582922
ZB_6	0.438159788867562	0.584891469436022	0.641691037398029	0.547086202059504	0.678828864699117	0	0.491028833686637	0.602542906758259	0.708481415961358	0.59367049233935	0.524091418150824	0.275555535299835	0.22925264290081	0.692579484986041	0.668061806096543	0.780676498033993	0.294530297581543	0.663709406662343	0.0602433842330864	0.812312275801406	0.690207105884122	0.743707014796677	0.719763864449112	0.720709726826	0.283358965810219	0.0381836853050192	0.177961298588308	0.642464872432738	0.706372238773714	0.0884772442305737	0.633266375515999	0.107948116023631	0.232145747685843	0.0386316523106616	0.645399098606678	0.561088861344542	0.737170642640654	0.147384613735401	0.558796222961438	0.673731608913176	0.378641534449187	0.712723618411083	0.641680886842737	0.66855994357769	0.642082717378635	0.707094448661311	0.791996281049646	0.365926877111761	0.632139364868477	0.587504189269338	0.638084206751022	0.675655763310261	0.625116359621588	0.419104999244858	0.0517481006652961	0.545795842842445	0.0975425747719774	0.762306204972957	0.141491395793499	0.612579714174055	0.664819059682002	0.709771604107906	0.726922625551604	0.744885391105956
ZB_7	0.605536576658767	0.518605116259919	0.505260108052272	0.590602920132367	0.524298352056993	0.491028833686637	0	0.659242071073247	0.639332026665885	0.625063186628025	0.441792194345888	0.564240296554234	0.451976462584573	0.699860404987684	0.617889429969549	0.72894077358164	0.390406800242866	0.650572729166047	0.505299742429571	0.566320701133332	0.694509311693619	0.679380995480372	0.639216157167786	0.563026693427651	0.566102898250101	0.455865525118854	0.527162681321993	0.588366270856935	0.668831291221019	0.477430661293903	0.579042629699062	0.508484776642016	0.509058746021424	0.455436415649633	0.571143925311723	0.472890484739677	0.695750156994855	0.483789191559264	0.573496823355872	0.616725968899048	0.514067010605518	0.663300625478507	0.448161032659694	0.695595862321076	0.658622175258422	0.620727223205774	0.768141286919056	0.499334877192151	0.562767308055933	0.466582969819484	0.427383562729506	0.392150921192954	0.641148885614083	0.490921142280744	0.462272325011834	0.519596359640603	0.50357204299128	0.735034683435654	0.436872524452348	0.601399180542237	0.642657661054109	0.656806462172132	0.6734921816828	0.626989364522877
ZB_8	0.451931905189644	0.647212612827548	0.500110755112535	0.515630446148484	0.633949023857744	0.602542906758259	0.659242071073247	0	0.500950630104082	0.521979526023699	0.639028590438543	0.503638871445232	0.603743172375895	0.443556886766958	0.518426115905698	0.625303102047109	0.630093408222715	0.460163178432068	0.547155968110682	0.860551369171769	0.58492102918491	0.363277715608897	0.522010792388526	0.541004004061292	0.442432408642485	0.612833901751859	0.587585455024377	0.579420953967923	0.281668942769789	0.565372106451548	0.564605286216066	0.526480793359992	0.490679980681298	0.617054584339238	0.683102210955138	0.582904138034673	0.502327984020938	0.53621418109545	0.686258085602876	0.592285161993562	0.490163769217983	0.65534830126201	0.542246766402494	0.600197982208722	0.433624221066103	0.49568390598454	0.682979699654371	0.608213178389831	0.544069428121731	0.71672890324255	0.562114011785208	0.504221186176527	0.627697591898069	0.479913300912169	0.6057521882511	0.482666432762644	0.543659668344452	0.560959823084028	0.559389301299838	0.579159486250423	0.688650857335924	0.381980999705075	0.589602783123115	0.73910284653739
ZB_9	0.522334919845259	0.665298084640929	0.364543565839151	0.55918376000424	0.708454566944948	0.708481415961358	0.639332026665885	0.500950630104082	0	0.432674508291554	0.643281761032685	0.607974874830949	0.71415953363632	0.387515489015555	0.486959069306237	0.243159633252982	0.697486389705668	0.278070805052313	0.721522868214977	0.8501478460525	0.52983994031232	0.388761735459141	0.0850267172480354	0.226022561311767	0.647997670327263	0.719369792309971	0.676843140154139	0.516669936991737	0.380394237350567	0.733740212600467	0.395685684720307	0.724980537629851	0.649029546140635	0.719497645554961	0.674429790623794	0.479795804453977	0.309431530918499	0.693828206249308	0.633168562844945	0.434862979504271	0.64413217623498	0.377361800305046	0.394771708639982	0.537977263916159	0.450905821250925	0.396640557949092	0.387071862128767	0.652640349365052	0.378422568773742	0.688816742716559	0.486269758995487	0.562609575692819	0.578203564920742	0.65170674405749	0.713148677358516	0.488991620666549	0.737163513003818	0.374597893837501	0.728912890349847	0.461876800811715	0.629822459033782	0.469609696488626	0.431712115464354	0.657505798346637
ZB_10	0.312976017503651	0.615724820111772	0.546477337446366	0.607249649768874	0.746449007426982	0.59367049233935	0.625063186628025	0.521979526023699	0.432674508291554	0	0.584493631545043	0.467012211060906	0.573978328852457	0.48844770884598	0.582941722199652	0.53672807046167	0.654787533717559	0.478017357032214	0.617704977783019	0.850162931207426	0.226816294515579	0.491655265538586	0.446699535104801	0.510978516991274	0.534671689576757	0.608897633132201	0.530602365260402	0.241486355316121	0.490519043323285	0.628988311668045	0.482219485483685	0.604638784895817	0.565118062493285	0.609076409556538	0.722953685432759	0.57540866040316	0.525921476968201	0.577025082413645	0.402458720440419	0.567780775538274	0.508575358848467	0.558610309851826	0.564253482440651	0.175955497136922	0.601297881965364	0.594303128012215	0.538972446094341	0.508370836564714	0.569917225068979	0.644286115849257	0.501602707441929	0.614784733875756	0.252277265241281	0.544418491338886	0.606208839988869	0.234860957016571	0.603172201067786	0.551041928680611	0.627850043046098	0.453486156569014	0.66272058963205	0.573670075017125	0.604613003301645	0.713833970307217
ZB_11	0.612610195060215	0.484020972795112	0.602726001227592	0.613084727984239	0.346369588885652	0.524091418150824	0.441792194345888	0.639028590438543	0.643281761032685	0.584493631545043	0	0.586626408067311	0.544865036565984	0.695033497032502	0.577259765927302	0.724530789266571	0.33377343394071	0.63974389355521	0.482913119588516	0.582047206004739	0.617117572121002	0.537843291708903	0.651713529800616	0.690885789715835	0.544105527895676	0.494352393264779	0.548546991727475	0.519022815325011	0.596476468771955	0.450424114158585	0.601747753868839	0.515457948936931	0.480559675442293	0.494560712447378	0.448704581989408	0.513829032708297	0.685816696308796	0.516522639417518	0.513713458356316	0.656619514016751	0.466620760656606	0.734970054984939	0.719420555625817	0.58847420830852	0.640800677017668	0.696208526073604	0.706153538409607	0.564627266180885	0.658749211742674	0.49102805808213	0.57468833579352	0.369196030574514	0.530989981833121	0.5140383715489	0.491221544856941	0.551852899889586	0.501300031359535	0.748053867196777	0.45793212793254	0.56935656688551	0.554350267835201	0.548133710858705	0.702526820715356	0.505842865413804
ZB_12	0.302904858709943	0.641425762779995	0.644646828770617	0.573873031655625	0.736940069848448	0.275555535299835	0.564240296554234	0.503638871445232	0.607974874830949	0.467012211060906	0.586626408067311	0	0.230234652417905	0.645355864492283	0.585068517272935	0.69941137959228	0.461882198931327	0.585115879064664	0.318406594879106	0.84763542475745	0.582406282416671	0.637434659430988	0.627516407949835	0.667374490711967	0.124293312002075	0.302703989085781	0.170947191360087	0.528535631059982	0.618994136852557	0.338523639352278	0.574772534533067	0.285459876355117	0.208294740663475	0.303022729390357	0.681212915053432	0.601266146113733	0.688691167027024	0.283351156149323	0.452857150878454	0.656995275749832	0.240166626409578	0.609443872886955	0.581328196081279	0.55380207557027	0.572648817022731	0.650006905600442	0.736236229556573	0.280563894130487	0.569282422140303	0.607569686690712	0.632603226587541	0.632322670108584	0.496396433018219	0.266147239011976	0.297910142533447	0.408910156738691	0.318133542894909	0.654471557170608	0.336494221387389	0.537216411207371	0.722569924005109	0.685117513454122	0.60689576988363	0.739473535151724
ZB_13	0.436685233070692	0.642066571084823	0.685911640221682	0.587869526077361	0.653568228395007	0.22925264290081	0.451976462584573	0.603743172375895	0.71415953363632	0.573978328852457	0.544865036565984	0.230234652417905	0	0.714792650918635	0.674729962344041	0.782651805764643	0.373309982699733	0.664889685154792	0.267299683800825	0.739407882460396	0.671395207699577	0.743447141036099	0.710711302721276	0.745601491171553	0.284489731014704	0.256923067225037	0.169557293911532	0.542151799657707	0.702640565467081	0.288127798062548	0.62088445206884	0.233077215638385	0.298033158522468	0.251403505814223	0.593882337302266	0.633219208248532	0.752044309569013	0.247027515425119	0.545065134044497	0.6652908578945	0.287570894391567	0.708080552957593	0.672506476916772	0.647423611750738	0.665886058360352	0.731008897952177	0.812088355047354	0.22062518959041	0.675865472213787	0.530619285224003	0.698294285540209	0.627795605969076	0.599315133308015	0.29481733220051	0.259417336682094	0.533977361266616	0.269217584423614	0.746572375869729	0.188205637022653	0.580149288133189	0.755990953620257	0.706355479830051	0.70724303267166	0.706298434554856
ZB_14	0.508092520231301	0.7211507996379	0.397760341556958	0.401654234416547	0.739701401372915	0.692579484986041	0.699860404987684	0.443556886766958	0.387515489015555	0.48844770884598	0.695033497032502	0.645355864492283	0.714792650918635	0	0.334605573404299	0.55323781074376	0.720392527107831	0.324151952481496	0.698275391465175	0.850036588930302	0.457444253391195	0.423575798776343	0.381880887639345	0.412013734272439	0.650800106680891	0.700223830328399	0.713154544158268	0.561486975321439	0.413513091177532	0.711481722707039	0.53295620942778	0.685664570100412	0.668812488357177	0.699761077492789	0.725703168142305	0.519130188945955	0.140333990700367	0.694225480582075	0.600288129970917	0.650842936580166	0.654170334390345	0.620623812931992	0.510968925780218	0.484191297623959	0.331626387245789	0.431821162577192	0.486403267414601	0.677384042433134	0.410659504353786	0.741383178947227	0.514686078079452	0.583635918567174	0.530629158618996	0.64739110777023	0.699559428093687	0.496772693795881	0.699134298817987	0.582373227959474	0.706426316303854	0.523757575757576	0.658562197270655	0.444396937482904	0.616051581943204	0.66869634547386
ZB_15	0.607322636399068	0.575319451526003	0.519316344157664	0.506736119913156	0.611868322573273	0.668061806096543	0.617889429969549	0.518426115905698	0.486959069306237	0.582941722199652	0.577259765927302	0.585068517272935	0.674729962344041	0.334605573404299	0	0.620007453001118	0.648475903287213	0.470044536116577	0.687395956817263	0.689535808017337	0.570528058852042	0.503883064621309	0.49988266494407	0.543252662242924	0.613809067376095	0.633994888877218	0.664936836042972	0.639659467434155	0.514385257982977	0.653133366091701	0.466504649926471	0.670184555517565	0.638768771369567	0.634165356159977	0.590358517089202	0.500109066231479	0.404283556170495	0.683007227449762	0.512269145707474	0.693856930183636	0.615529823550108	0.670509977827051	0.609557213384076	0.588653033661941	0.339308618398132	0.556235783882042	0.610050900651423	0.640479424932076	0.528132837236701	0.628675183236057	0.612119815099139	0.479692860460821	0.503956177723676	0.61069551576608	0.631430709418973	0.473967820435153	0.687922739907949	0.635126397978422	0.695568145253728	0.487902023288025	0.579711615256762	0.510885117127227	0.532879237681902	0.502064889998511
ZB_16	0.639567422662707	0.614236252037848	0.51365065713441	0.681656213599967	0.668853061356332	0.780676498033993	0.72894077358164	0.625303102047109	0.243159633252982	0.53672807046167	0.724530789266571	0.69941137959228	0.782651805764643	0.55323781074376	0.620007453001118	0	0.775838597921337	0.445029508536017	0.793649534488581	0.825053635517415	0.533775929702513	0.526497725646603	0.215526154122777	0.405843695021439	0.732737993046912	0.788895615229898	0.749699189221461	0.51847448370524	0.516368091602185	0.799739912506567	0.381871740304666	0.795947030273052	0.734371392983711	0.788992112950874	0.647950532917244	0.618508899615523	0.494897048672492	0.770638002029752	0.645447667294423	0.309487539649567	0.73396261682243	0.221660596149558	0.541643592867427	0.542773750595156	0.600365512850228	0.558826183787246	0.206155762911879	0.710623746745611	0.524474495386807	0.647458537780201	0.625531588922688	0.671134181830664	0.587125201613929	0.744690436705362	0.787444291815921	0.593265088389806	0.810508793846597	0.200513000848106	0.799125511987686	0.457215937414025	0.563550685689654	0.601436754498282	0.29153499285112	0.597178408463204
ZB_17	0.573160479021829	0.551444490133016	0.650158281901205	0.585271820052057	0.475932762520308	0.294530297581543	0.390406800242866	0.630093408222715	0.697486389705668	0.654787533717559	0.33377343394071	0.461882198931327	0.373309982699733	0.720392527107831	0.648475903287213	0.775838597921337	0	0.646328756612879	0.244122403843176	0.687980964554442	0.742076927099385	0.670708109544963	0.708836938484381	0.713174323527613	0.38239058730862	0.265107432518153	0.405682550761485	0.614313100036827	0.638253017733609	0.215782076166254	0.678786976719201	0.293506698486684	0.332632371351657	0.259882738427357	0.569325221514755	0.568778610307682	0.721978440947045	0.313193764605571	0.572701034756819	0.697184180256153	0.351105668022107	0.706386794375382	0.632329917079997	0.720938719335469	0.691956841034911	0.757362431456835	0.787408075926519	0.46466684304558	0.622569193263485	0.456359824152436	0.628650608776114	0.466428763445512	0.678516553756735	0.411157127064531	0.262216571818208	0.608279715449809	0.276160842699888	0.769615878527146	0.218719001205738	0.650033896930807	0.607465211368998	0.650776628822639	0.733817029900194	0.612218133091312
ZB_18	0.499146983906978	0.667998908950395	0.41964329462492	0.512386954519918	0.742491690905014	0.663709406662343	0.650572729166047	0.460163178432068	0.278070805052313	0.478017357032214	0.63974389355521	0.585115879064664	0.664889685154792	0.324151952481496	0.470044536116577	0.445029508536017	0.646328756612879	0	0.67086136531873	0.857661543446125	0.615512352324461	0.460417096210091	0.269907989371448	0.30415638114956	0.595868344968142	0.672359895198135	0.662132021551194	0.531247851924988	0.372877178476021	0.684976507484775	0.529822112105883	0.656787618873467	0.622034142603911	0.671897142362525	0.729161386166498	0.532145725102017	0.277391273780116	0.665561224198573	0.677917577832007	0.568346941722635	0.599521823532421	0.510567866168209	0.427353865432108	0.570951104356209	0.423288489825938	0.453445028384768	0.556667377361861	0.698872122018962	0.431439893051465	0.690442672726997	0.529314213247488	0.592526512610439	0.606171122488084	0.656137536925166	0.671532268236518	0.545106839731272	0.676845503617034	0.497211180372185	0.679752865040346	0.498543962747338	0.63488891577301	0.4791292180988	0.538113537712742	0.661646314559945
ZB_19	0.461432499504205	0.609069979299563	0.64980355793299	0.56012001074332	0.63556556285569	0.0602433842330864	0.505299742429571	0.547155968110682	0.721522868214977	0.617704977783019	0.482913119588516	0.318406594879106	0.267299683800825	0.698275391465175	0.687395956817263	0.793649534488581	0.244122403843176	0.67086136531873	0	0.82265767741175	0.708531428050748	0.692930765561267	0.731971549399954	0.724909282892656	0.22979380282898	0.0884777420161866	0.221182511564086	0.662461520684311	0.658817710755766	0.036355076357272	0.654958755205849	0.0539742640716745	0.172995513724145	0.0880375542449618	0.664944802791477	0.573192759783244	0.740617609873373	0.088234379773703	0.584043557168784	0.693030460580268	0.322712349567035	0.729716083593737	0.649793910027925	0.688164700459347	0.65504444721034	0.711968226232654	0.804299749690463	0.401390070030581	0.640724879267188	0.610241077591761	0.646375335666697	0.621452021367933	0.647290814658384	0.363175814362705	0.0950499460057446	0.57266212500469	0.037299190538891	0.77636584856005	0.0845858574607948	0.635495714722167	0.684342088179005	0.662183732604884	0.743075216139873	0.758947382090951
ZB_20	0.881408252858404	0.541276407020502	0.79229275191984	0.77910568777585	0.480356217492275	0.812312275801406	0.566320701133332	0.860551369171769	0.8501478460525	0.850162931207426	0.582047206004739	0.84763542475745	0.739407882460396	0.850036588930302	0.689535808017337	0.825053635517415	0.687980964554442	0.857661543446125	0.82265767741175	0	0.823069568520661	0.828399157985375	0.846967922285455	0.849131806572085	0.8619960708434	0.779754067686729	0.812936992805178	0.742055640721638	0.831578455531471	0.79065081381787	0.689805405428955	0.813444779431932	0.843287984205209	0.779850840628332	0.445584584896602	0.734002450815569	0.836509365282052	0.836815312060636	0.727610446790414	0.729717051009827	0.78861820086339	0.847665714545778	0.868855425845319	0.829963923350965	0.769411384382417	0.852942161001879	0.82061804104111	0.741737475978857	0.870893264834941	0.554243799798992	0.775907432996979	0.620955613327401	0.751762300209404	0.777893574269116	0.778299018791204	0.782777867513774	0.816391625055332	0.831803095889296	0.762270586675137	0.656130168479864	0.635531864476188	0.777110352478939	0.736098433677754	0.489641928652374
ZB_21	0.44385329474493	0.626453974063171	0.559251682393304	0.599541222179255	0.717563122217111	0.690207105884122	0.694509311693619	0.58492102918491	0.52983994031232	0.226816294515579	0.617117572121002	0.582406282416671	0.671395207699577	0.457444253391195	0.570528058852042	0.533775929702513	0.742076927099385	0.615512352324461	0.708531428050748	0.823069568520661	0	0.462696447206517	0.517616997668848	0.602536162556937	0.628624985773868	0.701816550746953	0.632576851442182	0.284484808847137	0.562608315265849	0.717134043892365	0.472002161920019	0.69222070411327	0.653225796369065	0.701952853094803	0.705947275191684	0.601581404589252	0.500346142998368	0.667049776186419	0.357342162530206	0.569752190286168	0.622172048835033	0.578206275055495	0.661480666257487	0.0617209352188447	0.591549853396338	0.614112248516856	0.431641020205621	0.571467021929244	0.585113264321683	0.656646988294944	0.509026168382139	0.631229060130488	0.165133689839572	0.613747108885546	0.699766566697438	0.304992937360281	0.697451378796949	0.534626922649588	0.716266207508283	0.494353022368746	0.655840434814696	0.559360972508525	0.598403667555802	0.686041098055296
ZB_22	0.545231742057324	0.684630451815095	0.404328417106496	0.533722945969793	0.599956511153774	0.743707014796677	0.679380995480372	0.363277715608897	0.388761735459141	0.491655265538586	0.537843291708903	0.637434659430988	0.743447141036099	0.423575798776343	0.503883064621309	0.526497725646603	0.670708109544963	0.460417096210091	0.692930765561267	0.828399157985375	0.462696447206517	0	0.394370043383154	0.471442159675911	0.587475013937803	0.749221320373432	0.704949265268049	0.561617834343073	0.184677329025945	0.701993830724656	0.548261884900316	0.675747020915567	0.615198745804763	0.752929365438534	0.698857764237506	0.498097659075421	0.355621215437368	0.663379640147083	0.620788400444107	0.56305411134929	0.589391236556666	0.570973870192248	0.554205828852866	0.487950778913307	0.4796070171304	0.487824102244165	0.480794677977777	0.682877472687277	0.43742922599763	0.722681893788528	0.486149755405868	0.405402952931355	0.532088003508566	0.5831816100013	0.747580914598143	0.499450032246686	0.693622490597318	0.518685935136952	0.701079543972242	0.566072316575571	0.660980819243713	0.17720024153799	0.583024831156738	0.678104876963505
ZB_23	0.532158611690341	0.658754625775977	0.359013088934878	0.557778222741825	0.703314691284782	0.719763864449112	0.639216157167786	0.522010792388526	0.0850267172480354	0.446699535104801	0.651713529800616	0.627516407949835	0.710711302721276	0.381880887639345	0.49988266494407	0.215526154122777	0.708836938484381	0.269907989371448	0.731971549399954	0.846967922285455	0.517616997668848	0.394370043383154	0	0.215930208378031	0.655567299025709	0.73022914228198	0.686604627825447	0.506175892079488	0.385831443709642	0.739882336417971	0.37993238942408	0.731557902205431	0.661392653926844	0.725922028380223	0.686645831024984	0.491228691139319	0.301163358418775	0.704955312345528	0.62631232777945	0.419596583319014	0.657145527369826	0.358779654374211	0.389920837091066	0.526431966528055	0.476295159700857	0.391324473427561	0.366145331628632	0.66178050176545	0.373278428755003	0.683436801589272	0.483356108361359	0.561411805987284	0.568602036026316	0.665176893311222	0.733971437585998	0.488247489357178	0.747788729661436	0.354227721878958	0.739084292087344	0.448836457659987	0.621496577918692	0.475906402130253	0.414942507856351	0.649910470309588
ZB_24	0.562931371980396	0.736763143323207	0.341306743354745	0.575851041208311	0.771404797282955	0.720709726826	0.563026693427651	0.541004004061292	0.226022561311767	0.510978516991274	0.690885789715835	0.667374490711967	0.745601491171553	0.412013734272439	0.543252662242924	0.405843695021439	0.713174323527613	0.30415638114956	0.724909282892656	0.849131806572085	0.602536162556937	0.471442159675911	0.215930208378031	0	0.661642845299287	0.727250843085825	0.717861663447622	0.603498265714769	0.473713681490973	0.737016333938294	0.506153804868886	0.735936505542903	0.661983756391228	0.726796622428261	0.759387986737329	0.447440568522059	0.37438218399944	0.684662054750462	0.683114933860844	0.546382373916703	0.657754478633022	0.503570059487202	0.235695520049857	0.607692399803619	0.500314186206844	0.219689251146205	0.528626262877619	0.718787435203689	0.355966142760663	0.751481785912572	0.346920067791552	0.524920910613486	0.640518429437944	0.650039007948737	0.734032564462299	0.546314266186261	0.728820254390212	0.511316792640804	0.732209438835407	0.561241650940275	0.713199748596508	0.554022378378646	0.552746451766132	0.738274990431568
ZB_25	0.342861784194059	0.675938130213452	0.64088715122079	0.584640864605701	0.696697419793931	0.283358965810219	0.566102898250101	0.442432408642485	0.647997670327263	0.534671689576757	0.544105527895676	0.124293312002075	0.284489731014704	0.650800106680891	0.613809067376095	0.732737993046912	0.38239058730862	0.595868344968142	0.22979380282898	0.8619960708434	0.628624985773868	0.587475013937803	0.655567299025709	0.661642845299287	0	0.303895590476636	0.233711866957454	0.577215025437522	0.575073768374104	0.252526229823713	0.619931086935296	0.192170963089362	0.134728142053091	0.30346176453759	0.710606657200255	0.600737528064743	0.702516335511401	0.180428808035354	0.497227394257941	0.692681502439835	0.187218261453371	0.652745289497403	0.582297124718174	0.603186653545152	0.597998399786638	0.645629580500746	0.765037521977536	0.359818440182734	0.571181750815916	0.6439042639462	0.629720325763254	0.554993459279138	0.552134589249731	0.199954570040573	0.315690951516723	0.4830816068322	0.227533234471126	0.693309854366952	0.250232970702565	0.586709913807603	0.749476428426446	0.639933664317495	0.651081709522579	0.749054289830862
ZB_26	0.454420171777478	0.551081615937227	0.650935237066149	0.55980109396102	0.648153602277376	0.0381836853050192	0.455865525118854	0.612833901751859	0.719369792309971	0.608897633132201	0.494352393264779	0.302703989085781	0.256923067225037	0.700223830328399	0.633994888877218	0.788895615229898	0.265107432518153	0.672359895198135	0.0884777420161866	0.779754067686729	0.701816550746953	0.749221320373432	0.73022914228198	0.727250843085825	0.303895590476636	0	0.203240049219269	0.655117952032081	0.717033699746575	0.0522901911281304	0.647009666190705	0.13468666339083	0.254285714285714	0.00662402821976319	0.613327570667327	0.573090312573525	0.743260953759118	0.172285195747991	0.52569316040788	0.685958470693259	0.395093587851949	0.723489260153668	0.650925433742604	0.680980612784288	0.651520247319995	0.714101318438091	0.799791190979099	0.388366567864104	0.641710309610743	0.555601469479832	0.647451789433324	0.642088108340685	0.639165070988487	0.434308734800692	0.0136934737723649	0.562817079349621	0.124540415465475	0.771213746301426	0.165661552354685	0.627098234554822	0.630762165176202	0.720309636012985	0.737156161511146	0.712523784174103
ZB_27	0.395349605562785	0.585438671688269	0.674938077174369	0.532264053345352	0.68341666409246	0.177961298588308	0.527162681321993	0.587585455024377	0.676843140154139	0.530602365260402	0.548546991727475	0.170947191360087	0.169557293911532	0.713154544158268	0.664936836042972	0.749699189221461	0.405682550761485	0.662132021551194	0.221182511564086	0.812936992805178	0.632576851442182	0.704949265268049	0.686604627825447	0.717861663447622	0.233711866957454	0.203240049219269	0	0.596181993518763	0.693666632851759	0.24416909848473	0.60094008387327	0.239326100745861	0.223979752142292	0.209034546748107	0.626146669877106	0.573028933203592	0.751204857619308	0.220695261648168	0.514647925556885	0.646851908349579	0.348180506259994	0.671442461491628	0.641905778026533	0.607409212900286	0.650939852257084	0.702642222098952	0.781056980565229	0.280974339393583	0.645728025119447	0.582317633510533	0.669474781275819	0.678992907984099	0.556900402438475	0.356623796263803	0.197762397141381	0.487374449247218	0.219874081019269	0.711367393267363	0.292272512110151	0.53660820082213	0.707538290820072	0.715659282011996	0.670068049827847	0.72189091100232
ZB_28	0.406559295903763	0.615371919865353	0.619818515282875	0.656307632332582	0.633814335969885	0.642464872432738	0.588366270856935	0.579420953967923	0.516669936991737	0.241486355316121	0.519022815325011	0.528535631059982	0.542151799657707	0.561486975321439	0.639659467434155	0.51847448370524	0.614313100036827	0.531247851924988	0.662461520684311	0.742055640721638	0.284484808847137	0.561617834343073	0.506175892079488	0.603498265714769	0.577215025437522	0.655117952032081	0.596181993518763	0	0.55977677224736	0.671896537624429	0.468370098216183	0.644655561163677	0.603458637984097	0.655266832922869	0.619232779590825	0.66726353160644	0.597913145391056	0.632754038160984	0.435452899846493	0.551320934121331	0.468209766470293	0.541502344771366	0.656093762364129	0.237417504013318	0.65674040584861	0.688255287727752	0.542482854615842	0.443269249042829	0.639381598467499	0.504708129966503	0.60324184281399	0.572806468197973	0.303233473295834	0.510096171386952	0.65287970012592	0.371274235363352	0.662301022362089	0.532915031582482	0.596432130651431	0.440630464955604	0.660493658205466	0.632879842939967	0.586198035999537	0.574368747766624
ZB_29	0.550810030122423	0.620532946541178	0.48919688767204	0.550556060952952	0.606624036667404	0.706372238773714	0.668831291221019	0.281668942769789	0.380394237350567	0.490519043323285	0.596476468771955	0.618994136852557	0.702640565467081	0.413513091177532	0.514385257982977	0.516368091602185	0.638253017733609	0.372877178476021	0.658817710755766	0.831578455531471	0.562608315265849	0.184677329025945	0.385831443709642	0.473713681490973	0.575073768374104	0.717033699746575	0.693666632851759	0.55977677224736	0	0.669068123284422	0.540090290012956	0.639352000387775	0.603630925653924	0.717159025492766	0.719730193744226	0.585174381860786	0.38620641095601	0.65296831280559	0.66440009465962	0.577980740364409	0.593175273513606	0.568589227652782	0.538385454027009	0.58160964745803	0.50095889626746	0.570179674501329	0.593936664259055	0.665383745553979	0.540548493925632	0.667734903613459	0.561424830896793	0.495860293606067	0.615161514889572	0.57028983868323	0.715149233216277	0.49829319153588	0.658539462022935	0.537562686019489	0.668034563200857	0.531280989197111	0.667389353292197	0.198931940144628	0.573558752757168	0.684150801954016
ZB_30	0.477328173197464	0.574555644040801	0.66435675395385	0.577906374066712	0.602989743610297	0.0884772442305737	0.477430661293903	0.565372106451548	0.733740212600467	0.628988311668045	0.450424114158585	0.338523639352278	0.288127798062548	0.711481722707039	0.653133366091701	0.799739912506567	0.215782076166254	0.684976507484775	0.036355076357272	0.79065081381787	0.717134043892365	0.701993830724656	0.739882336417971	0.737016333938294	0.252526229823713	0.0522901911281304	0.24416909848473	0.671896537624429	0.669068123284422	0	0.665142553955151	0.0823964722626995	0.203078039927405	0.0518485885662001	0.632458327154383	0.590241120041483	0.752420241037112	0.121077521389681	0.550057999511036	0.702090583272213	0.34658841974353	0.737693440073241	0.664347420274825	0.697368434741447	0.669683940957836	0.724496759139227	0.810075789495586	0.418122665500094	0.655573761991185	0.577588245431919	0.661040186673581	0.593582940232265	0.657700930593052	0.385803566692273	0.0651023990761335	0.585274886471809	0.0724177498065602	0.7829663498801	0.116336196002785	0.646253959832088	0.650069682130875	0.672333017045647	0.750658281445878	0.726746772583897
ZB_31	0.585368426952585	0.513869155127433	0.426199602400358	0.557097195283516	0.572689090076673	0.633266375515999	0.579042629699062	0.564605286216066	0.395685684720307	0.482219485483685	0.601747753868839	0.574772534533067	0.62088445206884	0.53295620942778	0.466504649926471	0.381871740304666	0.678786976719201	0.529822112105883	0.654958755205849	0.689805405428955	0.472002161920019	0.548261884900316	0.37993238942408	0.506153804868886	0.619931086935296	0.647009666190705	0.60094008387327	0.468370098216183	0.540090290012956	0.665142553955151	0	0.651159901831648	0.570269433811013	0.647171021260503	0.548669048178793	0.414392831978462	0.573112010595764	0.622942136080158	0.481842940569192	0.341913691990259	0.621599531340336	0.474396203163863	0.596345296276184	0.481696808036029	0.525953208580228	0.613786366815038	0.493582890693652	0.565258062387195	0.582794688700668	0.525391523600097	0.598907083724171	0.576943944469802	0.392167313950813	0.628088957752735	0.644582889802697	0.418809187442096	0.669474767426903	0.479245038966078	0.664115207012601	0.162075487647668	0.5683590825272	0.501275123870828	0.364380332840684	0.577724422361098
ZB_32	0.431293998589555	0.630695296059841	0.658251596120966	0.586143408802075	0.670360371006694	0.107948116023631	0.508484776642016	0.526480793359992	0.724980537629851	0.604638784895817	0.515457948936931	0.285459876355117	0.233077215638385	0.685664570100412	0.670184555517565	0.795947030273052	0.293506698486684	0.656787618873467	0.0539742640716745	0.813444779431932	0.69222070411327	0.675747020915567	0.731557902205431	0.735936505542903	0.192170963089362	0.13468666339083	0.239326100745861	0.644655561163677	0.639352000387775	0.0823964722626995	0.651159901831648	0	0.215907535040369	0.1342450608289	0.700065551384104	0.622233833028012	0.730266343268734	0.0830876313220592	0.577362341778994	0.690905102807064	0.306829220444312	0.729203294212969	0.658241616899922	0.670714244477926	0.640126645022467	0.722551043715641	0.807065390731753	0.369811969058821	0.648861149118391	0.630706037830198	0.654705646243267	0.628281778272204	0.627553036022952	0.334974174828329	0.147234892428454	0.548748088371298	0.0698672937643526	0.763851171993946	0.0795306305425836	0.615097876521521	0.72170549341638	0.642910066221803	0.728697579490361	0.78262076425776
ZB_33	0.385838512383433	0.607914098230264	0.5737073277676	0.519298533453153	0.617056252980388	0.232145747685843	0.509058746021424	0.490679980681298	0.649029546140635	0.565118062493285	0.480559675442293	0.208294740663475	0.298033158522468	0.668812488357177	0.638768771369567	0.734371392983711	0.332632371351657	0.622034142603911	0.172995513724145	0.843287984205209	0.653225796369065	0.615198745804763	0.661392653926844	0.661983756391228	0.134728142053091	0.254285714285714	0.223979752142292	0.603458637984097	0.603630925653924	0.203078039927405	0.570269433811013	0.215907535040369	0	0.253853253824216	0.641152020070318	0.483661893038129	0.717299140212715	0.178777850002365	0.52267877347006	0.657726999990164	0.230733674465914	0.658723937523624	0.57369598798487	0.629472562946256	0.619308144412258	0.646773327823039	0.764918128296716	0.370528864474052	0.563036592218893	0.571575518213489	0.603087683720381	0.548237074630602	0.581802315186992	0.243562672713101	0.260742546020223	0.503487211486232	0.184650250267659	0.728055397005601	0.246709556047271	0.576400515572194	0.683625278257555	0.607541406961494	0.689098105136391	0.739104863847556
ZB_34	0.453964444531874	0.551290700167983	0.650481016408585	0.55933834112541	0.648301023063645	0.0386316523106616	0.455436415649633	0.617054584339238	0.719497645554961	0.609076409556538	0.494560712447378	0.303022729390357	0.251403505814223	0.699761077492789	0.634165356159977	0.788992112950874	0.259882738427357	0.671897142362525	0.0880375542449618	0.779850840628332	0.701952853094803	0.752929365438534	0.725922028380223	0.726796622428261	0.30346176453759	0.00662402821976319	0.209034546748107	0.655266832922869	0.717159025492766	0.0518485885662001	0.647171021260503	0.1342450608289	0.253853253824216	0	0.613497469053329	0.572636091915962	0.742798200923508	0.171852735286492	0.525909970348203	0.686102021912733	0.394683950670646	0.7236156557103	0.650471213085041	0.681126439427572	0.655820642771457	0.713647097780528	0.799882708233992	0.388630601700451	0.641256088953179	0.555796731896672	0.646997568775761	0.641678471159381	0.639330011893604	0.433899097619389	0.0202468237067057	0.563016919611293	0.12410022769425	0.771318326564393	0.165244988497044	0.627268691319861	0.630934138103578	0.72043351084733	0.737276309803728	0.712650097149577
