ZB_1	ZB_2	ZB_3	ZB_4	ZB_5	ZB_6	ZB_7	ZB_9	ZB_10	ZB_11	ZB_12	ZB_13	ZB_14	ZB_15	ZB_16	ZB_17	ZB_18	ZB_19	ZB_20	ZB_21	ZB_22	ZB_23	ZB_24	ZB_25	ZB_26	ZB_27	ZB_28	ZB_29	ZB_30	ZB_31	ZB_32	ZB_33	ZB_34	ZB_35	ZB_36	ZB_37	ZB_38	ZB_39	ZB_40	ZB_41	ZB_42	ZB_43	ZB_44	ZB_45	ZB_46	ZB_47	ZB_48	ZB_49	ZB_50	ZB_51	ZB_52	ZB_53	ZB_54	ZB_55	ZB_56	ZB_57	ZB_58	ZB_59	ZB_60	ZB_61	ZB_62	ZB_63	ZB_64
ZB_1	0	0.783088634590891	0.881812894855876	0.781749792485016	0.777631839181301	0.903009049293318	0.898963587457666	0.798871659715931	0.881812894855876	0.831085147506452	0.851826265031258	0.878122406935821	0.772020725388601	0.443838266589282	0.415448646770453	0.750423179295085	0.788103031165504	0.894922091038065	0.695808272781771	0.72934027930552	0.594005845184666	0.493783453449657	0.759060805326495	0.922874315982731	0.882802606169309	0.924049217716845	0.532196073452523	0.850939930592242	0.883092912247638	0.517144353414225	0.90049050345144	0.846773226647147	0.926934423206933	0.796886935504099	0.794657257110033	0.613308442731543	0.922119227222209	0.805659653895127	0.479765216631944	0.914030552291422	0.525714995061555	0.898643579381724	0.881812894855876	0.550923502579825	0.909201879844567	0.457434153051172	0.82555623950421	0.504700483690934	0.769801026855486	0.741689305640756	1	0.341609121279702	0.768787058520237	0.908974431496776	0.57945864794454	0.918299115196289	0.503168676902551	0.827183848200856	0.571263635040234	0.762449030577192	0.738679899597067	0.877480057271426	0.911195685463088
ZB_2	0.783088634590891	0	0.6690211856792	0.449031502912551	0.241541723492728	0.521489927079471	0.583784269483437	0.429696391845211	0.6690211856792	0.313363105950103	0.48544711267778	0.297977148951422	0.538994329186718	0.84190519445898	0.725563271661882	0.372602428782204	0.380283940017172	0.508150590603316	0.261653222223319	0.606755180138137	0.689203799330575	0.873704598550348	0.457832663579546	0.5866968589438	0.474080581853785	0.564336913973398	0.630996265070501	0.60283612501832	0.281026599314248	0.813532078033586	0.441006005612232	0.465611863349228	0.54888809435528	0.268970436975348	0.428260424020222	0.655752680657335	0.514760668820736	0.546072497233191	0.656843923744176	0.613981153816375	0.569642984534168	0.709594337946959	0.6690211856792	0.843563427247858	0.962860166530221	0.816235198977656	0.4392659799137	0.663143423725927	0.35632684250495	0.39388057828978	0.993038777180967	0.768352768515006	0.455741252912539	0.468229690838145	0.565307332151025	0.624799159560005	0.592437226871195	0.444817270463246	0.57711201610755	0.211907959044638	0.849221760747589	0.664286748935812	0.579678057928735
ZB_3	0.881812894855876	0.6690211856792	0	0.661009751290231	0.659747310945069	0.648266374253269	0.204790232435415	0.419644537421605	0	0.574488430523779	0.660457187388382	0.64932963109877	0.508461111790089	0.865934041149572	0.894908751784523	0.598942659863719	0.465918610645702	0.655274609349245	0.563218466524812	0.53416815901781	0.900604474617082	0.850861512021025	0.585303658817091	0.609454306426493	0.678849041943202	0.616288712755027	0.912204001905318	0.521309419175273	0.665120296175827	0.870451189678375	0.69311295089232	0.652814991151794	0.632939252041196	0.597862642644646	0.670739041585455	0.903639701561493	0.651837054054504	0.442412570799046	0.908619589697077	0.556980473400357	0.917906737468667	0.461123421798506	0	0.861362642488557	0.978593441601163	0.869682221272211	0.681892298051241	0.907701206091402	0.549160068132907	0.626927015137839	1	0.882080758587171	0.625935438636656	0.674673643864256	0.922301448290285	0.582537217500309	0.91932096189148	0.693481772001255	0.921032092647884	0.590407442756934	0.934507675916777	0.474815302171173	0.334210301700549
ZB_4	0.781749792485016	0.449031502912551	0.661009751290231	0	0.429177839449455	0.557650022303272	0.627132484995472	0.561392796872482	0.661009751290231	0.463510336272714	0.475321876734543	0.465305466163013	0.444647305679557	0.77519997472895	0.752337855382242	0.361076244729812	0.397998418368738	0.56455570651472	0.407501227027322	0.451112922766116	0.601809246351557	0.819566031344162	0.378087158897672	0.525015100085922	0.500969952228556	0.495557619113129	0.637831130925258	0.430811479152294	0.486636447841203	0.73359958635691	0.458001435048459	0.450654202991842	0.552847411701013	0.263635509949718	0.402996281965431	0.565900295145019	0.511198140421853	0.319925309266319	0.653175675043433	0.455873519685886	0.626378862602149	0.408016117816963	0.661009751290231	0.776504359298946	0.946939576015833	0.737461443828338	0.41885876603942	0.648375871896207	0.367009711552399	0.338358600037432	0.990054736391677	0.734294143578962	0.450970571277147	0.454411515162942	0.592841380813911	0.477397965362723	0.629922023281368	0.489754843962699	0.634039282318911	0.487182568894631	0.85339245045633	0.523599157663432	0.527619076856954
ZB_5	0.777631839181301	0.241541723492728	0.659747310945069	0.429177839449455	0	0.455000715074473	0.572122095410132	0.441513163036107	0.659747310945069	0.355578845193464	0.400140954428716	0.300508157971618	0.621771740069292	0.829720998531571	0.754537104799139	0.334626419177126	0.445342235434587	0.425253960360872	0.390798675180051	0.546914198455116	0.751793899541626	0.87016585926595	0.520942011001694	0.446508826962898	0.421959916333555	0.44802617411562	0.645633880264334	0.580182133670745	0.244653257642273	0.828034156976744	0.424199460698758	0.390238690202992	0.468961189647415	0.313579384574997	0.371535835522909	0.744682774568674	0.478784564409171	0.417992885935479	0.712075519302313	0.542819878350541	0.660217452564343	0.574028553247393	0.659747310945069	0.86831381750596	0.971379178848354	0.840661045362424	0.389906320618093	0.705630962481883	0.404453984437886	0.542930290196506	0.996677036018373	0.78355799021375	0.451195830173276	0.450495959062112	0.642487729734981	0.572685601839115	0.675900238775482	0.363478030050783	0.627956867570995	0.214829734530988	0.873203933073665	0.58184006756996	0.488948702684949
ZB_6	0.903009049293318	0.521489927079471	0.648266374253269	0.557650022303272	0.455000715074473	0	0.533397691189925	0.58671641197749	0.648266374253269	0.362915930413119	0.145135469228119	0.2879571598572	0.552811109269201	0.924278516971013	0.896741704470884	0.477345469220753	0.633820625719324	0.0518098754301987	0.743387427227699	0.516869534200855	0.929418319948138	0.919694544079005	0.598710556959868	0.120122770989998	0.0951406391773364	0.160292495666996	0.919925666012988	0.505745631856969	0.337731134432784	0.925740966301259	0.195726514275439	0.189119620739158	0.0461043084910811	0.622419387851316	0.428325130080157	0.937984475905311	0.080577421309866	0.513253994083274	0.917737021942283	0.266800550546007	0.912555300780674	0.38344493591672	0.648266374253269	0.922841529345336	0.989001878682645	0.925488942580388	0.201127404255856	0.905221449372525	0.571616910692781	0.601999238691622	1	0.903143328001551	0.40986745078641	0.144502265577079	0.92641216735639	0.21748335151948	0.913614989855591	0.164789038643948	0.925569484699282	0.536171746369496	0.935211831697399	0.398639139115477	0.479355423036095
ZB_7	0.898963587457666	0.583784269483437	0.204790232435415	0.627132484995472	0.572122095410132	0.533397691189925	0	0.495105486195986	0.204790232435415	0.464906510417502	0.549569763288632	0.559021552294063	0.509967270383937	0.887580790816206	0.908690826840143	0.495658433164671	0.328376723804614	0.542694666051296	0.607381834977557	0.4975779863573	0.913021370616682	0.877171594026212	0.449872698863411	0.481910431707071	0.57396800437337	0.490976809041538	0.922035209905204	0.484724938590053	0.578878784588149	0.890774368703689	0.592890201061804	0.539431789130485	0.513065058515456	0.494300279299961	0.637282365238166	0.915354519919829	0.538134478682848	0.413945994260714	0.919221465748026	0.412299766562022	0.926565241024881	0.425231765201384	0.204790232435415	0.884384041234106	0.982687837799994	0.890228250632491	0.578005122869781	0.918504656240253	0.433055339287596	0.619065666968773	1	0.899159414389197	0.50377394937542	0.568429010540463	0.930101773839831	0.446202796951538	0.927698936632802	0.593379471260527	0.929076173686864	0.484925143088361	0.944895750600322	0.303301206876635	0.162749597079896
ZB_9	0.798871659715931	0.429696391845211	0.419644537421605	0.561392796872482	0.441513163036107	0.58671641197749	0.495105486195986	0	0.419644537421605	0.313200712032728	0.487035962445506	0.570850717471147	0.44481664515012	0.783642662909937	0.745824102911798	0.541492439201897	0.371189138960631	0.593689111707859	0.455855594410668	0.520539932665091	0.768177278016331	0.778547076252456	0.584804720110811	0.548871994024466	0.60178663505547	0.555442889517375	0.747681265394089	0.648990860010449	0.588151243025222	0.802942906663192	0.627422386004246	0.460352098410769	0.571616928600859	0.494243944543346	0.419696105377794	0.745341423493881	0.590263566066045	0.391667097797782	0.76831988794065	0.671215778914971	0.780982788249905	0.639336402986876	0.419644537421605	0.761428942118316	0.987135841518229	0.71884859381891	0.464064087307346	0.755452119324798	0.473387645651558	0.503647931075268	1	0.72091912291597	0.621725535012333	0.600451067732567	0.773272853548817	0.698102040580647	0.784245208839442	0.541178466958644	0.794335000071636	0.312533421336487	0.944090525323187	0.645521603829231	0.543921173410326
ZB_10	0.881812894855876	0.6690211856792	0	0.661009751290231	0.659747310945069	0.648266374253269	0.204790232435415	0.419644537421605	0	0.574488430523779	0.660457187388382	0.64932963109877	0.508461111790089	0.865934041149572	0.894908751784523	0.598942659863719	0.465918610645702	0.655274609349245	0.563218466524812	0.53416815901781	0.900604474617082	0.850861512021025	0.585303658817091	0.609454306426493	0.678849041943202	0.616288712755027	0.912204001905318	0.521309419175273	0.665120296175827	0.870451189678375	0.69311295089232	0.652814991151794	0.632939252041196	0.597862642644646	0.670739041585455	0.903639701561493	0.651837054054504	0.442412570799046	0.908619589697077	0.556980473400357	0.917906737468667	0.461123421798506	0	0.861362642488557	0.978593441601163	0.869682221272211	0.681892298051241	0.907701206091402	0.549160068132907	0.626927015137839	1	0.882080758587171	0.625935438636656	0.674673643864256	0.922301448290285	0.582537217500309	0.91932096189148	0.693481772001255	0.921032092647884	0.590407442756934	0.934507675916777	0.474815302171173	0.334210301700549
ZB_11	0.831085147506452	0.313363105950103	0.574488430523779	0.463510336272714	0.355578845193464	0.362915930413119	0.464906510417502	0.313200712032728	0.574488430523779	0	0.253342309145881	0.392591073588252	0.407323858695478	0.853545999837153	0.804700841604983	0.408101757760219	0.371002982035057	0.373585752644223	0.5526900185843	0.512898863776057	0.812377416078712	0.837632645464785	0.534949985507009	0.389848228652865	0.40378715030957	0.374487388964723	0.821924793178754	0.607142262641283	0.416822906645308	0.833574359268529	0.406157938538045	0.219596847114269	0.339819463061769	0.439526645645996	0.428243506451065	0.779172991747297	0.368343550739621	0.32716821784017	0.801565444267285	0.446821992736837	0.806529088860075	0.545787779979967	0.574488430523779	0.823763241167579	0.985773702471586	0.787498072341483	0.212291872859608	0.815535803866586	0.367803889658294	0.478965824184717	0.995241884201074	0.790323738425095	0.401295655975518	0.397186605912896	0.809786015700291	0.469724796928499	0.804619380446561	0.32243244114109	0.839309077172551	0.328695130676318	0.962773386860703	0.502422997691792	0.415552591581625
ZB_12	0.851826265031258	0.48544711267778	0.660457187388382	0.475321876734543	0.400140954428716	0.145135469228119	0.549569763288632	0.487035962445506	0.660457187388382	0.253342309145881	0	0.374995370061708	0.438388760986102	0.851057586098884	0.854075644186818	0.435420553084193	0.543557801802696	0.162236947498726	0.709399100719027	0.456338302009073	0.859335038363171	0.819242461589023	0.534471128685236	0.177681066921029	0.21974271947915	0.191207411546395	0.870695713281799	0.575703526946452	0.40135381879074	0.854033845070104	0.254521731703222	0.0849384887590068	0.107724523033969	0.552677619756392	0.37906987997074	0.862221072551769	0.153848982552795	0.418946236953163	0.867087643353594	0.294161244873915	0.876626891436541	0.406954521260444	0.660457187388382	0.826717669660867	0.989404295870726	0.832980149063567	0.0690157473768229	0.866177571255154	0.514600060547881	0.542304868963099	1	0.842926411334132	0.3713923228262	0.209559856845734	0.881365469380099	0.269196582374423	0.878135423816577	0.138245506087109	0.879981309342245	0.479978849567549	0.96388190381091	0.448138819497492	0.496791864985363
ZB_13	0.878122406935821	0.297977148951422	0.64932963109877	0.465305466163013	0.300508157971618	0.2879571598572	0.559021552294063	0.570850717471147	0.64932963109877	0.392591073588252	0.374995370061708	0	0.663334805716647	0.891454495367762	0.884474957794035	0.356662926141633	0.512150979963709	0.304595434661907	0.510074917171505	0.631606898752566	0.807812771065131	0.941287443854282	0.537644773582615	0.366087531402882	0.213090043633479	0.353476133809335	0.781350540351511	0.524850425243756	0.06563968015992	0.876107183008758	0.215138104132919	0.405312165633011	0.320785402618009	0.404402019564531	0.421001600991338	0.821871775438084	0.279894221869628	0.540079777967913	0.8197135316827	0.449953722067962	0.793881747739155	0.560986381065715	0.64932963109877	0.926011738135785	0.960650535501785	0.929174152749269	0.390982095028609	0.796207664629619	0.459509127947077	0.544394082482273	0.992624619859844	0.890495833696525	0.499095396893123	0.224141213804046	0.756057693762959	0.411741372471242	0.783183864725337	0.338603229233261	0.753435374744314	0.399361022364217	0.840251223059633	0.569227643123606	0.473301599894222
ZB_14	0.772020725388601	0.538994329186718	0.508461111790089	0.444647305679557	0.621771740069292	0.552811109269201	0.509967270383937	0.44481664515012	0.508461111790089	0.407323858695478	0.438388760986102	0.663334805716647	0	0.762710042460459	0.716609319909944	0.573956981451606	0.433582953476594	0.561264574888655	0.560884749708964	0.383662841488342	0.74129438694188	0.726043713894348	0.468607774169261	0.591247054137485	0.583663723987243	0.597616643630387	0.755101601128941	0.546291631465133	0.67701182683742	0.760919199831865	0.601380609605219	0.406396619655561	0.534384439207355	0.52326672847781	0.52292306446489	0.731932505571474	0.557115930452463	0.377947375290803	0.745389520211447	0.444286421709419	0.7767250236786	0.468885609758227	0.508461111790089	0.706816245236365	0.976512940959277	0.700900176012069	0.431258100067548	0.759001935099732	0.505102853164581	0.267797537402777	0.99199466669534	0.683520163949202	0.385081854328173	0.578490576135725	0.78257875710105	0.474375644028103	0.774450114259824	0.49722124112865	0.792837769031981	0.56142326442037	0.942383617323317	0.518772794644195	0.569174056141371
ZB_15	0.443838266589282	0.84190519445898	0.865934041149572	0.77519997472895	0.829720998531571	0.924278516971013	0.887580790816206	0.783642662909937	0.865934041149572	0.853545999837153	0.851057586098884	0.891454495367762	0.762710042460459	0	0.646503908809014	0.843904770179859	0.759715778965295	0.925708483049524	0.774293638298013	0.794479351025738	0.505080491214358	0.389171354392038	0.715472098954012	0.916413849350175	0.868610138482411	0.917792068595927	0.576991456368216	0.855793832108563	0.896054357745836	0.388188692833993	0.898022540894756	0.834317023410687	0.921161701901907	0.792195976988837	0.807556795854619	0.550218401943848	0.925006702307171	0.811607527319702	0.624181145863965	0.878849186881444	0.701763064170121	0.887184475232492	0.865934041149572	0.474915143906635	0.88250820660548	0.375087161783702	0.848542780957133	0.551325982320236	0.825454557231784	0.7643279224031	1	0.516996359892635	0.835635127956981	0.891042297368518	0.652492304259409	0.911013222453845	0.679459961692784	0.854194563370302	0.643601639378368	0.788343510908074	0.815291598901048	0.88982897705948	0.896421651482046
ZB_16	0.415448646770453	0.725563271661882	0.894908751784523	0.752337855382242	0.754537104799139	0.896741704470884	0.908690826840143	0.745824102911798	0.894908751784523	0.804700841604983	0.854075644186818	0.884474957794035	0.716609319909944	0.646503908809014	0	0.713324124939337	0.777081863386023	0.879497275243231	0.639496669995056	0.676532350559978	0.589317227010349	0.569075641702577	0.797840961887733	0.928674492064111	0.904459069537831	0.929680476032745	0.44030879668652	0.812821541238266	0.867067699701873	0.661730493292284	0.91786212067083	0.839395236057624	0.932160689320665	0.785510592069527	0.756578062939199	0.621550421075362	0.908570020331465	0.765209683866595	0.351289018652894	0.921175554045318	0.350559995575344	0.908429549638371	0.894908751784523	0.547760736691019	0.976077888105502	0.509541270088937	0.823029501182299	0.453240210803995	0.700458806849579	0.648252157378967	1	0.292207211964159	0.764407812772114	0.913667314532016	0.487762086501764	0.924778943039276	0.368298167654749	0.796218681235723	0.477343796094165	0.761171062644438	0.806030575865611	0.889305541652871	0.918798836129173
ZB_17	0.750423179295085	0.372602428782204	0.598942659863719	0.361076244729812	0.334626419177126	0.477345469220753	0.495658433164671	0.541492439201897	0.598942659863719	0.408101757760219	0.435420553084193	0.356662926141633	0.573956981451606	0.843904770179859	0.713324124939337	0	0.358225758881982	0.462004705786798	0.38423618966097	0.438756649802727	0.771980480736447	0.846963927643577	0.469710720206554	0.486527867704032	0.459878351642694	0.470789062250726	0.73644319505076	0.487582579618944	0.371116780172433	0.834946238104408	0.467496426869938	0.466123869525455	0.508854442958199	0.324850975318976	0.472639107113832	0.771613806410344	0.469606556628078	0.339636418866029	0.711375484560888	0.469474216610027	0.667088864912198	0.497905583397098	0.598942659863719	0.810440931402942	0.972082811472703	0.803259859209132	0.414211973927132	0.717559886045983	0.250452948012489	0.458023162918168	1	0.77364665268816	0.408703377205571	0.453348799052229	0.699306317073471	0.433152217022289	0.671436251070649	0.409401445425906	0.696614846221145	0.425132724621079	0.880718767173475	0.50838251252397	0.441931044217807
ZB_18	0.788103031165504	0.380283940017172	0.465918610645702	0.397998418368738	0.445342235434587	0.633820625719324	0.328376723804614	0.371189138960631	0.465918610645702	0.371002982035057	0.543557801802696	0.512150979963709	0.433582953476594	0.759715778965295	0.777081863386023	0.358225758881982	0	0.639571078176641	0.374156714175451	0.485110977886174	0.652694610778443	0.796204407784508	0.302293154318037	0.596864810778794	0.58982394047819	0.567771806579686	0.695805585135973	0.52065756196257	0.531972100887057	0.746576325909714	0.575142614764882	0.534834908244894	0.621414574770615	0.247048548458998	0.484416916522014	0.645851229817149	0.612798273312283	0.359325111547626	0.693154098189119	0.547482618993048	0.730020658588705	0.585254998377982	0.465918610645702	0.764687421790894	0.944787047209681	0.757351749056181	0.519386472622136	0.672697005555667	0.270926507387514	0.365806596951285	0.988767076942905	0.730825473014456	0.477318149136597	0.571016656729963	0.690418795529242	0.553475894747516	0.715811517085738	0.563208124217816	0.712381776307329	0.353422891042598	0.884220989283068	0.505706578867664	0.398242379767679
ZB_19	0.894922091038065	0.508150590603316	0.655274609349245	0.56455570651472	0.425253960360872	0.0518098754301987	0.542694666051296	0.593689111707859	0.655274609349245	0.373585752644223	0.162236947498726	0.304595434661907	0.561264574888655	0.925708483049524	0.879497275243231	0.462004705786798	0.639571078176641	0	0.730129377854407	0.499093240345396	0.93054288742085	0.921301046583214	0.605482863955949	0.139335674441458	0.13901368599208	0.17808171162582	0.893092188528325	0.465046834934049	0.304757046423945	0.927116732161577	0.210520069021976	0.205158161361896	0.0670461273578566	0.627595702163662	0.412701133598233	0.938946919742815	0.099859470150419	0.521729360348707	0.903055295605763	0.28254805317565	0.897951787142433	0.39698078117565	0.655274609349245	0.924325752223092	0.989233416465802	0.92687397547601	0.216081615966402	0.889393161676898	0.540683638898428	0.586963974822553	1	0.895066230830879	0.406288760217572	0.161220649383403	0.901837282541748	0.234260983699604	0.899188447308748	0.120757934809686	0.900702033216093	0.505689840105765	0.926291953714187	0.411572965336617	0.489374098589262
ZB_20	0.695808272781771	0.261653222223319	0.563218466524812	0.407501227027322	0.390798675180051	0.743387427227699	0.607381834977557	0.455855594410668	0.563218466524812	0.5526900185843	0.709399100719027	0.510074917171505	0.560884749708964	0.774293638298013	0.639496669995056	0.38423618966097	0.374156714175451	0.730129377854407	0	0.564743668860524	0.578477936166868	0.83333223539022	0.445352132592518	0.757445329259424	0.681284740959125	0.735739379358229	0.503681421276076	0.566332053503281	0.490441984062421	0.760855039044075	0.653103773832315	0.694871377106754	0.770618635851134	0.252048496021681	0.523229063965821	0.553796970808658	0.736699175649412	0.516830940001424	0.53782174272152	0.723955852092037	0.434677937949777	0.713542551268073	0.563218466524812	0.793555952279001	0.9509878194191	0.75749181483409	0.66850212741579	0.546142301153437	0.346517398484635	0.397492965542691	0.990813509970422	0.701565038519994	0.554791292960482	0.695311338980532	0.419593462323785	0.732069214026952	0.455270441283677	0.664359426944026	0.435117129683688	0.343567402009321	0.807691551805461	0.699983019560371	0.601134631008425
ZB_21	0.72934027930552	0.606755180138137	0.53416815901781	0.451112922766116	0.546914198455116	0.516869534200855	0.4975779863573	0.520539932665091	0.53416815901781	0.512898863776057	0.456338302009073	0.631606898752566	0.383662841488342	0.794479351025738	0.676532350559978	0.438756649802727	0.485110977886174	0.499093240345396	0.564743668860524	0	0.807936681620892	0.758569224661678	0.471461801264811	0.509625898690577	0.556827310996789	0.517488912873171	0.727706746366986	0.3857019458273	0.619458756580281	0.80010355036132	0.597655529144759	0.482416396282268	0.536743936806562	0.574096605921008	0.360254671336316	0.794845085855164	0.547285005469968	0.378651433691756	0.717036949601437	0.508483889644897	0.744751859184454	0.418433155593566	0.53416815901781	0.739635875460263	0.985155837295298	0.732958943827499	0.448793517163478	0.735699662702845	0.364716392437132	0.398524498886414	1	0.692058295538302	0.408102489383251	0.575050763045666	0.757946086830306	0.478884031025768	0.7489921861707	0.431467612301877	0.767525183186478	0.520765619357169	0.901430257822792	0.396945799056085	0.491941509232576
ZB_22	0.594005845184666	0.689203799330575	0.900604474617082	0.601809246351557	0.751793899541626	0.929418319948138	0.913021370616682	0.768177278016331	0.900604474617082	0.812377416078712	0.859335038363171	0.807812771065131	0.74129438694188	0.505080491214358	0.589317227010349	0.771980480736447	0.652694610778443	0.93054288742085	0.578477936166868	0.807936681620892	0	0.61192450167578	0.570532258064516	0.926730175301231	0.861722642026337	0.900996775139255	0.434961112092453	0.795563681963754	0.791281264639153	0.427028768205419	0.780891719745223	0.856610584415217	0.934580622085265	0.604591921832402	0.711335808758094	0.226279012884332	0.892036153031324	0.802544456441143	0.282017511768006	0.912557804722071	0.413718223848871	0.912784321205474	0.900604474617082	0.55737962160385	0.885878193378174	0.588582023466903	0.838725667149777	0.446387925805141	0.68484773382075	0.623167598609642	0.978609830734659	0.528449173886098	0.767510383755192	0.842535083550472	0.338764725869352	0.905823213466142	0.388643484906381	0.848656422717372	0.351934333786227	0.751455734135385	0.76971686129363	0.904227748072596	0.882967833779616
ZB_23	0.493783453449657	0.873704598550348	0.850861512021025	0.819566031344162	0.87016585926595	0.919694544079005	0.877171594026212	0.778547076252456	0.850861512021025	0.837632645464785	0.819242461589023	0.941287443854282	0.726043713894348	0.389171354392038	0.569075641702577	0.846963927643577	0.796204407784508	0.921301046583214	0.83333223539022	0.758569224661678	0.61192450167578	0	0.803214128573856	0.910792873034513	0.926703103951072	0.912360950366007	0.687638895747938	0.890546599519412	0.94376354055307	0.436308275930917	0.929970223281212	0.837850255939005	0.916180182466828	0.846551813023687	0.825246071490243	0.633125969751019	0.920513086239808	0.800130628138299	0.665717551149839	0.898745012200679	0.720140482840629	0.876698334335912	0.850861512021025	0.192673431616568	0.950456009873535	0.312733446519525	0.831717578196451	0.659900524264014	0.827967810261414	0.799408532669452	1	0.454794254867524	0.830305634926166	0.925746532006721	0.743390791482197	0.904614619312962	0.727784293261316	0.858191384495608	0.736825680820521	0.843707046464721	0.880336880326794	0.879850425730817	0.894789242192271
ZB_24	0.759060805326495	0.457832663579546	0.585303658817091	0.378087158897672	0.520942011001694	0.598710556959868	0.449872698863411	0.584804720110811	0.585303658817091	0.534949985507009	0.534471128685236	0.537644773582615	0.468607774169261	0.715472098954012	0.797840961887733	0.469710720206554	0.302293154318037	0.605482863955949	0.445352132592518	0.471461801264811	0.570532258064516	0.803214128573856	0	0.566760498969493	0.533719139272384	0.535118102359546	0.720467522310703	0.442218080149115	0.526261502775876	0.698423276275099	0.431469085192858	0.510122270192858	0.594681618830844	0.320336736890946	0.4903795571099	0.640014875418371	0.549500799130453	0.5367644496815	0.621781931098273	0.495913650634533	0.690678514149723	0.547949590215797	0.585303658817091	0.779758587092025	0.933607292489325	0.775100996387991	0.531883883637462	0.710408006584544	0.389316227362716	0.372541517059489	0.987555829217253	0.781582063387104	0.384517408744621	0.487899090422999	0.650211931605202	0.517655845449114	0.650831049086356	0.524059396420281	0.644611178021549	0.479079683752332	0.852669228566935	0.443527646384643	0.484405154480452
ZB_25	0.922874315982731	0.5866968589438	0.609454306426493	0.525015100085922	0.446508826962898	0.120122770989998	0.481910431707071	0.548871994024466	0.609454306426493	0.389848228652865	0.177681066921029	0.366087531402882	0.591247054137485	0.916413849350175	0.928674492064111	0.486527867704032	0.596864810778794	0.139335674441458	0.757445329259424	0.509625898690577	0.926730175301231	0.910792873034513	0.566760498969493	0	0.194428201767651	0.0493074636005447	0.932881734140899	0.48965539036329	0.394632570754657	0.912621560680048	0.233415626279165	0.2229413904818	0.0778410894423498	0.598635220466279	0.40923804743456	0.928296960581207	0.129921072911683	0.467090606762925	0.930932679454481	0.306922605676945	0.940069364977744	0.307453882543364	0.609454306426493	0.914659402109737	0.981681025862552	0.917886324863069	0.233464853927148	0.930440384551852	0.569067881793205	0.666113555824881	0.99382193565519	0.922988475964061	0.487472711541363	0.182953805672294	0.938620379705322	0.255497761639099	0.936887068168761	0.234419412737853	0.937878027911368	0.531721731607598	0.953436551940579	0.359500485217829	0.42412262748562
ZB_26	0.882802606169309	0.474080581853785	0.678849041943202	0.500969952228556	0.421959916333555	0.0951406391773364	0.57396800437337	0.60178663505547	0.678849041943202	0.40378715030957	0.21974271947915	0.213090043633479	0.583663723987243	0.868610138482411	0.904459069537831	0.459878351642694	0.58982394047819	0.13901368599208	0.681284740959125	0.556827310996789	0.861722642026337	0.926703103951072	0.533719139272384	0.194428201767651	0	0.218782449821896	0.852755636216576	0.463081012642281	0.266989005497251	0.904768349082693	0.156299753780154	0.259143914275518	0.136858554289747	0.557311034912575	0.398118515001951	0.877250696091575	0.144402874511987	0.550560672265268	0.869495913012384	0.301004805591962	0.878362567614778	0.442104378801627	0.678849041943202	0.918569884726225	0.964869502991592	0.912453049098484	0.264352876667817	0.831079382372043	0.558742646969273	0.554562996535099	0.990627415398058	0.902344452942235	0.425754752143123	0.102317829756079	0.861250615687015	0.271284818142833	0.861123347758181	0.195810104555352	0.859661742966558	0.501692863447172	0.893952220876486	0.454775062317827	0.517235306408764
ZB_27	0.924049217716845	0.564336913973398	0.616288712755027	0.495557619113129	0.44802617411562	0.160292495666996	0.490976809041538	0.555442889517375	0.616288712755027	0.374487388964723	0.191207411546395	0.353476133809335	0.597616643630387	0.917792068595927	0.929680476032745	0.470789062250726	0.567771806579686	0.17808171162582	0.735739379358229	0.517488912873171	0.900996775139255	0.912360950366007	0.535118102359546	0.0493074636005447	0.218782449821896	0	0.927721617828615	0.499625677489245	0.382589063616689	0.889978925697434	0.218164782030291	0.235573022830926	0.121227111580809	0.573790890418274	0.432804021634185	0.903136518135012	0.166386960116093	0.475125754447645	0.90673383377246	0.319200466555476	0.922454026279384	0.320963011743148	0.616288712755027	0.914340953754365	0.973429645754997	0.919216800133183	0.233100520183442	0.921278568372083	0.548268937913561	0.639404746252958	0.988592253858141	0.924159928552063	0.492795108817863	0.207905056690778	0.917210100514832	0.289447269317	0.91485016200406	0.263803088803089	0.916199523054437	0.537469628958531	0.941736721900967	0.371471007790823	0.433817792855605
ZB_28	0.532196073452523	0.630996265070501	0.912204001905318	0.637831130925258	0.645633880264334	0.919925666012988	0.922035209905204	0.747681265394089	0.912204001905318	0.821924793178754	0.870695713281799	0.781350540351511	0.755101601128941	0.576991456368216	0.44030879668652	0.73644319505076	0.695805585135973	0.893092188528325	0.503681421276076	0.727706746366986	0.434961112092453	0.687638895747938	0.720467522310703	0.932881734140899	0.852755636216576	0.927721617828615	0	0.783411872335284	0.754313231708951	0.594109157000053	0.869467261429861	0.858178211378701	0.939814205437149	0.623892876631826	0.658209567279405	0.380357827545052	0.926602126034656	0.796704437722902	0.380186606704402	0.912143388481996	0.305736230279546	0.921844800610069	0.912204001905318	0.640312282506733	0.908143612030224	0.586122679212222	0.83156177474058	0.228290613883061	0.675397201079144	0.592938299281602	0.990881365896676	0.427076645760284	0.779643959650334	0.878098954676364	0.178485397110357	0.924084004074824	0.327866488497515	0.797382676049208	0.221309541143451	0.614585353610259	0.664538985798781	0.905518020978469	0.894291793592236
ZB_29	0.850939930592242	0.60283612501832	0.521309419175273	0.430811479152294	0.580182133670745	0.505745631856969	0.484724938590053	0.648990860010449	0.521309419175273	0.607142262641283	0.575703526946452	0.524850425243756	0.546291631465133	0.855793832108563	0.812821541238266	0.487582579618944	0.52065756196257	0.465046834934049	0.566332053503281	0.3857019458273	0.795563681963754	0.890546599519412	0.442218080149115	0.48965539036329	0.463081012642281	0.499625677489245	0.783411872335284	0	0.519141069899818	0.865970870671771	0.495370508825341	0.56681094450456	0.525882810491553	0.586641451605015	0.444437602294641	0.838799234667714	0.491046766824611	0.513687147929487	0.786964607674726	0.436764065399842	0.804657513073495	0.352246092395601	0.521309419175273	0.879952735206518	0.951237828614633	0.885105520508728	0.585349272648711	0.767264031284413	0.455160496346269	0.462509638294769	0.985352736974229	0.843249292397924	0.441758373500986	0.462436636951582	0.778295404400177	0.44591623943206	0.784807060715566	0.492683817586378	0.77480382018371	0.592844377666664	0.816875630902178	0.329506961870301	0.429858253499329
ZB_30	0.883092912247638	0.281026599314248	0.665120296175827	0.486636447841203	0.244653257642273	0.337731134432784	0.578878784588149	0.588151243025222	0.665120296175827	0.416822906645308	0.40135381879074	0.06563968015992	0.67701182683742	0.896054357745836	0.867067699701873	0.371116780172433	0.531972100887057	0.304757046423945	0.490441984062421	0.619458756580281	0.791281264639153	0.94376354055307	0.526261502775876	0.394632570754657	0.266989005497251	0.382589063616689	0.754313231708951	0.519141069899818	0	0.88135742261769	0.210305544963016	0.430189183863067	0.351370394034057	0.396444369810287	0.413431184677054	0.805484582581965	0.312320540632	0.558728556095254	0.780805623864001	0.474722272028203	0.755405851547041	0.580755137241433	0.665120296175827	0.929092106246264	0.962422439460479	0.932046165216897	0.415677980556029	0.780307542125838	0.455994021863156	0.534426236920879	0.992956732772532	0.89491033397542	0.48871834730265	0.259078087079936	0.705698550269261	0.438230622176317	0.744716103130104	0.314760152863336	0.702505442538484	0.397276136353514	0.847444700629576	0.588349369546547	0.497018796356391
ZB_31	0.517144353414225	0.813532078033586	0.870451189678375	0.73359958635691	0.828034156976744	0.925740966301259	0.890774368703689	0.802942906663192	0.870451189678375	0.833574359268529	0.854033845070104	0.876107183008758	0.760919199831865	0.388188692833993	0.661730493292284	0.834946238104408	0.746576325909714	0.927116732161577	0.760855039044075	0.80010355036132	0.427028768205419	0.436308275930917	0.698423276275099	0.912621560680048	0.904768349082693	0.889978925697434	0.594109157000053	0.865970870671771	0.88135742261769	0	0.870387217168183	0.837740312330854	0.922745763152422	0.773442546390783	0.783019781967372	0.458331520714607	0.9264414256943	0.816021063398557	0.571095394300233	0.902458624986898	0.611282012261403	0.890400287631831	0.870451189678375	0.510128833557455	0.868452629052834	0.492872456081527	0.845410003967631	0.631041199603072	0.765169269089643	0.750417531348292	0.962667987364138	0.536918320290665	0.822773070427415	0.893441193800127	0.621131210475336	0.913026143001891	0.638157103960784	0.85181292540168	0.611438200844654	0.804535731108371	0.821575279742541	0.892897843722833	0.85574323900882
ZB_32	0.90049050345144	0.441006005612232	0.69311295089232	0.458001435048459	0.424199460698758	0.195726514275439	0.592890201061804	0.627422386004246	0.69311295089232	0.406157938538045	0.254521731703222	0.215138104132919	0.601380609605219	0.898022540894756	0.91786212067083	0.467496426869938	0.575142614764882	0.210520069021976	0.653103773832315	0.597655529144759	0.780891719745223	0.929970223281212	0.431469085192858	0.233415626279165	0.156299753780154	0.218164782030291	0.869467261429861	0.495370508825341	0.210305544963016	0.870387217168183	0	0.291834681828122	0.178632188907081	0.488286672972757	0.420901384668228	0.827523761698718	0.129182869422841	0.568250145639148	0.797164969830178	0.35978075978076	0.840284060600221	0.469104968276709	0.69311295089232	0.911976719582854	0.952415063446582	0.930440969645962	0.279162739025047	0.86693445424368	0.530943308527687	0.536931626897598	0.991081022308637	0.914248459112256	0.418241047824368	0.0907988407988408	0.814909762815075	0.288624386000819	0.813376426796645	0.257934132986675	0.812769198939192	0.544790025676612	0.900944077057897	0.492073486232241	0.521489847202565
ZB_33	0.846773226647147	0.465611863349228	0.652814991151794	0.450654202991842	0.390238690202992	0.189119620739158	0.539431789130485	0.460352098410769	0.652814991151794	0.219596847114269	0.0849384887590068	0.405312165633011	0.406396619655561	0.834317023410687	0.839395236057624	0.466123869525455	0.534834908244894	0.205158161361896	0.694871377106754	0.482416396282268	0.856610584415217	0.837850255939005	0.510122270192858	0.2229413904818	0.259143914275518	0.235573022830926	0.858178211378701	0.56681094450456	0.430189183863067	0.837740312330854	0.291834681828122	0	0.154059683194249	0.533158647670209	0.42892082956411	0.848616915199928	0.197290624927705	0.376264335491005	0.854111613469195	0.277026978636243	0.864849929109227	0.392236613778308	0.652814991151794	0.822368098073457	0.989152216408194	0.815366326080941	0.0915609358631126	0.863713115394248	0.53214083333549	0.519397736014947	1	0.826722023628232	0.347490992012498	0.249578263744276	0.870168366991518	0.312596183965027	0.866544193902042	0.159850344321057	0.868615906693179	0.45732280941157	0.963120805473439	0.434958762414433	0.485856345089792
ZB_34	0.926934423206933	0.54888809435528	0.632939252041196	0.552847411701013	0.468961189647415	0.0461043084910811	0.513065058515456	0.571616928600859	0.632939252041196	0.339819463061769	0.107724523033969	0.320785402618009	0.534384439207355	0.921161701901907	0.932160689320665	0.508854442958199	0.621414574770615	0.0670461273578566	0.770618635851134	0.536743936806562	0.934580622085265	0.916180182466828	0.594681618830844	0.0778410894423498	0.136858554289747	0.121227111580809	0.939814205437149	0.525882810491553	0.351370394034057	0.922745763152422	0.178632188907081	0.154059683194249	0	0.619723943847562	0.444785686432453	0.935909323701447	0.0567849640847863	0.494868447876636	0.938151114486899	0.232185709015817	0.942550009302371	0.353645194572602	0.632939252041196	0.919602764553127	0.988493638184295	0.922472961560909	0.168550029564418	0.937731767614339	0.587986858223605	0.619665801753145	1	0.927036888151051	0.427515296242909	0.124564148184505	0.944737423156035	0.180608646469554	0.943246210765008	0.179707710290821	0.944098312863242	0.55173239542019	0.961151314712335	0.400513579582408	0.457492905054578
ZB_35	0.796886935504099	0.268970436975348	0.597862642644646	0.263635509949718	0.313579384574997	0.622419387851316	0.494300279299961	0.494243944543346	0.597862642644646	0.439526645645996	0.552677619756392	0.404402019564531	0.52326672847781	0.792195976988837	0.785510592069527	0.324850975318976	0.247048548458998	0.627595702163662	0.252048496021681	0.574096605921008	0.604591921832402	0.846551813023687	0.320336736890946	0.598635220466279	0.557311034912575	0.573790890418274	0.623892876631826	0.586641451605015	0.396444369810287	0.773442546390783	0.488286672972757	0.533158647670209	0.619723943847562	0	0.527509498742219	0.581741485293538	0.583339215880053	0.384898852360586	0.650573010450499	0.546758837629751	0.61336773492667	0.589237287894439	0.597862642644646	0.809930463104202	0.95487531576665	0.776726822803735	0.503414828688834	0.654748116496121	0.303238316956357	0.408051007401653	0.991542154279112	0.772364384325756	0.502715011385532	0.533730522887813	0.548610556410941	0.561967609290649	0.620979690517071	0.560962451928888	0.587968460487699	0.309730049893049	0.866493515548738	0.607020178842116	0.49488214855855
ZB_36	0.794657257110033	0.428260424020222	0.670739041585455	0.402996281965431	0.371535835522909	0.428325130080157	0.637282365238166	0.419696105377794	0.670739041585455	0.428243506451065	0.37906987997074	0.421001600991338	0.52292306446489	0.807556795854619	0.756578062939199	0.472639107113832	0.484416916522014	0.412701133598233	0.523229063965821	0.360254671336316	0.711335808758094	0.825246071490243	0.4903795571099	0.40923804743456	0.398118515001951	0.432804021634185	0.658209567279405	0.444437602294641	0.413431184677054	0.783019781967372	0.420901384668228	0.42892082956411	0.444785686432453	0.527509498742219	0	0.717474985373757	0.42894491808596	0.509025781079927	0.700879203766669	0.583814124002721	0.709928249349965	0.555822195734321	0.670739041585455	0.797826554399282	0.954657052107477	0.807024977991512	0.395594807058747	0.674506791818369	0.419283901736217	0.411765395619342	0.994880522606154	0.748898952286842	0.477218549383498	0.386349292468499	0.679046554166644	0.542684818589877	0.717976513098464	0.333225471893798	0.687376895100323	0.371617387794983	0.862979472750548	0.540173421396245	0.553459324266327
