ZB_1	ZB_2	ZB_3	ZB_4	ZB_5	ZB_6	ZB_7	ZB_8	ZB_9	ZB_10	ZB_11	ZB_12	ZB_13	ZB_14	ZB_15	ZB_16	ZB_17	ZB_18	ZB_19	ZB_20	ZB_21	ZB_22	ZB_23	ZB_24	ZB_25	ZB_26	ZB_27	ZB_28	ZB_29	ZB_30	ZB_31	ZB_32	ZB_33	ZB_34	ZB_35	ZB_36	ZB_37	ZB_38	ZB_39	ZB_40	ZB_41	ZB_42	ZB_43	ZB_44	ZB_45	ZB_46	ZB_47	ZB_48	ZB_49	ZB_50	ZB_51	ZB_52	ZB_53	ZB_54	ZB_55	ZB_56	ZB_57	ZB_58	ZB_59	ZB_60	ZB_61	ZB_62	ZB_63	ZB_64
ZB_1	0	0.539923045670721	0.358123665189423	0.379222314607909	0.503912795185411	0.584256151386209	0.394711695474943	0.346823845781023	0.414112744629057	0.390670947203712	0.492601675701273	0.445123947104264	0.62091852402371	0.359244830686245	0.432478305114023	0.401663162541932	0.558718054859583	0.345946792474992	0.578777402555216	0.447082753958202	0.405633519642929	0.202216117758559	0.39187027154264	0.370411340956097	0.460298883687432	0.569896442120373	0.582534124243638	0.297651883719995	0.273404002362452	0.53324473607708	0.370823756830393	0.560029979540989	0.477081905852756	0.52279023027135	0.50867659847783	0.352291333639664	0.144047043348744	0.55661906411247	0.448087997514915	0.36370773156005	0.456872908978648	0.418748945385005	0.37784712552218	0.356481310652743	0.363757443314433	0.388884156469994	0.362416707297253	0.493547130683762	0.39785812113219	0.511452107442104	0.38258023628676	0.395982956534334	0.366947057968305	0.514483826770715	0.507695716262287	0.451609986643378	0.573963373526877	0.428484799637694	0.562186662099043	0.315414568177579	0.509010673681007	0.208299707884836	0.449693349762268	0.532801030720677
ZB_2	0.539923045670721	0	0.499423760811345	0.56904306245745	0.131552231611391	0.627433823693234	0.554810163446947	0.365903377243981	0.333799611089812	0.31470313239189	0.260493685088754	0.553197698059232	0.620036313302838	0.351684709166778	0.332747225201912	0.304623934026135	0.429373383162562	0.593814315263853	0.573933727496287	0.304190338546942	0.352361708466704	0.519558872890082	0.309491581261772	0.570416428853668	0.61694839022388	0.64825375579718	0.506799775479112	0.416258268761535	0.548191581064579	0.595786328543835	0.320639399918751	0.543857907244287	0.543935006212098	0.610070603818362	0.245499294560276	0.517530498189319	0.511404825752776	0.553787586067105	0.449853395991485	0.331299692414834	0.549798790609944	0.275724791074459	0.56451192879593	0.48618610383511	0.346347472314516	0.529619711045	0.486586807307615	0.528929283435517	0.5642861509104	0.21948118651161	0.507235911703076	0.554785834755828	0.558380883730017	0.565162994672921	0.595173406431684	0.451973704004573	0.569290484802497	0.373836598604101	0.551274563766003	0.398137317271714	0.122724770608757	0.473782929145976	0.26262553179174	0.0629499877876732
ZB_3	0.358123665189423	0.499423760811345	0	0.318608588579344	0.464616833052993	0.554332469128927	0.112700518480065	0.297422922699287	0.455063182851416	0.415761883193009	0.43716180226104	0.511787032605657	0.654264319441826	0.320339504917709	0.529104096750746	0.404606859214995	0.438874125494875	0.341361324163519	0.432034071871425	0.373411341434889	0.413442545142355	0.297221795951858	0.449983102399459	0.0907611136057476	0.382373661237721	0.539948475557827	0.613594236184903	0.439241884979676	0.326846673666817	0.469192720798797	0.420696554255295	0.440328611112973	0.331390184888363	0.444252698035715	0.472425921363686	0.0275439566361743	0.296593770289316	0.401663337734295	0.535060686361108	0.430242264207323	0.378918285640486	0.419654941738359	0.181448199313965	0.292870970913616	0.327683448376016	0.113728422958165	0.505202559464768	0.571406238317598	0.102106188549852	0.475175529848548	0.0689466280736873	0.146469806083734	0.417016305568029	0.360086141556082	0.509058523856085	0.474447126178716	0.425440107840779	0.446568169812386	0.399795276085463	0.457018474460298	0.469654103697806	0.303562186511613	0.411582845930104	0.493278854199494
ZB_4	0.379222314607909	0.56904306245745	0.318608588579344	0	0.51582374770727	0.559656961479354	0.297335327748183	0.365892347079713	0.501206212068205	0.487801131479781	0.383872392096258	0.461449191267136	0.597156696384265	0.377348524645694	0.528013441869642	0.426100395088232	0.4080864877529	0.195580482479793	0.477424109894253	0.420023680293901	0.500035663216958	0.338979390638937	0.497259979500472	0.370302654747808	0.440468835929229	0.545222778432496	0.517062782489926	0.478313542586915	0.294014320992757	0.487952773860095	0.469893112790901	0.451770774701216	0.390477195203432	0.489366464243786	0.462930246232606	0.31278478354168	0.295308683677181	0.44981604120677	0.519204702580834	0.464807627652525	0.435357457115125	0.440786841450314	0.264734955945856	0.410910799034615	0.358572925847407	0.383854149090541	0.455307811352881	0.496254937005995	0.325677595179653	0.411606383983379	0.338466943145247	0.325381360731097	0.389185791787347	0.432553461360818	0.443521367370452	0.449358248673126	0.471427102479403	0.505945572865312	0.428950475668832	0.513133327741378	0.542449125708688	0.34272112717512	0.493680137575236	0.56236297133878
ZB_5	0.503912795185411	0.131552231611391	0.464616833052993	0.51582374770727	0	0.677041641659943	0.492992320127145	0.280990653797849	0.281482184995507	0.237058234940965	0.291620427352152	0.538785890842059	0.653751201766295	0.263465049869371	0.237574544726836	0.192926295153894	0.427871507160823	0.54384161724534	0.62422960641552	0.234108537107157	0.321380828497098	0.459655946419971	0.234693368629031	0.538879289064429	0.598670607944335	0.697825007806433	0.533355689393838	0.334181873831235	0.474432147970437	0.645110274593109	0.245611510231706	0.598332846851191	0.54456	0.658689632887463	0.208773525044319	0.472676858427147	0.44987910786539	0.606905102961755	0.399734699655963	0.257043171148184	0.56722708009227	0.161330724679396	0.524558552702849	0.438529454914043	0.254927119857241	0.509453560463397	0.410136201947662	0.585102160619262	0.511256031023132	0.198948161740612	0.461832565028445	0.525973818815998	0.539855962600816	0.583057654659572	0.630667441907091	0.400392235341205	0.62021195912502	0.293315175558056	0.588523224328265	0.350026210661412	0.0544549477071601	0.407096477784953	0.24074352347178	0.110845599601369
ZB_6	0.584256151386209	0.627433823693234	0.554332469128927	0.559656961479354	0.677041641659943	0	0.506907796475157	0.556546996443686	0.602456199675464	0.668301059024766	0.484868515648715	0.31594410001287	0.260659837445294	0.59313007694536	0.768042975623037	0.655342414343105	0.322231647892048	0.505945096422637	0.144328743786258	0.559350894303701	0.687123374919545	0.572797559097103	0.617257286967045	0.583860417597587	0.295588092068954	0.0364521714038378	0.439471437016925	0.671233322627408	0.621588279317343	0.117574950966657	0.64509166284235	0.217469676078787	0.359912369453062	0.132085480119133	0.566417510189569	0.560124082427362	0.564404137735582	0.195292720753199	0.729539171619981	0.651545060702342	0.250986512936379	0.638021255362885	0.508845575324275	0.561453242467882	0.601889995655182	0.492723614843532	0.708132008188314	0.318700878256472	0.583782107771141	0.562401946112295	0.552331804990935	0.488580365403133	0.688019709807793	0.286515822978386	0.144977188903844	0.742937143746042	0.155851726296362	0.667386007812535	0.214650002327816	0.63334423904141	0.656083710148188	0.575373428307577	0.631711099941973	0.623145639025096
ZB_7	0.394711695474943	0.554810163446947	0.112700518480065	0.297335327748183	0.492992320127145	0.506907796475157	0	0.296640248395498	0.473461642563817	0.437755292229639	0.407580219433884	0.453252304632215	0.616476424103627	0.318852168233035	0.531941681266146	0.439423481976289	0.413040535168229	0.279825837963318	0.382032012724056	0.405580999323067	0.449647661335743	0.309476157849819	0.469051553451536	0.147157344705271	0.330888983873717	0.490898576798278	0.564480170516592	0.445968065050145	0.324942566354528	0.420415550079085	0.441924239619964	0.388206006962247	0.246765230265559	0.394477436210349	0.472333511056948	0.121698615036563	0.309006409282829	0.365021003679017	0.562067052878097	0.450990190634832	0.324724429187179	0.452798101408964	0.131711867420827	0.306283112958556	0.325936856731904	0.164290816202998	0.509170194460923	0.542422984119859	0.171780027126137	0.465083699454886	0.157550696619809	0.0703848397980669	0.453176311096194	0.303400998013662	0.443560325293903	0.507044941527972	0.374814126799318	0.440459892465189	0.343402189761191	0.475799877573568	0.519027085083531	0.315791408224213	0.470133757420798	0.539117808149384
ZB_8	0.346823845781023	0.365903377243981	0.297422922699287	0.365892347079713	0.280990653797849	0.556546996443686	0.296640248395498	0	0.37355096042172	0.368269128797921	0.277706376668314	0.477134247144733	0.610733189056553	0.0796619852877095	0.368696643512381	0.333419381485879	0.344109815774324	0.347212673231322	0.488892477567952	0.237621293721473	0.438089904024604	0.309164474160612	0.366360483554489	0.333022282715294	0.45854030371425	0.576703935291186	0.557989448579895	0.442222604399556	0.280423575036193	0.524210447167582	0.333239434752638	0.500218279204288	0.376525512378443	0.514686563712875	0.343761827016843	0.305570224050787	0.266037116367787	0.464482714794103	0.500311576772194	0.342979479293706	0.4185023285049	0.350445087995673	0.377755121460517	0.276008802163423	0.074705710801209	0.328222420155236	0.505852003564672	0.563844540845195	0.333942150848898	0.335674029067789	0.333876641617793	0.347867076466998	0.449258311681425	0.446635550196443	0.493359411839478	0.50351291160719	0.483305035630617	0.413463334086866	0.444760897742002	0.465559349254795	0.316297148128032	0.287425149700599	0.405516082955806	0.348700754400671
ZB_9	0.414112744629057	0.333799611089812	0.455063182851416	0.501206212068205	0.281482184995507	0.602456199675464	0.473461642563817	0.37355096042172	0	0.135928887438352	0.435016526400578	0.467172815871911	0.553957878652621	0.358454819344471	0.402719766877125	0.140771205152187	0.546427478003133	0.527673290767335	0.544662442381241	0.434243549995631	0.231428597331012	0.397243690284694	0.122801591001172	0.496628481187176	0.539338949777545	0.624841470621435	0.454060109942639	0.291160972571644	0.409191587579207	0.568681537563765	0.088015847113432	0.509561108980407	0.455636094907153	0.568002467287946	0.35723000186965	0.463642363063085	0.385180586445442	0.521176716523513	0.262347693646649	0.101338120104439	0.473467767773033	0.148548788430387	0.483667550985594	0.409513908258742	0.391311064906307	0.427391965568439	0.374540060806215	0.499786663981195	0.515953855899313	0.392344216766604	0.477090253250169	0.447098269724315	0.487230331190063	0.504842183816421	0.567540799691482	0.320913112851755	0.539280899967127	0.243313084478686	0.518622088799331	0.210287050266268	0.234669657528887	0.376616236830018	0.148520487983841	0.278737226533694
ZB_10	0.390670947203712	0.31470313239189	0.415761883193009	0.487801131479781	0.237058234940965	0.668301059024766	0.437755292229639	0.368269128797921	0.135928887438352	0	0.462345104301481	0.531307015974793	0.619595703168304	0.349846859076243	0.323952891093637	0.112300685492884	0.563919100504186	0.496244084953015	0.610048013815419	0.410063930439526	0.139212647241166	0.373839488343305	0.116711136999944	0.444426384282587	0.596867209510667	0.690087523619858	0.524432363384298	0.191865163710427	0.385020603109196	0.633253444789695	0.052537141323419	0.578820814149288	0.517282330642703	0.63267603689717	0.373856761876858	0.409546040085162	0.360253982811414	0.588804966373513	0.220708789880761	0.0384914149668099	0.543813927219295	0.144656486836969	0.433723319495115	0.35973279764554	0.345891689023145	0.444581793413136	0.286924187287158	0.562652152930452	0.482846403664264	0.36416217748795	0.439474201152436	0.450835390135483	0.419101716017492	0.562313893351095	0.624388834612085	0.214084492264756	0.605439250233309	0.160252048634737	0.585878010966848	0.195767916848379	0.247030522319965	0.306547399698212	0.127392996108949	0.29283340010981
ZB_11	0.492601675701273	0.260493685088754	0.43716180226104	0.383872392096258	0.291620427352152	0.484868515648715	0.407580219433884	0.277706376668314	0.435016526400578	0.462345104301481	0	0.389259270565968	0.508501127290993	0.262662766018471	0.46271694045145	0.425702346330858	0.289936715404091	0.413940886323182	0.427903078420794	0.266354092675668	0.505435591089539	0.448642821033953	0.453817382845259	0.501558136409118	0.444574095682614	0.504358985706067	0.436551076871939	0.522488410577882	0.442645230156372	0.463934147831637	0.463946692266426	0.402076526998023	0.370124426200969	0.466628179348303	0.248412815591318	0.444151014779895	0.440171376643647	0.400878500536537	0.542733773963975	0.472244967106192	0.407226715858196	0.402767032780868	0.405482774138707	0.419137880046753	0.255381508645473	0.467554297761612	0.578240928468881	0.438386372969184	0.478136146278368	0.187508285033352	0.434747437537647	0.428540568355033	0.5152654499421	0.419286696271843	0.431367197923489	0.579975037976289	0.421735963263614	0.483053147685076	0.381043516258198	0.518600612649927	0.310618021639119	0.403726758593017	0.382129381685484	0.264139551627469
ZB_12	0.445123947104264	0.553197698059232	0.511787032605657	0.461449191267136	0.538785890842059	0.31594410001287	0.453252304632215	0.477134247144733	0.467172815871911	0.531307015974793	0.389259270565968	0	0.34404480081456	0.467791728675114	0.618562359544744	0.516067932238018	0.359663184893944	0.397016791481545	0.320335458299488	0.493533274370746	0.538541144004014	0.378707455866187	0.484568154805918	0.54495378266983	0.173579399536454	0.303918326952151	0.28004741145293	0.479631518731225	0.46604531985547	0.248693481535206	0.519973133484163	0.268902848165765	0.289483739339192	0.27856286062007	0.420627977297987	0.518439894426096	0.38448211821418	0.28576638171539	0.608054817892868	0.527965106160807	0.267145498765725	0.494458691580829	0.435633950966907	0.41954168566459	0.477046123122256	0.489531869900442	0.526218376708907	0.198630190742538	0.527547302131854	0.482693918974734	0.509488857404152	0.451588379298474	0.533638355643729	0.293682673206791	0.219987112190446	0.611031894088406	0.312504167338818	0.46801620613268	0.314788014987823	0.451169750494558	0.530631205656281	0.357978367528992	0.521962749660451	0.548861138482529
ZB_13	0.62091852402371	0.620036313302838	0.654264319441826	0.597156696384265	0.653751201766295	0.260659837445294	0.616476424103627	0.610733189056553	0.553957878652621	0.619595703168304	0.508501127290993	0.34404480081456	0	0.604251917638557	0.717053175071432	0.621179316026278	0.382961568299295	0.601440753419766	0.311913095632402	0.580293525584008	0.63918011040267	0.628627282835403	0.592938439629964	0.677787655842019	0.438068230169299	0.297112008849132	0.304483231720148	0.688674629817576	0.633787008600695	0.339529180429283	0.607128480789084	0.333236916640441	0.416305977140716	0.338462219369973	0.518663008548933	0.660641890740938	0.635219145245844	0.348773453991529	0.658868494987093	0.61517650054904	0.421302362430949	0.619311687872137	0.571371654342536	0.575466766344609	0.615323248749655	0.585668185885637	0.730526188669735	0.321142339961072	0.672508060806692	0.513770561615707	0.655194995003614	0.597814009855512	0.656501562916612	0.37673666758136	0.334224033612689	0.710556666262488	0.323901834230008	0.617557353136189	0.36648737755798	0.643379917389181	0.627909708778259	0.615143613587112	0.574702426121458	0.61498505814721
ZB_14	0.359244830686245	0.351684709166778	0.320339504917709	0.377348524645694	0.263465049869371	0.59313007694536	0.318852168233035	0.0796619852877095	0.358454819344471	0.349846859076243	0.262662766018471	0.467791728675114	0.604251917638557	0	0.350286840794832	0.316674510011864	0.388167132498527	0.40626364124194	0.506151780938058	0.244071143315416	0.421703718357129	0.247086402576735	0.350689724077611	0.356536330800402	0.476758998327491	0.612198897591181	0.550077651198679	0.42690077267835	0.292827486810615	0.564043735855377	0.31602414316954	0.483615729415226	0.397228894657317	0.528165552300603	0.329720456607325	0.32849598856698	0.277747109758213	0.481345878242582	0.486125545797154	0.326034974896281	0.435959307121254	0.334587643005825	0.352375616315554	0.317198872550148	0.0878192836287591	0.350102180402408	0.492278035694206	0.556676451911061	0.356664788343664	0.32142361769643	0.356305106005011	0.369439746876875	0.433197814416393	0.465656938691062	0.535110311542627	0.489034564145242	0.500753018194879	0.398654175657343	0.461715382974184	0.45139928292754	0.300142185550588	0.270007669031552	0.391481495454031	0.334112868848577
ZB_15	0.432478305114023	0.332747225201912	0.529104096750746	0.528013441869642	0.237574544726836	0.768042975623037	0.531941681266146	0.368696643512381	0.402719766877125	0.323952891093637	0.46271694045145	0.618562359544744	0.717053175071432	0.350286840794832	0	0.353521481565753	0.564215410412192	0.546340408440696	0.713469321840589	0.38514772776002	0.337811448277772	0.459283678138839	0.394595482348794	0.548402091807089	0.65641394574001	0.760671827800104	0.57819005079341	0.312583676762391	0.463257005961335	0.711873351994657	0.353982635591155	0.69235254084468	0.602318455163037	0.711445769661585	0.389450526253294	0.524978392933475	0.448177840014003	0.699076940037143	0.334241924074511	0.345903948191423	0.66186417376959	0.374176470356866	0.543075893406485	0.483683783152454	0.317726950380012	0.550353504916732	0.351231008644496	0.631674751085014	0.554512216926748	0.393449767350416	0.549942182459984	0.55594996077013	0.509836935405029	0.65561184759008	0.690679745368426	0.334105161129251	0.71033696033696	0.347173172277193	0.68083635587796	0.368187646933105	0.284040627514079	0.430638010204999	0.397669434246151	0.32673919131741
ZB_16	0.401663162541932	0.304623934026135	0.404606859214995	0.426100395088232	0.192926295153894	0.655342414343105	0.439423481976289	0.333419381485879	0.140771205152187	0.112300685492884	0.425702346330858	0.516067932238018	0.621179316026278	0.316674510011864	0.353521481565753	0	0.523312880645147	0.49512112031731	0.59884827909006	0.370096499743048	0.210411854556292	0.354951592613443	0.12286846184762	0.487193237825276	0.582350182285875	0.677486386707754	0.507976551563229	0.233753012281086	0.364241724834646	0.621531482899599	0.0630774532449147	0.568984466922663	0.5030352478743	0.620952532627009	0.362418165958956	0.413570315891621	0.341526575120877	0.578884636121	0.305091443017058	0.0767640265255942	0.534953252846863	0.036449055232232	0.474593416854719	0.364075800031722	0.350444333866556	0.470661440412425	0.321163932524904	0.566794752407364	0.443538256626498	0.353095002608643	0.441911044042378	0.489356751002077	0.475177333354683	0.566126792282862	0.605343826958513	0.302343342522912	0.59424471836266	0.179602329748283	0.558903347642565	0.275172676391954	0.239586586251397	0.331702512140625	0.125368923047629	0.283772290420435
ZB_17	0.558718054859583	0.429373383162562	0.438874125494875	0.4080864877529	0.427871507160823	0.322231647892048	0.413040535168229	0.344109815774324	0.546427478003133	0.563919100504186	0.289936715404091	0.359663184893944	0.382961568299295	0.388167132498527	0.564215410412192	0.523312880645147	0	0.438388734339591	0.259428867074647	0.338390003827608	0.609849879424921	0.523717851796168	0.53343309514821	0.494998644178101	0.348632290439859	0.340317517087903	0.403040505135192	0.608286871217601	0.511000502492089	0.29843549389709	0.554116994228066	0.314560638998224	0.320227009913909	0.313293334024964	0.329486150140506	0.444965562123759	0.51454294377103	0.279083812019349	0.650301092519574	0.560800884211101	0.32406608249105	0.50483950931742	0.432391082460381	0.499973584775643	0.378912273768887	0.420967068273092	0.650872096234356	0.37682254114308	0.450713161989031	0.313149039289775	0.434150941756265	0.421925236438163	0.617604421699832	0.288032036518995	0.27764412579695	0.655274929587836	0.270007523741254	0.582542982163981	0.269740155252772	0.595493310725403	0.431300408744206	0.508878410475297	0.526966611477784	0.422773842962804
ZB_18	0.345946792474992	0.593814315263853	0.341361324163519	0.195580482479793	0.54384161724534	0.505945096422637	0.279825837963318	0.347212673231322	0.527673290767335	0.496244084953015	0.413940886323182	0.397016791481545	0.601440753419766	0.40626364124194	0.546340408440696	0.49512112031731	0.438388734339591	0	0.49221265226194	0.472389368858405	0.493832165208185	0.298819174906756	0.524477187026955	0.37846404609606	0.356678501901371	0.489324305430723	0.52309460839911	0.399938879616352	0.352817380830813	0.444375220204694	0.499067385310227	0.502745572615587	0.363117496555796	0.433383000103954	0.491239522678017	0.361898380142175	0.253206389173027	0.465965342484581	0.527262929600703	0.508234457461541	0.387496880689853	0.507294730874151	0.327473710238099	0.350958214376689	0.354816407824401	0.373665053286216	0.371131443427829	0.434540494543998	0.387743317607793	0.442416232145687	0.385473713033954	0.33395269307495	0.406518959766297	0.434267992084524	0.407633754825802	0.46498389366246	0.486506386522539	0.499862157542577	0.445659549518094	0.446791462628249	0.568939694877769	0.255580246094657	0.524656443588082	0.587111055122645
ZB_19	0.578777402555216	0.573933727496287	0.432034071871425	0.477424109894253	0.62422960641552	0.144328743786258	0.382032012724056	0.488892477567952	0.544662442381241	0.610048013815419	0.427903078420794	0.320335458299488	0.311913095632402	0.506151780938058	0.713469321840589	0.59884827909006	0.259428867074647	0.49221265226194	0	0.506558200904593	0.643880191145022	0.536524195957383	0.559031462980343	0.46054886637681	0.259574042808358	0.176935966461388	0.382973588253328	0.665577599654818	0.555852009577524	0.0836013138394096	0.587000510228556	0.0760972705869715	0.242364812296472	0.0851715541291942	0.513744181776085	0.438049779552592	0.548694779116466	0.0530239282421291	0.670858971954873	0.593408893676219	0.186003578928377	0.58164447447174	0.382579837686266	0.528825507882208	0.534396479505839	0.365822972495628	0.700809637227462	0.328758946105056	0.464005015217202	0.509754257383057	0.429955996212332	0.36151655626251	0.628089500398357	0.150727586902559	0.128850349364849	0.699030565743168	0.0119887385976063	0.608315403309444	0.0982411737974251	0.629314486268537	0.602837856179094	0.562883766470842	0.574727172231768	0.570110097163341
ZB_20	0.447082753958202	0.304190338546942	0.373411341434889	0.420023680293901	0.234108537107157	0.559350894303701	0.405580999323067	0.237621293721473	0.434243549995631	0.410063930439526	0.266354092675668	0.493533274370746	0.580293525584008	0.244071143315416	0.38514772776002	0.370096499743048	0.338390003827608	0.472389368858405	0.506558200904593	0	0.457970957265126	0.42762132186063	0.402266653282977	0.445456520044109	0.518410525222939	0.589897874467005	0.5365282225584	0.480285353256536	0.394413995136991	0.529071907843952	0.413064580597271	0.515053920443879	0.493653411051885	0.543892474763224	0.304145724002921	0.381230716107689	0.397109952510275	0.525263415829454	0.515742615626908	0.422387813497275	0.50853575321833	0.344328340217109	0.436667350945621	0.384733267581368	0.183640841044584	0.364087199090815	0.520773924413175	0.512358430252015	0.420290846222446	0.295764026238279	0.370710204172561	0.43961278982604	0.465955777131515	0.490699632411976	0.523084712189946	0.519334738536544	0.501208272110165	0.433291474451985	0.506629986357884	0.489583146624605	0.27179950991591	0.377107856128304	0.404371433064166	0.30734310906309
ZB_21	0.405633519642929	0.352361708466704	0.413442545142355	0.500035663216958	0.321380828497098	0.687123374919545	0.449647661335743	0.438089904024604	0.231428597331012	0.139212647241166	0.505435591089539	0.538541144004014	0.63918011040267	0.421703718357129	0.337811448277772	0.210411854556292	0.609849879424921	0.493832165208185	0.643880191145022	0.457970957265126	0	0.387171374764595	0.215679550536463	0.459874702742314	0.58661798771013	0.676112382818485	0.555758208206503	0.19962811380898	0.411486620376174	0.641717207490371	0.157253555079502	0.615084621219868	0.540147866085183	0.641137346192218	0.430640438420932	0.437188467458794	0.373323113779835	0.624295837579004	0.323511753101618	0.171861564384093	0.594232969094764	0.239191596480286	0.46086172789598	0.304146397961547	0.420065907602611	0.439729435906248	0.293254393458327	0.573822650631769	0.494758029287831	0.434436865191214	0.463202528613884	0.477583809869353	0.401660533293978	0.581623959466164	0.641864165008484	0.160837791611718	0.63963292049505	0.148979237753745	0.603662926601216	0.22518475172954	0.330250949008331	0.330558289973281	0.22383611810483	0.37099155648548
ZB_22	0.202216117758559	0.519558872890082	0.297221795951858	0.338979390638937	0.459655946419971	0.572797559097103	0.309476157849819	0.309164474160612	0.397243690284694	0.373839488343305	0.448642821033953	0.378707455866187	0.628627282835403	0.247086402576735	0.459283678138839	0.354951592613443	0.523717851796168	0.298819174906756	0.536524195957383	0.42762132186063	0.387171374764595	0	0.370205992444279	0.306515753052828	0.389483097835808	0.558640996998599	0.564048876446609	0.240523017324369	0.222975290113464	0.502644228720458	0.355385792865675	0.501351378495339	0.396027428080546	0.475633456307855	0.490682876021222	0.290986701379783	0.0657569786659506	0.512567330830266	0.504098433400901	0.348538134291404	0.401601444087675	0.372660017776937	0.318326938908178	0.289874656353385	0.324256538874955	0.337682030747907	0.319195988447843	0.473730749019766	0.289311401469061	0.493429554191677	0.322113103856177	0.337760031636137	0.383855137520447	0.468053314626447	0.472809997814468	0.420799294808102	0.53131588166316	0.393235919699309	0.492567729298013	0.303066338851236	0.489414639761287	0.100061373485901	0.43113959514383	0.512983722488415
ZB_23	0.39187027154264	0.309491581261772	0.449983102399459	0.497259979500472	0.234693368629031	0.617257286967045	0.469051553451536	0.366360483554489	0.122801591001172	0.116711136999944	0.453817382845259	0.484568154805918	0.592938439629964	0.350689724077611	0.394595482348794	0.12286846184762	0.53343309514821	0.524477187026955	0.559031462980343	0.402266653282977	0.215679550536463	0.370205992444279	0	0.492447304535471	0.555569069165967	0.63989056562612	0.484897825047801	0.278928749756688	0.380637377578234	0.58300545465963	0.0670578176966873	0.524858373203476	0.503745816805137	0.598669090659623	0.367125383245811	0.458769854680635	0.377599641235495	0.536179033700543	0.310966415663333	0.0808639771510175	0.498147023522042	0.0869928142707611	0.479447189902066	0.386577706529388	0.384325426951235	0.462859625988971	0.346918693204183	0.516962019911994	0.496139489224728	0.35775595621378	0.4469477926727	0.481935525718363	0.465658903986762	0.520567517683116	0.582111391713275	0.308414288130179	0.553789793441335	0.207673985654055	0.542204127884927	0.260546423459402	0.244287099756027	0.368642370845014	0.193868007987261	0.288485203006124
ZB_24	0.370411340956097	0.570416428853668	0.0907611136057476	0.370302654747808	0.538879289064429	0.583860417597587	0.147157344705271	0.333022282715294	0.496628481187176	0.444426384282587	0.501558136409118	0.54495378266983	0.677787655842019	0.356536330800402	0.548402091807089	0.487193237825276	0.494998644178101	0.37846404609606	0.46054886637681	0.445456520044109	0.459874702742314	0.306515753052828	0.492447304535471	0	0.399852373439395	0.570191974345641	0.637133935311823	0.45538804720368	0.264184275953384	0.49777424619144	0.464018923887404	0.470251468817366	0.363336843532025	0.472895396379967	0.540232837291707	0.0817153708795102	0.305969161537952	0.431161694545037	0.567693357458813	0.458711268649676	0.408637483311709	0.500154016086125	0.185626487759038	0.334510737859541	0.364815900331358	0.148270588467953	0.524373086715235	0.604218748917959	0.074369123309752	0.542629049961804	0.0989689571369296	0.149106046578814	0.358822303845916	0.390742081559022	0.528871530507733	0.493741046142061	0.454173202636009	0.491631691999822	0.429097361645302	0.473418186228395	0.543217845007748	0.326891037424937	0.493201592499353	0.563565630331548
ZB_25	0.460298883687432	0.61694839022388	0.382373661237721	0.440468835929229	0.598670607944335	0.295588092068954	0.330888983873717	0.45854030371425	0.539338949777545	0.596867209510667	0.444574095682614	0.173579399536454	0.438068230169299	0.476758998327491	0.65641394574001	0.582350182285875	0.348632290439859	0.356678501901371	0.259574042808358	0.518410525222939	0.58661798771013	0.389483097835808	0.555569069165967	0.399852373439395	0	0.271693452021321	0.374078812318499	0.532093403029888	0.47597431043184	0.233392310707534	0.587225877733824	0.260416043001311	0.233187206025186	0.210063843384951	0.481812161812797	0.399371892815443	0.404474027135447	0.220292035853996	0.65789909888189	0.594474148901538	0.20864058593165	0.562712143043642	0.353142162566797	0.43990165364635	0.495124844219293	0.36095054279922	0.575137674580733	0.313426763216628	0.384537199489063	0.544840245585976	0.375915842501019	0.329169374146063	0.552856816133242	0.235886777286559	0.229875728582426	0.652578350486162	0.251042641286229	0.544772748757917	0.250836888743026	0.515802119270577	0.591209688147532	0.416557916300248	0.587075719265985	0.605784200318325
ZB_26	0.569896442120373	0.64825375579718	0.539948475557827	0.545222778432496	0.697825007806433	0.0364521714038378	0.490898576798278	0.576703935291186	0.624841470621435	0.690087523619858	0.504358985706067	0.303918326952151	0.297112008849132	0.612198897591181	0.760671827800104	0.677486386707754	0.340317517087903	0.489324305430723	0.176935966461388	0.589897874467005	0.676112382818485	0.558640996998599	0.63989056562612	0.570191974345641	0.271693452021321	0	0.460494372103288	0.660050039829909	0.608798216276477	0.11560106979784	0.667817595488359	0.234897450417553	0.34974551678431	0.130399342587609	0.586619263743846	0.545927014137285	0.549750001664436	0.212528124382999	0.751867990190975	0.674322556655578	0.268263374241825	0.66003085822836	0.492713208528341	0.556101508353311	0.622378600055923	0.487889407262486	0.698145828396023	0.320567356731622	0.570500878827108	0.582574367213473	0.537883239652529	0.471782371294852	0.676982248796904	0.274326992181073	0.143526981024115	0.733975567800274	0.188458948971493	0.66507511061162	0.23176921041174	0.620719574796711	0.676940447548882	0.570674205484357	0.653928851726964	0.643761774007847
ZB_27	0.582534124243638	0.506799775479112	0.613594236184903	0.517062782489926	0.533355689393838	0.439471437016925	0.564480170516592	0.557989448579895	0.454060109942639	0.524432363384298	0.436551076871939	0.28004741145293	0.304483231720148	0.550077651198679	0.57819005079341	0.507976551563229	0.403040505135192	0.52309460839911	0.382973588253328	0.5365282225584	0.555758208206503	0.564048876446609	0.484897825047801	0.637133935311823	0.374078812318499	0.460494372103288	0	0.573749873505559	0.556178621198914	0.408932590060298	0.512069789674952	0.335228738851591	0.350779683864397	0.435280290363017	0.39371093306825	0.628638885665638	0.570698586392336	0.350926697877253	0.490787049655684	0.52085026290631	0.361124614763722	0.484286047596827	0.533907920684154	0.564590889085733	0.543309933949	0.587357581327395	0.575633365056801	0.259801199090793	0.615106276948411	0.439330368820298	0.605341991797748	0.562817060261462	0.58228747263514	0.35967398504779	0.386004749249362	0.577399474480452	0.375701789894226	0.530767745435487	0.350735245586364	0.555229003909053	0.524478544888734	0.547348109768826	0.477793105892987	0.512517693897542
ZB_28	0.297651883719995	0.416258268761535	0.439241884979676	0.478313542586915	0.334181873831235	0.671233322627408	0.445968065050145	0.442222604399556	0.291160972571644	0.191865163710427	0.522488410577882	0.479631518731225	0.688674629817576	0.42690077267835	0.312583676762391	0.233753012281086	0.608286871217601	0.399938879616352	0.665577599654818	0.480285353256536	0.19962811380898	0.240523017324369	0.278928749756688	0.45538804720368	0.532093403029888	0.660050039829909	0.573749873505559	0	0.381209886447791	0.611337664956131	0.229890890636894	0.640198544394625	0.538799244001003	0.610721583222772	0.461480752828086	0.434090953698797	0.222896046458269	0.648291449502695	0.363534884568596	0.219681729199181	0.548590289738992	0.259588245060601	0.456653517092353	0.381695140026523	0.425518462735232	0.473069721334949	0.103588354773189	0.524519106415999	0.466178698442744	0.464811085227431	0.462584882272152	0.472653392186509	0.433704652358142	0.599249688748402	0.584955744256193	0.237368981017201	0.661819524361925	0.215477782591497	0.629183603108619	0.0984777705425479	0.374577466061713	0.206905077477434	0.284837285444985	0.409577409027925
ZB_29	0.273404002362452	0.548191581064579	0.326846673666817	0.294014320992757	0.474432147970437	0.621588279317343	0.324942566354528	0.280423575036193	0.409191587579207	0.385020603109196	0.442645230156372	0.46604531985547	0.633787008600695	0.292827486810615	0.463257005961335	0.364241724834646	0.511000502492089	0.352817380830813	0.555852009577524	0.394413995136991	0.411486620376174	0.222975290113464	0.380637377578234	0.264184275953384	0.47597431043184	0.608798216276477	0.556178621198914	0.381209886447791	0	0.566317060385498	0.365001406014661	0.535096507046016	0.413264499250813	0.556310423091583	0.516485112150012	0.306177497503669	0.19080502580552	0.531952488019804	0.507636096504794	0.357730070910933	0.485241338899875	0.382960831079954	0.334485041718627	0.32238376288464	0.267438372177223	0.363651073204428	0.425674423738769	0.544812093175584	0.241774148324688	0.508423922342501	0.31485096751992	0.354525673956956	0.255629263660511	0.484076043618432	0.524692412466229	0.416532258064516	0.550664346794696	0.406016632555655	0.51125954111196	0.420989595579591	0.505655406041216	0.257611823904042	0.445260664341203	0.529836787417924
ZB_30	0.53324473607708	0.595786328543835	0.469192720798797	0.487952773860095	0.645110274593109	0.117574950966657	0.420415550079085	0.524210447167582	0.568681537563765	0.633253444789695	0.463934147831637	0.248693481535206	0.339529180429283	0.564043735855377	0.711873351994657	0.621531482899599	0.29843549389709	0.444375220204694	0.0836013138394096	0.529071907843952	0.641717207490371	0.502644228720458	0.58300545465963	0.49777424619144	0.233392310707534	0.11560106979784	0.408932590060298	0.611337664956131	0.566317060385498	0	0.610492746507837	0.139869323608579	0.283561507873658	0.0554238409725357	0.536106600156672	0.475087966811948	0.48918286689257	0.134565290806351	0.693307665639528	0.616821383428403	0.19176007334076	0.60453569680003	0.421393723459701	0.525949047448479	0.568814419220351	0.404978255111544	0.647861529774195	0.258105293811385	0.500115216700816	0.532162173361405	0.467156257610494	0.400759575867873	0.638717937850902	0.19450733086179	0.066485340339524	0.697218968399163	0.095124296349514	0.60592421859183	0.175843672197	0.572778881884029	0.624184328450979	0.504011845839322	0.597963843515174	0.591829768089804
ZB_31	0.370823756830393	0.320639399918751	0.420696554255295	0.469893112790901	0.245611510231706	0.64509166284235	0.441924239619964	0.333239434752638	0.088015847113432	0.052537141323419	0.463946692266426	0.519973133484163	0.607128480789084	0.31602414316954	0.353982635591155	0.0630774532449147	0.554116994228066	0.499067385310227	0.587000510228556	0.413064580597271	0.157253555079502	0.355385792865675	0.0670578176966873	0.464018923887404	0.587225877733824	0.667817595488359	0.512069789674952	0.229890890636894	0.365001406014661	0.610492746507837	0	0.555247845309327	0.506520018658574	0.609879504040615	0.377784496547419	0.429816783430284	0.341569889566339	0.565781403266156	0.260090264962087	0.0146080093045912	0.5198925990924	0.0972273948999143	0.452394246695843	0.364838958549263	0.350734867497262	0.448583050805704	0.320477036285207	0.551244371771802	0.486289350259126	0.368325744696096	0.458222841049334	0.468412462413813	0.445089665505551	0.551887809617495	0.610086858204638	0.255374246362909	0.582119352867333	0.173368688142968	0.562982915472943	0.23261580074383	0.255197732736308	0.331447613432396	0.140655669427054	0.299318277883952
ZB_32	0.560029979540989	0.543857907244287	0.440328611112973	0.451770774701216	0.598332846851191	0.217469676078787	0.388206006962247	0.500218279204288	0.509561108980407	0.578820814149288	0.402076526998023	0.268902848165765	0.333236916640441	0.483615729415226	0.69235254084468	0.568984466922663	0.314560638998224	0.502745572615587	0.0760972705869715	0.515053920443879	0.615084621219868	0.501351378495339	0.524858373203476	0.470251468817366	0.260416043001311	0.234897450417553	0.335228738851591	0.640198544394625	0.535096507046016	0.139869323608579	0.555247845309327	0	0.244003217456951	0.158312486421724	0.479602992744926	0.446604046404252	0.514445577722676	0.0445783442529771	0.644501489584683	0.562163090613478	0.194671975276713	0.550461979076407	0.349528486680099	0.528704905692038	0.51490492224032	0.420175192603666	0.677972303472055	0.329881422228487	0.473564847938805	0.475326114630603	0.438160814733864	0.366864026551392	0.611638892219158	0.20009785497448	0.201153775819615	0.674929053377766	0.0648864385395455	0.577789138234999	0.103962216062233	0.600841247323099	0.575104247566844	0.530983456312758	0.542620214561262	0.540022721583579
ZB_33	0.477081905852756	0.543935006212098	0.331390184888363	0.390477195203432	0.54456	0.359912369453062	0.246765230265559	0.376525512378443	0.455636094907153	0.517282330642703	0.370124426200969	0.289483739339192	0.416305977140716	0.397228894657317	0.602318455163037	0.5030352478743	0.320227009913909	0.363117496555796	0.242364812296472	0.493653411051885	0.540147866085183	0.396027428080546	0.503745816805137	0.363336843532025	0.233187206025186	0.34974551678431	0.350779683864397	0.538799244001003	0.413264499250813	0.283561507873658	0.506520018658574	0.244003217456951	0	0.241289545722305	0.478135881540341	0.33855703361885	0.411027479214178	0.220838426142287	0.591212374249473	0.514221921728329	0.187597495812144	0.502825688073395	0.270130641949307	0.407505044587646	0.414373361852297	0.309897839473538	0.591411499768598	0.358150590929049	0.348368061581811	0.461593160662302	0.351512557436898	0.244951048367758	0.54928779101304	0.111699528662735	0.279123770525227	0.593688298726377	0.233515608988196	0.504998481199418	0.221456084136253	0.512685735560652	0.536774117647059	0.410804270205004	0.476467001388186	0.526028460184839
ZB_34	0.52279023027135	0.610070603818362	0.444252698035715	0.489366464243786	0.658689632887463	0.132085480119133	0.394477436210349	0.514686563712875	0.568002467287946	0.63267603689717	0.466628179348303	0.27856286062007	0.338462219369973	0.528165552300603	0.711445769661585	0.620952532627009	0.313293334024964	0.433383000103954	0.0851715541291942	0.543892474763224	0.641137346192218	0.475633456307855	0.598669090659623	0.472895396379967	0.210063843384951	0.130399342587609	0.435280290363017	0.610721583222772	0.556310423091583	0.0554238409725357	0.609879504040615	0.158312486421724	0.241289545722305	0	0.550818095074223	0.45024999412658	0.492350739803874	0.136135531096135	0.692824807458801	0.616218104803663	0.193291502247844	0.619468568101239	0.395169231237406	0.525177884197555	0.559622365438783	0.378464561537743	0.64730018626935	0.27735327837528	0.475987972871392	0.546909462059472	0.459848558433386	0.374171559240171	0.625175364600485	0.196075314778141	0.101836672376716	0.696733341535866	0.0966945366392986	0.605283155096301	0.177370964704898	0.572093667059216	0.638096560246524	0.503225638341994	0.597341822320469	0.606035601995964
