ZB_1	ZB_2	ZB_3	ZB_4	ZB_5	ZB_6	ZB_7	ZB_8	ZB_9	ZB_10	ZB_11	ZB_12	ZB_13	ZB_14	ZB_15	ZB_16	ZB_17	ZB_18	ZB_19	ZB_20	ZB_21	ZB_22	ZB_23	ZB_24	ZB_25	ZB_26	ZB_27	ZB_28	ZB_29	ZB_30	ZB_31	ZB_32	ZB_33	ZB_34	ZB_35	ZB_36	ZB_37	ZB_38	ZB_39	ZB_40	ZB_41	ZB_42	ZB_43	ZB_44	ZB_45	ZB_46	ZB_47	ZB_48	ZB_49	ZB_50	ZB_51	ZB_52	ZB_53	ZB_54	ZB_55	ZB_56	ZB_57	ZB_58	ZB_59	ZB_60	ZB_61	ZB_62	ZB_63	ZB_64
ZB_1	0	0.500059915416967	0.499303355247541	0.439448126003336	0.510145703747885	0.58843908326237	0.343433515109271	0.46900915046478	0.485214578678849	0.326918748982934	0.437529295349201	0.413230702683518	0.6242364784758	0.496127961936958	0.508179090614669	0.489578940359133	0.453623801115781	0.462798140491041	0.454667722780699	0.475104854691974	0.305882877559893	0.441150774845176	0.443775246111796	0.499430031031644	0.470421494798369	0.368186966745872	0.492737572696752	0.326336600976166	0.35032330560265	0.463999456595571	0.451289183403553	0.53116734606019	0.452199319177235	0.574580321437474	0.54286788743071	0.439439590722442	0.472719552344723	0.598615958347165	0.345622774763218	0.457322742515679	0.481044556845674	0.50244185902746	0.470497847747423	0.326547822374039	0.533741549405924	0.494163661505925	0.359908987805349	0.388229173042786	0.464520919206515	0.568573696183146	0.483299961658075	0.496277376791512	0.355455062953233	0.454583965827656	0.538760049024149	0.343599218225127	0.468457912887302	0.47894709583862	0.467653863230953	0.481056760177471	0.550877856488283	0.465349417637271	0.466900697123744	0.547371229535113
ZB_2	0.500059915416967	0	0.359812094746593	0.35623702945871	0.19458928113514	0.712012236472807	0.347647274857422	0.385114216641587	0.358346858187116	0.247547096711705	0.104455340686716	0.419526385960173	0.688726349235534	0.298167436143895	0.273497943683721	0.303273031210623	0.156743497920704	0.395922243875965	0.456351480880292	0.0902961200885899	0.335780586630507	0.328344059809724	0.361112628754158	0.391967712055048	0.433575552807348	0.56973574435886	0.441143634979434	0.367330137052642	0.337765650479288	0.440576938823677	0.310470322907283	0.471017530391568	0.370815894149781	0.588480549871907	0.146165245765019	0.332897860779323	0.236118736613472	0.727984278441138	0.341966519766898	0.37285551019351	0.412578896816685	0.353505305015706	0.327679634775705	0.289240802621596	0.255331548955275	0.333105068148736	0.380554402472211	0.422929473641732	0.358886280194759	0.200243623761815	0.389595739049887	0.437413926224729	0.344424145471068	0.408362806877188	0.455567957413926	0.406705732319564	0.492182666025001	0.323646368258752	0.428149789647105	0.331825620587336	0.155058224163028	0.383471398871017	0.308359746562503	0.230451389110294
ZB_3	0.499303355247541	0.359812094746593	0	0.129919071932201	0.30086760011947	0.844475600285615	0.249459764131334	0.233215869136183	0.207561801210381	0.291700436780513	0.356067731352016	0.506350342956207	0.813898604950659	0.279697130692267	0.259022624501311	0.179526134781453	0.393488327995331	0.174646843210741	0.58417181302405	0.318412465872012	0.318789180070165	0.24677947741967	0.228460603680018	0.0699198422321509	0.491574134161914	0.659152955451189	0.463459980123844	0.28121542088298	0.295042177023899	0.551117014117271	0.217460304508886	0.588975957495094	0.386061661506708	0.645482358391846	0.25033542204202	0.212505778039249	0.347904322162676	0.84798611022456	0.249719357890854	0.110086813650392	0.455988467696568	0.248536663104412	0.0625856183737595	0.307668738019348	0.305125120057697	0.115147715281059	0.28718452666621	0.46899954300558	0.107631426329615	0.274271683820273	0.0429928321402818	0.133816308890493	0.272506289259642	0.458778798689235	0.589028622705499	0.330111294642141	0.612904186268088	0.205052023625827	0.538045475893896	0.146536867316547	0.228134906008109	0.163415034373165	0.182411592878474	0.315322808006766
ZB_4	0.439448126003336	0.35623702945871	0.129919071932201	0	0.257980589651413	0.812514017765399	0.223290138923896	0.119106791338583	0.140273087043905	0.232370211679561	0.352740865835018	0.468301133154428	0.788314478727423	0.174353080459417	0.153490453460621	0.132250681285378	0.358177514021516	0.0775677091253147	0.545452478973556	0.315704078740311	0.276602664666764	0.241977596846201	0.110077400827535	0.0977657291313679	0.453398194938279	0.626047471404031	0.483869161302492	0.313993709488571	0.215055927768353	0.511742295515928	0.0990161490472782	0.521619950648626	0.377244437776091	0.648247677504115	0.248959131752149	0.247291442932182	0.287560182301707	0.816674034080892	0.283933941977302	0.0231921382582176	0.398204185287182	0.141092509372017	0.0704494377100099	0.280629720872081	0.207856120257695	0.0941905613995466	0.303718484384129	0.462352583640435	0.101268776432842	0.27242973448431	0.0945261493279115	0.125196394608451	0.28838906680569	0.408680356542878	0.52333231561513	0.360659814957948	0.565404087991055	0.0895497215069068	0.498387088489257	0.116535164897542	0.227285322048414	0.107791246694682	0.0626310283635378	0.31252992047611
ZB_5	0.510145703747885	0.19458928113514	0.30086760011947	0.257980589651413	0	0.792469111495166	0.404257926926424	0.295074254387759	0.301468728453279	0.34242612901681	0.198938701738916	0.515255892296989	0.782330417755671	0.19652504933033	0.169186442453769	0.201664595575588	0.210469385670246	0.307023824135063	0.539131587105141	0.174214558259522	0.37561882618704	0.406299372026174	0.235400195208325	0.335845091456064	0.536133368677153	0.629570366210276	0.543350934891704	0.407891912243098	0.392859276428981	0.554753791520245	0.196593960348696	0.533505895162388	0.432140372012837	0.696078727042006	0.0577224408724758	0.377758482791673	0.278701348901276	0.80603284057484	0.43579649761346	0.276451727823299	0.465472315906432	0.262043264253895	0.265915298334251	0.328011730863863	0.151583957233837	0.271816850370466	0.463367250000764	0.550656162569622	0.26381336546353	0.122657470067673	0.333264961693889	0.350837305952817	0.42963160286444	0.463007699478996	0.539625650119965	0.448170520259849	0.550814388516447	0.224253529630644	0.542163877628475	0.269369019817419	0.0781451853771056	0.328279812108195	0.204765863119978	0.0942429969552759
ZB_6	0.58843908326237	0.712012236472807	0.844475600285615	0.812514017765399	0.792469111495166	0	0.738362954282623	0.786364467378905	0.784734054740191	0.673057670557549	0.682149652000096	0.455746163050691	0.282864513167904	0.823615265849657	0.826884464943601	0.769233901963479	0.656249185084739	0.80562193627451	0.340033392183296	0.713250424545147	0.685216941972778	0.729228060180749	0.778521089161773	0.843322274021998	0.55252652115262	0.290874161906337	0.587538085961053	0.739424595670842	0.694091793744856	0.372585051313814	0.773022004460974	0.417354130362002	0.566269775976147	0.341345077256102	0.793726111725851	0.738219492886733	0.741740059470626	0.0697701778940749	0.744995428123571	0.825900657726592	0.53006691960021	0.758141590685222	0.818658914930782	0.684667213918562	0.785539746182687	0.801941891845275	0.6996529015348	0.493242747384881	0.825465369675175	0.788540481032971	0.840739090174018	0.862266077595275	0.710771187666675	0.511967899691701	0.406918045489767	0.730277019792062	0.330714426676811	0.765391174286239	0.385788598992042	0.798548089463232	0.796684677647888	0.810274432650557	0.778090252688815	0.776080879703129
ZB_7	0.343433515109271	0.347647274857422	0.249459764131334	0.223290138923896	0.404257926926424	0.738362954282623	0	0.255054410433275	0.274429863224045	0.154286370371965	0.284323207323886	0.393049822916944	0.696930584263575	0.295545628079433	0.276929915051563	0.311355469789726	0.308144745847162	0.203919978964898	0.485097880169745	0.321949341844049	0.174654389968784	0.150038455732779	0.303504179862679	0.226049377931088	0.354692539302843	0.530735366479265	0.359616850026194	0.150009689546917	0.0853932180874935	0.451410062405423	0.293840661194198	0.456899225635321	0.29840377187003	0.54035515046751	0.396576131586366	0.18760789927997	0.221917528013756	0.743930696851502	0.119561257315608	0.208225803404432	0.292497918998032	0.315530222606935	0.275803502381417	0.167362808833149	0.317549566246427	0.255313059559104	0.146184210036794	0.365057592543744	0.222968510331138	0.369790932299745	0.223270415875354	0.188236890043022	0.128531243872641	0.331024799822064	0.459354221756117	0.197279175225766	0.497916131073625	0.281282905229509	0.438034188034188	0.281489695282925	0.378120825111228	0.239469216566922	0.263651889126279	0.445625354174537
ZB_8	0.46900915046478	0.385114216641587	0.233215869136183	0.119106791338583	0.295074254387759	0.786364467378905	0.255054410433275	0	0.0939673556430446	0.306612429130496	0.380449460018416	0.492902344851129	0.793671617039549	0.157657725273571	0.173037757688532	0.131408349613685	0.384626282087607	0.0679174868766404	0.536283422195404	0.346694337936939	0.356977534779346	0.213195270766349	0.109945045931759	0.20784530839895	0.441485016615673	0.607810419901481	0.501611695741225	0.391402834485893	0.246300750284821	0.52008546585817	0.152018001399402	0.530192761345235	0.427380544543957	0.639943327698207	0.286527158422998	0.296137707779912	0.249442770395257	0.795766682418234	0.363727317243299	0.140157480314961	0.37466647485295	0.139987374306714	0.179936039046487	0.350905654811924	0.159201995012469	0.191940716239425	0.311384930877205	0.508541217762179	0.134522213389336	0.217925377408665	0.204904855643045	0.167835465879265	0.365865558056037	0.426768327936311	0.487956389793104	0.434367524950592	0.555867206971806	0.0901103619362636	0.490065359477124	0.221566694230647	0.265992990494893	0.0902187837108954	0.117863844539151	0.345360656166606
ZB_9	0.485214578678849	0.358346858187116	0.207561801210381	0.140273087043905	0.301468728453279	0.784734054740191	0.274429863224045	0.0939673556430446	0	0.249394892129799	0.354794341304884	0.503716530332947	0.792257115772587	0.229385654977475	0.209143455773542	0.151016974776235	0.391134300671087	0.0885481631891925	0.509574609743107	0.318365352467659	0.309412540178638	0.206068914412745	0.0935525186728832	0.180221709085642	0.46149814035532	0.630586098541332	0.531963257835348	0.345599235680111	0.265036374428846	0.492801757692465	0.137393611141815	0.527973195720796	0.449015055828507	0.651742681556524	0.25287209599183	0.315393735180332	0.267359360428139	0.798398000573606	0.300344703823894	0.161544039947786	0.401421773933059	0.177026498925313	0.152052470412977	0.31225630733945	0.185916249105225	0.173823996585168	0.330952041107622	0.471904153299078	0.164067376154375	0.211325913861113	0.177167031637426	0.189511634171104	0.304270579240543	0.417035960669147	0.52171982495747	0.375312177541163	0.554270110479244	0.129297595572801	0.479836043217485	0.139565640801017	0.260498808954984	0.121543754395777	0.157051078175689	0.315385555751756
ZB_10	0.326918748982934	0.247547096711705	0.291700436780513	0.232370211679561	0.34242612901681	0.673057670557549	0.154286370371965	0.306612429130496	0.249394892129799	0	0.181341873028442	0.367567523583754	0.6259509026527	0.343359112361266	0.325005741122284	0.252681747539285	0.246761168538256	0.28410514893766	0.400866333394404	0.220365373642421	0.125359590694082	0.215750840603496	0.2600345117601	0.270235214696936	0.356454531093048	0.505743383030125	0.400375534918925	0.163092962641182	0.169120204409825	0.36416929136987	0.2001175302287	0.393714325587886	0.282092787892031	0.526804697648525	0.298608710399123	0.267735369812781	0.303255071328945	0.680296580424526	0.114056948523246	0.251362541486752	0.301784271367557	0.273148070392304	0.242771939160126	0.0793391605033138	0.322568021513927	0.202754158544263	0.190282559982511	0.334571923037769	0.294238683127572	0.341802756898367	0.267515947723325	0.328543391135557	0.123231702459399	0.280291954029592	0.408335841930982	0.19226074171142	0.448936344464691	0.235695742012963	0.369931903723596	0.180880397181044	0.30494248701501	0.272562688357667	0.216373210108136	0.354517020703142
ZB_11	0.437529295349201	0.104455340686716	0.356067731352016	0.352740865835018	0.198938701738916	0.682149652000096	0.284323207323886	0.380449460018416	0.354794341304884	0.181341873028442	0	0.397319505850806	0.654938515578466	0.297484816992954	0.27397293189723	0.302346769157438	0.0777617100792078	0.390760740058661	0.43398261799455	0.0997228447118896	0.268598102195374	0.326292141430753	0.357407781429594	0.386643095535431	0.409294795510837	0.54421751038912	0.416678200872769	0.299798214582189	0.292412644431935	0.418622103194518	0.309158622501149	0.447189272821042	0.301193307507763	0.562625990026401	0.153021672775571	0.330649894443617	0.238256706029449	0.698485992617572	0.274715520874574	0.368559242640895	0.346876470127019	0.32569038736773	0.325514386463796	0.222573785775405	0.256631726970249	0.330673192766347	0.316063453043044	0.398995029995012	0.355354450378149	0.204151491332809	0.384387690584864	0.43019721389568	0.278656545921011	0.340474496629003	0.432164345882757	0.338737691728075	0.469228264408987	0.321759880776042	0.411980376968758	0.329421080190547	0.161376268861886	0.378691262314422	0.307168655391746	0.196932087574955
ZB_12	0.413230702683518	0.419526385960173	0.506350342956207	0.468301133154428	0.515255892296989	0.455746163050691	0.393049822916944	0.492902344851129	0.503716530332947	0.367567523583754	0.397319505850806	0	0.507749357356245	0.534764956219733	0.515619038301619	0.444931456724298	0.349593278325129	0.485651393031834	0.15321014752749	0.426219326584118	0.429243993394648	0.433532943477899	0.485342071568703	0.514395890392293	0.204358175644796	0.278080188541537	0.257168903906937	0.444508098966869	0.347074800947993	0.135930014140689	0.440312280529832	0.246836812224309	0.151869838159127	0.270649768658218	0.509135959184172	0.429047436967905	0.448516280784794	0.441472237630279	0.417448117470504	0.482173018871494	0.196008880496083	0.405409335466046	0.492141115387389	0.40267693684653	0.497387222520146	0.479452424813756	0.442981511756184	0.18187351016889	0.478191601049869	0.51589157499506	0.502619754319166	0.511706187958813	0.392083249553096	0.17757715157907	0.247685662999088	0.467258247504182	0.156991836074528	0.443977950216136	0.129378076298808	0.488340259238395	0.499283400937784	0.508741402715533	0.433522601776681	0.487594573826693
ZB_13	0.6242364784758	0.688726349235534	0.813898604950659	0.788314478727423	0.782330417755671	0.282864513167904	0.696930584263575	0.793671617039549	0.792257115772587	0.6259509026527	0.654938515578466	0.507749357356245	0	0.807560350238249	0.807439425806113	0.773908113826175	0.625567481434713	0.796190532967688	0.520418868839791	0.690655532593873	0.627162659512262	0.70984183414351	0.78491164812368	0.819951423619866	0.489253459814177	0.471407260069617	0.531927370936963	0.683052143089079	0.644373346646413	0.529117422270467	0.758369014269251	0.467079304887412	0.501457101979548	0.507901689063528	0.783854908731289	0.737640692704452	0.742547781986882	0.296701615071241	0.691256128420054	0.804206217995158	0.529583769039676	0.761146607503867	0.786859438952845	0.627398915301943	0.796264901158882	0.775934173536751	0.692779682183681	0.542626642349351	0.796526541957064	0.795358605148171	0.808509748676483	0.835227098334592	0.659935024447872	0.503203452073844	0.477105069756429	0.669414927395115	0.513647011042882	0.769575097313348	0.537964777633112	0.770532901163882	0.787431623426755	0.779704371195953	0.764682624167402	0.763336828930009
ZB_14	0.496127961936958	0.298167436143895	0.279697130692267	0.174353080459417	0.19652504933033	0.823615265849657	0.295545628079433	0.157657725273571	0.229385654977475	0.343359112361266	0.297484816992954	0.534764956219733	0.807560350238249	0	0.029940028150052	0.263197136377601	0.304868495977847	0.175336999367366	0.597113042515501	0.258362267142291	0.391928762030402	0.304975256567804	0.252087881496242	0.257526253478682	0.501622321394432	0.651224119142753	0.528737240675904	0.42448288842916	0.286148960645485	0.566908098254186	0.242175369630899	0.579397640568724	0.456926390078099	0.675466943267321	0.187769570607854	0.361677964637724	0.207786472708381	0.827261084979914	0.398311662785623	0.194083549870078	0.434874430676064	0.268436238519683	0.230031374722008	0.392094393753659	0.0922405153901217	0.241163030330182	0.377600762079953	0.534901205023402	0.186986130874316	0.162299363144186	0.2547702147942	0.220025676901551	0.399526956023828	0.483715427088369	0.557203997138492	0.465112250438908	0.615097302347791	0.230416815105094	0.55498824256846	0.268984364499798	0.166734768714967	0.158185840707965	0.210789166992427	0.252095918606402
ZB_15	0.508179090614669	0.273497943683721	0.259022624501311	0.153490453460621	0.169186442453769	0.826884464943601	0.276929915051563	0.173037757688532	0.209143455773542	0.325005741122284	0.27397293189723	0.515619038301619	0.807439425806113	0.029940028150052	0	0.236176359927236	0.282241537291991	0.155012163002865	0.579056871863006	0.233541022592152	0.372897434961871	0.278976385798266	0.223414308947854	0.236250076494707	0.506863981538627	0.653552748892671	0.533435241286473	0.405311184601147	0.26807892741324	0.548659693357795	0.213576697269828	0.559980453828371	0.436615552269012	0.677397594680843	0.160430963731294	0.343524704278209	0.190008730235716	0.826859283537971	0.379252811988974	0.173122819900863	0.414956362433526	0.241926525967869	0.209438363003644	0.366775235871179	0.0731884574278589	0.22057424800856	0.393203696942913	0.514178614540757	0.166757253409944	0.135611422493147	0.233507741264304	0.198935958631663	0.380907179488841	0.463797358845831	0.561105183768073	0.445765348600391	0.597126728359209	0.202529390808693	0.5366541441433	0.248261205564142	0.139396161838406	0.174231993146074	0.182190494631356	0.2258973543734
ZB_16	0.489578940359133	0.303273031210623	0.179526134781453	0.132250681285378	0.201664595575588	0.769233901963479	0.311355469789726	0.131408349613685	0.151016974776235	0.252681747539285	0.302346769157438	0.444931456724298	0.773908113826175	0.263197136377601	0.236176359927236	0	0.309577994647284	0.144861229988601	0.49861941272228	0.26331415610645	0.361597025859413	0.273295315015417	0.104076079333464	0.2180827221268	0.451735442724846	0.59273456629861	0.500342709951302	0.39504926091511	0.301539218351522	0.482340660842767	0.0881941577932825	0.489913529361774	0.356438812083973	0.624737514721728	0.192864213652352	0.249666663221325	0.302175240255736	0.778934549476222	0.353683301675013	0.15261189145448	0.372160990646089	0.0980895063464387	0.140997314525758	0.312250528895857	0.174237063475352	0.147502746958512	0.354222737429229	0.49833936991731	0.142734868868001	0.176274052557651	0.215238578801017	0.238375060931377	0.35602404766398	0.375653577280624	0.484004726835342	0.422935589708168	0.51088936661986	0.0458989991947544	0.451541588658718	0.158302241422841	0.171721533028637	0.213584146711241	0.0735907210319837	0.257293145082634
ZB_17	0.453623801115781	0.156743497920704	0.393488327995331	0.358177514021516	0.210469385670246	0.656249185084739	0.308144745847162	0.384626282087607	0.391134300671087	0.246761168538256	0.0777617100792078	0.349593278325129	0.625567481434713	0.304868495977847	0.282241537291991	0.309577994647284	0	0.394557148523828	0.412529935729115	0.151656412126631	0.328078600801005	0.362984333609157	0.362629083664166	0.422286877401731	0.357995307878005	0.497905647903287	0.365455879703018	0.357155184213189	0.242297497680361	0.397403299223345	0.316377119026014	0.399020113460547	0.250267429663402	0.550238180971668	0.20293674020035	0.336620795967279	0.247491211604569	0.673005997538169	0.33377965829361	0.373385636871624	0.298818017876745	0.331869069377862	0.364710518285005	0.285186772118377	0.265376551255171	0.369569532793904	0.369836556130141	0.415439988578556	0.360560066366246	0.248379327931093	0.42016253996095	0.432585942264835	0.336220256822578	0.290817166134582	0.383995186522262	0.39344437898345	0.423931493657205	0.328257348373575	0.390843760040497	0.36894038183031	0.210110898117724	0.413916099884668	0.314363424657128	0.242947161774888
ZB_18	0.462798140491041	0.395922243875965	0.174646843210741	0.0775677091253147	0.307023824135063	0.80562193627451	0.203919978964898	0.0679174868766404	0.0885481631891925	0.28410514893766	0.390760740058661	0.485651393031834	0.796190532967688	0.175336999367366	0.155012163002865	0.144861229988601	0.394557148523828	0	0.544951183563649	0.357567409944285	0.309577545028266	0.183375613369132	0.124319225721785	0.145932328801105	0.450367921791344	0.617049377852956	0.502183244733775	0.345264180434433	0.196382007822686	0.511947074198672	0.165952388524903	0.521615898006332	0.398893224271085	0.641233203515282	0.298476728170301	0.247768365603645	0.246426959034842	0.804756926293779	0.316574638093986	0.099248990487776	0.359208502615723	0.153157926380184	0.141349933931371	0.329746470001575	0.163181818181818	0.155218718958096	0.302744115277902	0.489620836446799	0.0815538754686828	0.229874947155968	0.142865696920965	0.104205605478022	0.319996299222125	0.398315169039146	0.52329012471239	0.389803088069883	0.557745169774754	0.104044749061765	0.498876319758673	0.184308062378295	0.277942560242196	0.0956395804308333	0.131798231664652	0.356823295484276
ZB_19	0.454667722780699	0.456351480880292	0.58417181302405	0.545452478973556	0.539131587105141	0.340033392183296	0.485097880169745	0.536283422195404	0.509574609743107	0.400866333394404	0.43398261799455	0.15321014752749	0.520418868839791	0.597113042515501	0.579056871863006	0.49861941272228	0.412529935729115	0.544951183563649	0	0.462139757098426	0.440325589101423	0.463214498502938	0.494802013064612	0.576397825020484	0.264814384438051	0.178341321327807	0.320630203836091	0.466438989455231	0.442402045641142	0.042888668301927	0.497192381867047	0.134771449218782	0.282031842304776	0.233043736741836	0.541849567389801	0.485986570617855	0.495140103766909	0.318097209609278	0.47740989870966	0.558416891874826	0.23245366107728	0.453625640896118	0.552283136710618	0.401804849631494	0.537666998819014	0.530697056791417	0.466925077252566	0.21053840537503	0.575300876927729	0.539657946079159	0.574556232775205	0.605202635197294	0.442833279929402	0.21044211153455	0.170695148599046	0.480411439578605	0.0612638754294776	0.490470537721314	0.059980273202632	0.522255084146884	0.548250242973485	0.565846864716337	0.508102442350921	0.488749481668651
ZB_20	0.475104854691974	0.0902961200885899	0.318412465872012	0.315704078740311	0.174214558259522	0.713250424545147	0.321949341844049	0.346694337936939	0.318365352467659	0.220365373642421	0.0997228447118896	0.426219326584118	0.690655532593873	0.258362267142291	0.233541022592152	0.26331415610645	0.151656412126631	0.357567409944285	0.462139757098426	0	0.308465746623985	0.250688016012009	0.320909399608686	0.3507757874409	0.440493227365141	0.573517469344403	0.44789958503161	0.33996769857158	0.312721469419118	0.446647981930204	0.269013413447858	0.476806160906097	0.331138689766339	0.591902715189154	0.125612356058733	0.255849600584173	0.177860471394519	0.728903395182176	0.314642347108184	0.332427598205472	0.375528719577766	0.315617560928092	0.286072451221948	0.261996176697195	0.216130613359143	0.29153292934674	0.354473521798804	0.430049778002763	0.319454617518827	0.18070236962076	0.34838849304122	0.398465319064606	0.278701366524502	0.370029690270687	0.461646724169118	0.379283888292505	0.497249637865104	0.2838134011226	0.434471601113719	0.289584326937062	0.134774126262942	0.34335226794308	0.26752418280211	0.189757277504379
ZB_21	0.305882877559893	0.335780586630507	0.318789180070165	0.276602664666764	0.37561882618704	0.685216941972778	0.174654389968784	0.356977534779346	0.309412540178638	0.125359590694082	0.268598102195374	0.429243993394648	0.627162659512262	0.391928762030402	0.372897434961871	0.361597025859413	0.328078600801005	0.309577545028266	0.440325589101423	0.308465746623985	0	0.252462283358634	0.299303395103476	0.297281305100631	0.396243910201484	0.540688176994255	0.419255034451024	0.105598485776694	0.189265262893353	0.441698548107312	0.309583837755589	0.400962054561154	0.340794673464518	0.557700181797337	0.380746025195055	0.291495989599941	0.341593949970913	0.692537520651978	0.153719148729529	0.296243294330122	0.36628103197393	0.364947615576598	0.287300671402532	0.0992695856426922	0.408125952896021	0.299694632073532	0.203548832812159	0.373959694403025	0.327387891365154	0.419036936881568	0.294433942782711	0.35665756032483	0.15248850713289	0.344901003722318	0.430807950694596	0.0958974672382333	0.44998125133919	0.332225420765413	0.445529590192755	0.296387972841901	0.392726478457926	0.305444907347464	0.315343275366308	0.387487121668643
ZB_22	0.441150774845176	0.328344059809724	0.24677947741967	0.241977596846201	0.406299372026174	0.729228060180749	0.150038455732779	0.213195270766349	0.206068914412745	0.215750840603496	0.326292141430753	0.433532943477899	0.70984183414351	0.304975256567804	0.278976385798266	0.273295315015417	0.362984333609157	0.183375613369132	0.463214498502938	0.250688016012009	0.252462283358634	0	0.262936132198645	0.223682981505698	0.367761003275022	0.532710867993335	0.417047188552673	0.245291921161566	0.184386464856748	0.428707669145397	0.296031866117267	0.46032985368358	0.344502629399987	0.541809703890001	0.365550323130104	0.145464689367216	0.155039970749057	0.72487344961389	0.216333872733506	0.227393522318801	0.300904778395255	0.278284473035073	0.250909745859278	0.229046442302926	0.289063771529234	0.229883984829934	0.204367272911202	0.379707292646215	0.237730919947751	0.302546215119483	0.22037995873399	0.229644538963998	0.176695910955927	0.343366013523791	0.461861741212791	0.290247669459506	0.501087665869045	0.241237345569322	0.414410428983491	0.257700749544599	0.346691673763839	0.204904116769026	0.265801983891002	0.416796248749382
ZB_23	0.443775246111796	0.361112628754158	0.228460603680018	0.110077400827535	0.235400195208325	0.778521089161773	0.303504179862679	0.109945045931759	0.0935525186728832	0.2600345117601	0.357407781429594	0.485342071568703	0.78491164812368	0.252087881496242	0.223414308947854	0.104076079333464	0.362629083664166	0.124319225721785	0.494802013064612	0.320909399608686	0.299303395103476	0.262936132198645	0	0.201998317742717	0.439812976134599	0.593411639081687	0.512678416176784	0.336019808527586	0.293353496026193	0.495655619392636	0.0872376784676903	0.485376950344712	0.428707785124335	0.658421684644833	0.255247613098956	0.293904463265039	0.294390446371961	0.788453777880763	0.319158536949193	0.131883023645061	0.411996862217131	0.132422908856653	0.173284200448963	0.294459619345321	0.208197363733523	0.18572650908702	0.348837374873628	0.480447235553543	0.18891565121439	0.264813375335815	0.198952412509877	0.224237204724409	0.322583222563611	0.395691571402649	0.479201192779031	0.366078609909705	0.515636167766395	0.0803598607945897	0.481326415753451	0.161419175921332	0.262884643737231	0.197748523622047	0.109077147111817	0.291359876138206
ZB_24	0.499430031031644	0.391967712055048	0.0699198422321509	0.0977657291313679	0.335845091456064	0.843322274021998	0.226049377931088	0.20784530839895	0.180221709085642	0.270235214696936	0.386643095535431	0.514395890392293	0.819951423619866	0.257526253478682	0.236250076494707	0.2180827221268	0.422286877401731	0.145932328801105	0.576397825020484	0.3507757874409	0.297281305100631	0.223682981505698	0.201998317742717	0	0.489638895589012	0.653122096588064	0.480254007025595	0.252069184174078	0.274590863681773	0.542477324115705	0.190658710024437	0.580814242959769	0.426323631263131	0.627309440232402	0.286162919277553	0.229003119238396	0.330628184499866	0.846506377930948	0.219295976771739	0.0763441755476613	0.453253253805064	0.225064226449655	0.11067352370641	0.286339592291274	0.285300644237652	0.0818144197167556	0.243571574001254	0.467838607167834	0.16788583054396	0.308171998758384	0.0286616671758132	0.0946060487514088	0.226024900567837	0.456332331705094	0.581796173559681	0.302947753099605	0.613147384206779	0.178560556821641	0.528503327043401	0.114475712740744	0.263962403243642	0.131596457312413	0.154273589340697	0.349577107414717
ZB_25	0.470421494798369	0.433575552807348	0.491574134161914	0.453398194938279	0.536133368677153	0.55252652115262	0.354692539302843	0.441485016615673	0.46149814035532	0.356454531093048	0.409294795510837	0.204358175644796	0.489253459814177	0.501622321394432	0.506863981538627	0.451735442724846	0.357995307878005	0.450367921791344	0.264814384438051	0.440493227365141	0.396243910201484	0.367761003275022	0.439812976134599	0.489638895589012	0	0.317473707890445	0.13852689155696	0.399239922435983	0.328846768119892	0.225670800633887	0.457462448632563	0.214692944839677	0.194511542620983	0.340228010300122	0.529553644306452	0.37084426077512	0.401640625	0.512067813711875	0.368470717631289	0.444862582368439	0.183940002545078	0.408781925966021	0.490395231383603	0.370102215939875	0.507815645839666	0.477448623981318	0.341841950373285	0.235193064283553	0.483423293338376	0.527526892632434	0.487107916041887	0.497581519472938	0.327850450879811	0.148459562797076	0.194664865777478	0.424608192272093	0.278002612535361	0.450782691814918	0.238899678453151	0.46561745180549	0.536874551082311	0.477718184797831	0.470881906675842	0.506573822355765
ZB_26	0.368186966745872	0.56973574435886	0.659152955451189	0.626047471404031	0.629570366210276	0.290874161906337	0.530735366479265	0.607810419901481	0.630586098541332	0.505743383030125	0.54421751038912	0.278080188541537	0.471407260069617	0.651224119142753	0.653552748892671	0.59273456629861	0.497905647903287	0.617049377852956	0.178341321327807	0.573517469344403	0.540688176994255	0.532710867993335	0.593411639081687	0.653122096588064	0.317473707890445	0	0.360607568215365	0.540652756022036	0.51028673087667	0.192977208015947	0.595014397323792	0.254531688166012	0.381819871035134	0.301477427101007	0.653170565329847	0.530226097329367	0.564833875195893	0.292106458636841	0.550512433094079	0.620952436567491	0.340188143184553	0.583004571515167	0.655485302102714	0.487782620238043	0.62573783442795	0.617533624073961	0.503527650004267	0.290023899096484	0.64575777724049	0.647604040088483	0.650935033702991	0.656585662338751	0.515560768665797	0.312398059470537	0.267105575129991	0.556222741388966	0.192831503524469	0.585952763566824	0.229269199612223	0.610511757318552	0.65804880213162	0.639785509585008	0.604017710427778	0.634793567142591
ZB_27	0.492737572696752	0.441143634979434	0.463459980123844	0.483869161302492	0.543350934891704	0.587538085961053	0.359616850026194	0.501611695741225	0.531963257835348	0.400375534918925	0.416678200872769	0.257168903906937	0.531927370936963	0.528737240675904	0.533435241286473	0.500342709951302	0.365455879703018	0.502183244733775	0.320630203836091	0.44789958503161	0.419255034451024	0.417047188552673	0.512678416176784	0.480254007025595	0.13852689155696	0.360607568215365	0	0.362675392486124	0.351586042478153	0.283316626693187	0.498637358580892	0.27687782359647	0.181049491603207	0.349612182809	0.536781142310565	0.362642190505593	0.458410447566666	0.55502815029339	0.344575437926591	0.475940805913423	0.223326638076109	0.469072179276567	0.478936146202686	0.402238645973534	0.559302199751864	0.507291630120806	0.357955629991318	0.251188692379391	0.472894095302068	0.559983769668697	0.481400787789266	0.465138085435209	0.330114386273647	0.193918014286811	0.244860476339172	0.401647594914057	0.334140278940534	0.509621772474198	0.295553097460026	0.507770975702354	0.543978865790546	0.499277622818863	0.499917794861328	0.513905424067813
ZB_28	0.326336600976166	0.367330137052642	0.28121542088298	0.313993709488571	0.407891912243098	0.739424595670842	0.150009689546917	0.391402834485893	0.345599235680111	0.163092962641182	0.299798214582189	0.444508098966869	0.683052143089079	0.42448288842916	0.405311184601147	0.39504926091511	0.357155184213189	0.345264180434433	0.466438989455231	0.33996769857158	0.105598485776694	0.245291921161566	0.336019808527586	0.252069184174078	0.399239922435983	0.540652756022036	0.362675392486124	0	0.22434882510277	0.467499412536601	0.345761557285708	0.463579315048556	0.357039825499578	0.565937195823378	0.412754095998008	0.25019226402795	0.345619115193587	0.744941287909719	0.0565533452313586	0.300250182465371	0.39331418991817	0.397772276396274	0.308156563415284	0.0993334510643016	0.438718806841128	0.303750276697955	0.153891575750759	0.364655886642788	0.346586146321552	0.449065822629218	0.254299677654154	0.281319148253856	0.100220442628872	0.371509764973685	0.490079612668147	0.0556117935669795	0.506597615041565	0.366741430160889	0.470596882111911	0.300454838747986	0.424115302212186	0.341755222879699	0.350731891038409	0.41914675790033
ZB_29	0.35032330560265	0.337765650479288	0.295042177023899	0.215055927768353	0.392859276428981	0.694091793744856	0.0853932180874935	0.246300750284821	0.265036374428846	0.169120204409825	0.292412644431935	0.347074800947993	0.644373346646413	0.286148960645485	0.26807892741324	0.301539218351522	0.242297497680361	0.196382007822686	0.442402045641142	0.312721469419118	0.189265262893353	0.184386464856748	0.293353496026193	0.274590863681773	0.328846768119892	0.51028673087667	0.351586042478153	0.22434882510277	0	0.408226510423832	0.283992709997133	0.410734149054505	0.249366621222449	0.541480725589046	0.385370865991206	0.234012565632103	0.242893858958532	0.700540833970003	0.196144111152997	0.233505621531472	0.244910503133906	0.305776401661935	0.266217552620689	0.214051612547853	0.308138807804813	0.277664568310748	0.218024582117823	0.38494784909094	0.214953958452275	0.359475077904408	0.271986195622559	0.239149940968123	0.202541569109191	0.283023798932384	0.413746100261259	0.268135063816038	0.455237605553029	0.272016934180042	0.394632981397687	0.302614091048994	0.367380161536991	0.230726005439187	0.254672291163261	0.433631682620866
ZB_30	0.463999456595571	0.440576938823677	0.551117014117271	0.511742295515928	0.554753791520245	0.372585051313814	0.451410062405423	0.52008546585817	0.492801757692465	0.36416929136987	0.418622103194518	0.135930014140689	0.529117422270467	0.566908098254186	0.548659693357795	0.482340660842767	0.397403299223345	0.511947074198672	0.042888668301927	0.446647981930204	0.441698548107312	0.428707669145397	0.495655619392636	0.542477324115705	0.225670800633887	0.192977208015947	0.283316626693187	0.467499412536601	0.408226510423832	0	0.480282130123742	0.150183429104447	0.246074841520009	0.194697982357588	0.52644121064988	0.452356094173831	0.48004296346492	0.330465435695218	0.441638874393051	0.524857996284779	0.19594753161934	0.437082312529993	0.518682283741971	0.403638840703689	0.522558680248007	0.496234113886218	0.431583586737115	0.169769940519046	0.543362654351187	0.52471162732324	0.540613873222964	0.572886782306374	0.406516578543725	0.172184587240832	0.175516247713836	0.48945847588515	0.101341261763755	0.473927209355189	0.0440508653041389	0.487026593166147	0.533057151538909	0.532532069214571	0.491559113984795	0.505837748320802
ZB_31	0.451289183403553	0.310470322907283	0.217460304508886	0.0990161490472782	0.196593960348696	0.773022004460974	0.293840661194198	0.152018001399402	0.137393611141815	0.2001175302287	0.309158622501149	0.440312280529832	0.758369014269251	0.242175369630899	0.213576697269828	0.0881941577932825	0.316377119026014	0.165952388524903	0.497192381867047	0.269013413447858	0.309583837755589	0.296031866117267	0.0872376784676903	0.190658710024437	0.457462448632563	0.595014397323792	0.498637358580892	0.345761557285708	0.283992709997133	0.480282130123742	0	0.4880227263926	0.386331451793706	0.638872382094118	0.187372641335933	0.315640270317103	0.323603486422209	0.788381753451111	0.308888781442126	0.120755739836434	0.395473577252383	0.117043487709658	0.16235275724025	0.256216888612459	0.1940790879943	0.115300724653026	0.361989698554926	0.466229225927671	0.178393109268885	0.243373106112496	0.187622028435537	0.2132240191368	0.30444024649028	0.378368148443281	0.487384034372349	0.375468616259816	0.517840083820402	0.0640575250726057	0.467148853595388	0.0880155213549723	0.204985372067666	0.186812782400687	0.0363851206837404	0.254988921323814
ZB_32	0.53116734606019	0.471017530391568	0.588975957495094	0.521619950648626	0.533505895162388	0.417354130362002	0.456899225635321	0.530192761345235	0.527973195720796	0.393714325587886	0.447189272821042	0.246836812224309	0.467079304887412	0.579397640568724	0.559980453828371	0.489913529361774	0.399020113460547	0.521615898006332	0.134771449218782	0.476806160906097	0.400962054561154	0.46032985368358	0.485376950344712	0.580814242959769	0.214692944839677	0.254531688166012	0.27687782359647	0.463579315048556	0.410734149054505	0.150183429104447	0.4880227263926	0	0.237400045388405	0.284116796665806	0.560209527282404	0.457902254735746	0.486885961042653	0.373846787240582	0.475341567231875	0.535662112698404	0.183822803389152	0.441629357837826	0.555076782646048	0.394556231254584	0.532099628416909	0.532138577783128	0.464205503297476	0.31690947114221	0.554922229736257	0.557341524127282	0.578852772048082	0.586763070077864	0.438452336595219	0.157820264277915	0.0715078916097208	0.444236494856943	0.097724854780991	0.481044773296515	0.188162422208534	0.523165166422441	0.566640526938083	0.569492277744502	0.499906784217622	0.505106154601389
ZB_33	0.452199319177235	0.370815894149781	0.386061661506708	0.377244437776091	0.432140372012837	0.566269775976147	0.29840377187003	0.427380544543957	0.449015055828507	0.282092787892031	0.301193307507763	0.151869838159127	0.501457101979548	0.456926390078099	0.436615552269012	0.356438812083973	0.250267429663402	0.398893224271085	0.282031842304776	0.331138689766339	0.340794673464518	0.344502629399987	0.428707785124335	0.426323631263131	0.194511542620983	0.381819871035134	0.181049491603207	0.357039825499578	0.249366621222449	0.246074841520009	0.386331451793706	0.237400045388405	0	0.375836321857738	0.425631185933719	0.307214527303629	0.385553485130815	0.536406962495731	0.334007646120649	0.392054913886877	0.0998474620277814	0.333750751352434	0.371625647837828	0.313282108840986	0.436892567979484	0.389198417367431	0.35865692457976	0.297130194730144	0.359399010705478	0.436015088461222	0.412456609438034	0.424939204074042	0.313926282890716	0.0909126464204001	0.241489066891883	0.392795993995684	0.286178268723079	0.374346045103408	0.260383816582002	0.409840180738014	0.409993041635943	0.42266085183507	0.36195089834294	0.401915944801919
ZB_34	0.574580321437474	0.588480549871907	0.645482358391846	0.648247677504115	0.696078727042006	0.341345077256102	0.54035515046751	0.639943327698207	0.651742681556524	0.526804697648525	0.562625990026401	0.270649768658218	0.507901689063528	0.675466943267321	0.677397594680843	0.624737514721728	0.550238180971668	0.641233203515282	0.233043736741836	0.591902715189154	0.557700181797337	0.541809703890001	0.658421684644833	0.627309440232402	0.340228010300122	0.301477427101007	0.349612182809	0.565937195823378	0.541480725589046	0.194697982357588	0.638872382094118	0.284116796665806	0.375836321857738	0	0.670968288681053	0.527801164991145	0.591203760454875	0.301235420623832	0.540544961092029	0.643496406701876	0.346009822130331	0.581433137646924	0.654419971241247	0.539949053289614	0.654946878609895	0.616782430641988	0.472745387746322	0.303146941284097	0.667570502977417	0.655685841725295	0.6367750806148	0.655286710403197	0.505049830930771	0.333591335289992	0.265085009445494	0.559104631344732	0.222673217973368	0.618587237510665	0.208663141503925	0.626608458360748	0.66096333235553	0.638563195154629	0.63044779479099	0.6505169263377
