ZB_1	ZB_2	ZB_3	ZB_4	ZB_5	ZB_6	ZB_7	ZB_8	ZB_9	ZB_10	ZB_11	ZB_12	ZB_13	ZB_14	ZB_15	ZB_16	ZB_17	ZB_18	ZB_19	ZB_20	ZB_21	ZB_22	ZB_23	ZB_24	ZB_25	ZB_26	ZB_27	ZB_28	ZB_29	ZB_30	ZB_31	ZB_32	ZB_33	ZB_34	ZB_35	ZB_36	ZB_37	ZB_38	ZB_39	ZB_40	ZB_41	ZB_42	ZB_43	ZB_44	ZB_45	ZB_46	ZB_47	ZB_48	ZB_49	ZB_50	ZB_51	ZB_52	ZB_53	ZB_54	ZB_55	ZB_56	ZB_57	ZB_58	ZB_59	ZB_60	ZB_61	ZB_62	ZB_63	ZB_64
ZB_1	0	0.570286058538435	0.485513786652759	0.554602170984334	0.445382852988863	0.570112249419284	0.457354612382035	0.554008820650144	0.205334322329264	0.0384302786446052	0.420563577397693	0.087819106501795	0.329324395106443	0.522319968202267	0.535486210869163	0.356910965880156	0.432041079789591	0.539974646101838	0.595758314183985	0.920420351297171	0.0266318107053176	0.471882295213596	0.173748060899371	0.459704811350585	0.368344587115342	0.556553173660574	0.423407527087452	0.0379624393583142	0.507255123093809	0.586245331541334	0.210774220344825	0.537216512727115	0.374072065297322	0.554589845787859	0.88814550361229	0.357119416590702	0.51157744268383	0.48160637546786	0.0546301963656797	0.208805137738719	0.386642913067134	0.190848614819029	0.459986610750943	0.23692918332153	0.538748344955424	0.469186601020776	0.0445833438773186	0.324011043511579	0.388879120020319	0.474794157117387	0.438341265836595	0.490418611557057	0.06407261917401	0.39904673683104	0.570296876887356	0.0539797811442801	0.575748842201507	0.129712821212446	0.441636345756712	0.20557726636754	0.445382852988863	0.509975805997862	0.185535339846719	0.481477094981193
ZB_2	0.570286058538435	0	0.540012253524293	0.392569715121688	0.250469817887631	0.401614621837656	0.572877142297661	0.459447444897093	0.476147555015215	0.566410290099687	0.353553567286993	0.588866310665847	0.347685308674906	0.423969411666828	0.445349501309411	0.463853660488147	0.390909314751434	0.50991586937194	0.438451290970858	0.719823360526592	0.587767037608643	0.468618341019526	0.556658939604064	0.582407070897963	0.596715758427511	0.301835048754063	0.43862134088763	0.544384425852219	0.477211682396781	0.424804742887837	0.449080347816267	0.523370516883841	0.503099992275054	0.379246403946208	0.741234629780836	0.533431627750008	0.472746141416393	0.482470859811906	0.577288607245249	0.506099748220978	0.590202892901996	0.523407187148711	0.604021774645258	0.41132300038782	0.449164940288648	0.604878182315905	0.592789226633858	0.477840673335817	0.509934352761013	0.291410065408424	0.607035602183073	0.569479879551054	0.525349958032112	0.506733578051997	0.401880344845531	0.555312999214794	0.409723529915262	0.542217746993157	0.422491771998092	0.502940670331116	0.250469817887631	0.41555019797366	0.495017342373023	0.221477714365744
ZB_3	0.485513786652759	0.540012253524293	0	0.35146162263561	0.53110471551915	0.583595112492824	0.100309793090472	0.352699702985775	0.466604555629351	0.475826121717296	0.258012938774506	0.529572853558534	0.550378713372274	0.383123339065187	0.408841644520869	0.294524707439863	0.200283496912897	0.40026262310458	0.535901855474027	0.802131098311925	0.501644279686822	0.441847557778343	0.467215882444896	0.169330710888802	0.325018553640637	0.575061553135328	0.524227911447031	0.489520632165757	0.459218383617321	0.52928102022122	0.430539315304049	0.479552946023898	0.251940702980669	0.60085479649457	0.738339862268155	0.202302197552209	0.433437548851024	0.43740939512391	0.485910412522135	0.437389401281851	0.311385582623194	0.434822471689608	0.158910244194593	0.467195753621081	0.402623104580272	0.129357837159195	0.490263927970244	0.433187121531398	0.202948981884652	0.488943005436253	0.152624274917383	0.0528682155063681	0.444049206592109	0.377823174945944	0.57559157380004	0.499421986587636	0.538831155868066	0.496445208691574	0.336486096737526	0.417442551195873	0.53110471551915	0.454616226356104	0.45747381585118	0.558279831746735
ZB_4	0.554602170984334	0.392569715121688	0.35146162263561	0	0.363919411794283	0.409325580131515	0.402681855716538	0.100514520417892	0.488945763450229	0.544180639872603	0.315363145040781	0.557480336298414	0.52813004754831	0.069244097446924	0.0776728202263359	0.320975306025118	0.229008194122261	0.161713888028449	0.414534142087314	0.8385064339835	0.556292965247398	0.155165960078443	0.453359090085899	0.408606986590937	0.394863307779981	0.416027677459634	0.497348150797713	0.528891024111969	0.145865603548242	0.403857857891149	0.453515107719649	0.326732228658673	0.370556537536211	0.429303963971998	0.765382964157664	0.397022058933078	0.110967217693812	0.460389061178461	0.539181588457463	0.457255358677869	0.349213883120736	0.457754915563978	0.415348070330931	0.513968543087109	0.0692550553143225	0.422177024665872	0.543916256826889	0.475963533968174	0.334205849788642	0.310884977315712	0.448728799109648	0.389577146604966	0.509996539594763	0.446414011954271	0.38262640910111	0.523724288780806	0.384612227307242	0.490411861381089	0.40661598275234	0.415000807476531	0.363919411794283	0.139635865011046	0.479521947702632	0.398102487342825
ZB_5	0.445382852988863	0.250469817887631	0.53110471551915	0.363919411794283	0	0.589836843966257	0.566998679201305	0.439651607567456	0.3261371448942	0.455696711910923	0.374477362637363	0.468192420893226	0.549898481163413	0.39897007957066	0.422770502026816	0.446096666904478	0.365567832776102	0.495820472301399	0.61438001614665	0.657151579093942	0.466476625323145	0.449106395397955	0.42940558928368	0.577300999192604	0.602839610155216	0.508545048095477	0.614493524250826	0.414128130883488	0.458091092000778	0.605277229551708	0.291334963031066	0.558342005736477	0.490475817198401	0.574977405408046	0.629781136140739	0.524068696038464	0.45343389460555	0.643827364468709	0.468690518826734	0.366363501189532	0.586185018178384	0.393013428713866	0.601014760147601	0.550961525602792	0.427211089580698	0.602151726280818	0.474300109053009	0.60433949063684	0.498176441596846	0.068411888261913	0.604414960469047	0.563518051555386	0.391159810339828	0.626232772654835	0.590013565232612	0.427315312077563	0.595231844420148	0.406840744986401	0.547800415825365	0.364625889093247	0	0.387836424588395	0.349092868538067	0.0473326513889707
ZB_6	0.570112249419284	0.401614621837656	0.583595112492824	0.409325580131515	0.589836843966257	0	0.563975250388485	0.393250556272835	0.61689921115207	0.574542374007508	0.492234982384639	0.563704932665152	0.340401653868872	0.388284457013813	0.370056834852914	0.457658995450041	0.519058109860922	0.359808123589277	0.118352923759024	0.950921506302246	0.562527541222164	0.330229290270777	0.606456949362835	0.531734879966516	0.376904757356359	0.144675350096649	0.232617444753403	0.580879104335959	0.349869352391022	0.0926023200702517	0.620828884246965	0.228814576051573	0.454887857649909	0.044743442771318	0.954003062034426	0.465811191886788	0.351578696177422	0.199768730528631	0.569928907485703	0.618224902518838	0.404616961919799	0.603996920213111	0.5187057323275	0.404545757515164	0.374563031375426	0.560711701453356	0.567906149729914	0.292340757185707	0.491749221624682	0.607940334827967	0.538658655120615	0.576085632704981	0.58845381364783	0.299698424819767	0.0941361953014017	0.576402762525965	0.086534530409328	0.594198842567142	0.30838600819363	0.62570986060919	0.589836843966257	0.353488935032319	0.610379639937047	0.57725507345974
ZB_7	0.457354612382035	0.572877142297661	0.100309793090472	0.402681855716538	0.566998679201305	0.563975250388485	0	0.371306279564127	0.437885602447117	0.447136716240921	0.290979721855334	0.471765732826062	0.528022574863022	0.402365768491743	0.428621585562812	0.25582958134534	0.286252836431686	0.419863262922037	0.485738499277917	0.844751539648509	0.474367969431955	0.461915892968342	0.488215842860882	0.119270227392914	0.25451361117346	0.554538901548621	0.472858438357439	0.462114823538535	0.480051196609023	0.50673511802671	0.399335166900809	0.451964550048492	0.211689176874297	0.581894124138404	0.820741141680308	0.160822438261258	0.453731543367103	0.410463142055789	0.45777294662121	0.457765989364894	0.294479469162366	0.454746862179999	0.108502135272391	0.440703579240941	0.422273078371667	0.101974785609348	0.462364741340975	0.405812561037995	0.198323654883389	0.56915469062177	0.0577353127885503	0.0669815459006192	0.413620567551098	0.315293049530919	0.527690903594847	0.472547746210836	0.516558735990327	0.468852437391585	0.303775197156437	0.468692915947251	0.566998679201305	0.424731395555907	0.42774556942823	0.59446507652863
ZB_8	0.554008820650144	0.459447444897093	0.352699702985775	0.100514520417892	0.439651607567456	0.393250556272835	0.371306279564127	0	0.519977178471692	0.543573406177146	0.382138665603756	0.556885943192071	0.527523203928268	0.0677026919650885	0.076124464792912	0.387931171653974	0.300089772362937	0.0644919242019585	0.347581403400393	0.892694687716915	0.55569537595059	0.153802580424311	0.452589318417001	0.437279787838606	0.329916047263245	0.448922259333883	0.49673362024785	0.528263421887458	0.144431726652253	0.334895865886095	0.485737811572399	0.244860275716301	0.37177173859675	0.413290377619564	0.822890667690626	0.367051540253767	0.1094747551825	0.400702154792082	0.53856095337859	0.489481890100782	0.282382931127542	0.4892246742517	0.382904589171021	0.513375639208921	0.0676925685700962	0.391993556031735	0.543301998449127	0.475343133298056	0.335433989064598	0.389024678412666	0.418569932978458	0.358877410724239	0.509343766505078	0.38755921102734	0.381781156759635	0.523082835648306	0.345022779163116	0.489696096931175	0.376767209361795	0.481918871347174	0.439651607567456	0.138191529950401	0.51130276463415	0.472282937779681
ZB_9	0.205334322329264	0.476147555015215	0.466604555629351	0.488945763450229	0.3261371448942	0.61689921115207	0.437885602447117	0.519977178471692	0	0.191473484780782	0.322211381888	0.205324430670817	0.392803416865102	0.503869152303904	0.508823436673405	0.289642103757732	0.350864629050485	0.513500383444897	0.638395401862056	0.846876936265564	0.202478158564064	0.487945246433758	0.131668350013773	0.417938776063556	0.405771352757271	0.543416125747956	0.486210981714742	0.17113800067919	0.479437100846577	0.630402854819328	0.0969542431969311	0.589561794875251	0.348795782609839	0.603966834661031	0.817180975327836	0.372428226798524	0.474718229381547	0.535209650320912	0.179637026391074	0.0878707189422459	0.410322597052503	0.10000622759179	0.389729680288191	0.324325520333958	0.512222446437642	0.423076054593372	0.185957101470302	0.405934337168022	0.375825614819546	0.338918690120553	0.418521709108339	0.471611849920501	0.2369208280926	0.459122146206472	0.617053386153556	0.159003840103007	0.621609866724658	0.0927275256510498	0.439508690614137	0.140786367173589	0.3261371448942	0.4822668321073	0.0261273056336401	0.363644465569485
ZB_10	0.0384302786446052	0.566410290099687	0.475826121717296	0.544180639872603	0.455696711910923	0.574542374007508	0.447136716240921	0.543573406177146	0.191473484780782	0	0.417395322980888	0.122719613869992	0.326007074557436	0.511408843568522	0.533513798136218	0.366985321844057	0.422079423495636	0.537993889058054	0.599678034447188	0.913644156665612	0.064343123187606	0.46035121109839	0.159340659340659	0.458263197387901	0.344563803785795	0.561265634581588	0.429675890879525	0.0576842495054522	0.505347373154463	0.590350770569307	0.225637279202651	0.542346534016596	0.383352455971359	0.559343903546802	0.891903979735212	0.346836827711942	0.500149208091868	0.486739165823468	0.0163872860238628	0.223795352094184	0.395745922274086	0.17727252833822	0.449226649461828	0.224517559127265	0.536769814922691	0.459191498685364	0.0460611472893108	0.323332004726046	0.378778109919309	0.462797452150473	0.427765352462258	0.48082330342146	0.0828171979778244	0.416840698623991	0.57472321659837	0.0734172034418578	0.580064137876761	0.114598661066664	0.44971666724159	0.191971824190669	0.455696711910923	0.508060909619427	0.171333473734331	0.477297095327832
ZB_11	0.420563577397693	0.353553567286993	0.258012938774506	0.315363145040781	0.374477362637363	0.492234982384639	0.290979721855334	0.382138665603756	0.322211381888	0.417395322980888	0	0.43942972949395	0.421698741341118	0.348695600655656	0.369852831871562	0.164638797323952	0.132089696564429	0.430263861340723	0.505557984137888	0.767664596769218	0.437939874312013	0.40519604955216	0.407468278432017	0.293863470271547	0.324187290443147	0.453263908498233	0.402700972823433	0.394817052657076	0.39889381569856	0.498013984557392	0.293763238739181	0.442090259761058	0.211990279846359	0.497019365058252	0.782582707009506	0.255667000093682	0.395840972531919	0.404713238987719	0.428208794778456	0.355368645521007	0.324085768922045	0.37782628217103	0.316523165231652	0.424535416918064	0.36922433825514	0.336798044862985	0.444746882560953	0.389836268240023	0.224593395761459	0.403251399759131	0.329475170103827	0.298164370137553	0.375896569821426	0.37212209992647	0.477728071385309	0.405680181938071	0.483657631379245	0.388286379124075	0.338053544074641	0.354070724925455	0.374477362637363	0.337826391829877	0.340993428748963	0.35441338186886
ZB_12	0.087819106501795	0.588866310665847	0.529572853558534	0.557480336298414	0.468192420893226	0.563704932665152	0.471765732826062	0.556885943192071	0.205324430670817	0.122719613869992	0.43942972949395	0	0.330555601122029	0.541760936135285	0.528145892704281	0.338125002256815	0.478433271595815	0.532776595554443	0.559581968124416	0.942227394643207	0.0637068502264643	0.492572330820379	0.17337586380228	0.443736818736819	0.331189515409063	0.549732090118977	0.37563412476036	0.121346889963643	0.498987528188136	0.580313224031539	0.210823703875754	0.529782601511986	0.356757967316358	0.547707760170368	0.909175703860273	0.371621778403911	0.514346044893195	0.474190194039514	0.108745412210427	0.208833355065263	0.351622943530458	0.190682633564992	0.462151742859941	0.27779422620669	0.531511565357719	0.483283497448059	0.0808484769316566	0.348277422135776	0.403125386684381	0.496308234468559	0.45325732676913	0.503951646080988	0.14445582382843	0.3539739771124	0.530779467813073	0.107505951684034	0.56950966583863	0.128792548286727	0.459375563634983	0.230895986222993	0.468192420893226	0.501800015254367	0.185301620960909	0.504170584858884
ZB_13	0.329324395106443	0.347685308674906	0.550378713372274	0.52813004754831	0.549898481163413	0.340401653868872	0.528022574863022	0.527523203928268	0.392803416865102	0.326007074557436	0.421698741341118	0.330555601122029	0	0.512104657752917	0.517048202208161	0.41255027948402	0.45448423926008	0.521519525477256	0.383421906273725	0.933628016908322	0.32837970163009	0.463592147214976	0.372804859956117	0.513478698883715	0.393772519564252	0.317449220883902	0.169595943417233	0.338169461417373	0.489008197459688	0.36752378794744	0.400272525339257	0.471701344293176	0.425366435492598	0.314113735997973	0.938063325769304	0.43742231398243	0.48427142340605	0.257834296181485	0.31710300754033	0.395326603280712	0.421213641233334	0.381888407884845	0.490925522472363	0.118282272251903	0.520297537099115	0.537390304566146	0.338300269965707	0.230128128971404	0.465015250673695	0.571000211981756	0.513047236801482	0.554294595549276	0.352606245369886	0.280242471567482	0.340713189278545	0.329585893882797	0.349900668757595	0.349044715035355	0.275811718213634	0.409506936122976	0.549898481163413	0.491704211873246	0.380343297974928	0.535161228179366
ZB_14	0.522319968202267	0.423969411666828	0.383123339065187	0.069244097446924	0.39897007957066	0.388284457013813	0.402365768491743	0.0677026919650885	0.503869152303904	0.511408843568522	0.348695600655656	0.541760936135285	0.512104657752917	0	0.0363726404874447	0.350883423894102	0.258944938783702	0.131323734207654	0.398167484773806	0.874780909246018	0.540487588683665	0.0927262870763168	0.432967931575574	0.441140187996736	0.378579265918664	0.430176912885872	0.481145858200048	0.495400936344738	0.107618976030138	0.383080142346795	0.468202603500534	0.304597968700294	0.401633156576815	0.408767553584627	0.801468877479797	0.396611168320681	0.0711579021838618	0.446681030757263	0.52276668413666	0.472030379462247	0.331540013449899	0.472182601182231	0.432136283867654	0.498337509408077	0.0333606673015201	0.422257192706373	0.527670007070071	0.459622490454489	0.365613340817953	0.345798886320982	0.449347971167136	0.389010689556935	0.475618807092583	0.432619214247792	0.364150007316908	0.506758776912876	0.36638034641216	0.471453080627918	0.406391178870204	0.446928455553483	0.39897007957066	0.101110280820131	0.494597177042569	0.433241302290952
ZB_15	0.535486210869163	0.445349501309411	0.408841644520869	0.0776728202263359	0.422770502026816	0.370056834852914	0.428621585562812	0.076124464792912	0.508823436673405	0.533513798136218	0.369852831871562	0.528145892704281	0.517048202208161	0.0363726404874447	0	0.371028881769113	0.286462166321001	0.11120632856337	0.388440915652712	0.901036794512005	0.526795643149769	0.11739405111163	0.437056295868939	0.458967193784426	0.388302541992626	0.413306603994285	0.467195512977653	0.51743099164938	0.0739355673532691	0.372736695151874	0.472659810847767	0.290743191530072	0.426876196788923	0.390965526834018	0.827346429685064	0.421599093557392	0.0686488632979251	0.438811685075728	0.528129289636239	0.476561244926155	0.340769425856923	0.476605630810278	0.442663649372691	0.502813080016498	0.00904411564099999	0.44784024432343	0.513596140123374	0.445579305856559	0.391125143050313	0.369324914250078	0.47536586677294	0.414483544523305	0.497556303958328	0.424633859310787	0.346260397989477	0.511860844200412	0.355332285016558	0.476185138689622	0.431433494477661	0.468741271844695	0.422770502026816	0.067181197891095	0.499494846722573	0.457218584346742
ZB_16	0.356910965880156	0.463853660488147	0.294524707439863	0.320975306025118	0.446096666904478	0.457658995450041	0.25582958134534	0.387931171653974	0.289642103757732	0.366985321844057	0.164638797323952	0.338125002256815	0.41255027948402	0.350883423894102	0.371028881769113	0	0.220982297485374	0.376730725393223	0.457781667445257	0.862959527910556	0.375176823402931	0.330853746582584	0.347537132890739	0.171192443919717	0.223794455906024	0.444883775149495	0.356346210798924	0.329846375827534	0.35256707519046	0.476322236804294	0.293251172877128	0.43469017573287	0.119300113099594	0.489511776815765	0.838459491687444	0.177198217794664	0.333126449774104	0.380571110940281	0.378259290811838	0.292106575479091	0.213614226565351	0.313771499151904	0.235694536681891	0.367938574907572	0.375172221927826	0.255952061137221	0.383126405318213	0.333411854684512	0.142818611362056	0.470751112597099	0.213589703332788	0.28516642678861	0.376224907240034	0.268753184097619	0.439910521204675	0.341265631188819	0.477389109267941	0.320969247145628	0.270159313165645	0.291556487003488	0.446096666904478	0.355872997152045	0.275528952011549	0.47612204476968
ZB_17	0.432041079789591	0.390909314751434	0.200283496912897	0.229008194122261	0.365567832776102	0.519058109860922	0.286252836431686	0.300089772362937	0.350864629050485	0.422079423495636	0.132089696564429	0.478433271595815	0.45448423926008	0.258944938783702	0.286462166321001	0.220982297485374	0	0.348865020840013	0.52883927872798	0.782485933295278	0.44862778345119	0.323940200293624	0.378577435547029	0.319216400911162	0.357731162638479	0.483362752974707	0.434643205694931	0.407464498352569	0.314580098992075	0.519393734226163	0.343951862667021	0.471715066238689	0.259748394225712	0.524033331712327	0.71824798173367	0.252109392184178	0.312778483976718	0.43344126912753	0.432448923229092	0.347237917531734	0.315763183354051	0.350180157613827	0.340867874265824	0.418034656389443	0.283626775254085	0.280704375156853	0.436925566966608	0.384553952315856	0.221903868446527	0.318977819456903	0.323602697039381	0.242070700431421	0.389403777850569	0.407442732578619	0.508377862271004	0.417833998086026	0.509046027198529	0.413037849813356	0.329362132306224	0.326279204225907	0.365567832776102	0.309579538467287	0.368341173687945	0.39559718937726
ZB_18	0.539974646101838	0.50991586937194	0.40026262310458	0.161713888028449	0.495820472301399	0.359808123589277	0.419863262922037	0.0644919242019585	0.513500383444897	0.537993889058054	0.430263861340723	0.532776595554443	0.521519525477256	0.131323734207654	0.11120632856337	0.376730725393223	0.348865020840013	0	0.31205798138869	0.948863552450857	0.531452755411294	0.127750741941278	0.442784409266037	0.419039553421669	0.316201260751181	0.419044089083399	0.471931660257926	0.522065540377366	0.0854506813125065	0.29780299947577	0.537287032895539	0.196858651869432	0.360392833055495	0.38061329838255	0.879059532424569	0.355620335013332	0.0800401158903499	0.370860255176522	0.532712893999037	0.481639132140976	0.266815083070395	0.481560707003447	0.370970756186191	0.507170691197138	0.102641064177041	0.381208447714685	0.518383157290677	0.450344214133138	0.32258064516129	0.445193543146608	0.408601338686328	0.405986399613541	0.560521703441803	0.357798135832519	0.347459730098604	0.516602475149387	0.308106966611835	0.481500931980236	0.365663965874098	0.473845647477354	0.495820472301399	0.174255114827941	0.504350254722351	0.528451802513624
ZB_19	0.595758314183985	0.438451290970858	0.535901855474027	0.414534142087314	0.61438001614665	0.118352923759024	0.485738499277917	0.347581403400393	0.638395401862056	0.599678034447188	0.505557984137888	0.559581968124416	0.383421906273725	0.398167484773806	0.388440915652712	0.457781667445257	0.52883927872798	0.31205798138869	0	0.954002145459497	0.589058634398976	0.365100488295576	0.629106322854115	0.473948936144748	0.299238866084182	0.20588146207377	0.242439627312229	0.605293086071978	0.379549033643522	0.0290275530617613	0.6418984673372	0.159707333402409	0.384137457207501	0.158801276332142	0.956719696756633	0.384835943391263	0.371444821653778	0.13872604145001	0.595596199329925	0.639576724586904	0.33071456443124	0.62586218481503	0.46478096317975	0.43982944569852	0.381604454526707	0.483291763465074	0.593808181117522	0.334761661597211	0.412465725441002	0.630424162613368	0.464277088495496	0.501660499359443	0.612018116545738	0.219937609134964	0.074808515386516	0.601325521741296	0.0595455378705158	0.618238065238037	0.252901474159194	0.646255184191266	0.61438001614665	0.382800706371586	0.632592485339897	0.603279297237612
ZB_20	0.920420351297171	0.719823360526592	0.802131098311925	0.8385064339835	0.657151579093942	0.950921506302246	0.844751539648509	0.892694687716915	0.846876936265564	0.913644156665612	0.767664596769218	0.942227394643207	0.933628016908322	0.874780909246018	0.901036794512005	0.862959527910556	0.782485933295278	0.948863552450857	0.954002145459497	0	0.942036385246691	0.920309055858928	0.928697569947428	0.864320813210452	0.945957532113063	0.8959862720655	0.95401634826723	0.91524918422439	0.94503684713894	0.952861815347648	0.818497785300928	0.946939948280816	0.853959470813938	0.949046976112781	0.227994645635107	0.874762685735913	0.931700187090739	0.957673089558853	0.927081079281589	0.873170268305578	0.948288989092969	0.878504561964375	0.891625285433453	0.940233703511692	0.901798111769916	0.871475885789765	0.942907080758656	0.957287493716481	0.876145884672252	0.680606486955741	0.884644800755982	0.829197958523101	0.864854798006219	0.959691619058152	0.950943757106071	0.928436365418465	0.951600334080004	0.925877829336695	0.89634602638387	0.863917869756995	0.657151579093942	0.895047515904084	0.869713349852347	0.640117380525402
ZB_21	0.0266318107053176	0.587767037608643	0.501644279686822	0.556292965247398	0.466476625323145	0.562527541222164	0.474367969431955	0.55569537595059	0.202478158564064	0.064343123187606	0.437939874312013	0.0637068502264643	0.32837970163009	0.540487588683665	0.526795643149769	0.375176823402931	0.44862778345119	0.531452755411294	0.589058634398976	0.942036385246691	0	0.491082182207485	0.170296637542025	0.47726584998487	0.36798211705771	0.548477968085632	0.412658940552714	0.0635832415647291	0.497464975111364	0.579223877066228	0.208029082563461	0.528414719019616	0.391258197935002	0.546442320292108	0.908887559184132	0.374240490594182	0.512915541900941	0.472828367603861	0.0489359640578705	0.206013076614159	0.386493583144142	0.187844322807765	0.460661189495618	0.234789094358284	0.53018053657484	0.485828994174357	0.01893774035963	0.311272775033383	0.40569785540772	0.494769328346953	0.455950741200376	0.506395325457881	0.0889980600140914	0.38867484453474	0.56271873964988	0.0483401809795075	0.568363436591046	0.125385502626121	0.458020739819629	0.228231073215876	0.466476625323145	0.500294533909651	0.182310762896563	0.502570867315476
ZB_22	0.471882295213596	0.468618341019526	0.441847557778343	0.155165960078443	0.449106395397955	0.330229290270777	0.461915892968342	0.153802580424311	0.487945246433758	0.46035121109839	0.40519604955216	0.492572330820379	0.463592147214976	0.0927262870763168	0.11739405111163	0.330853746582584	0.323940200293624	0.127750741941278	0.365100488295576	0.920309055858928	0.491082182207485	0	0.41348527798098	0.443748386485365	0.346186878222715	0.37486890113299	0.433644484592994	0.443433750167279	0.0918328308177189	0.348525901554738	0.512943415755782	0.261763583049719	0.371642085438326	0.351263813270509	0.847707042080444	0.366751768405743	0.0542762408795693	0.418170004097101	0.472354393112575	0.454757516833062	0.297333605130279	0.420314292227364	0.434651494742768	0.451826410862338	0.124925458297403	0.42446595924975	0.477536318082465	0.412682769205913	0.366874129005	0.396450158598496	0.452054397962006	0.447073047001965	0.487414097921241	0.40427360578065	0.320550966246776	0.455436932181464	0.33014077240566	0.453342351139701	0.376820510878893	0.428801947992949	0.449106395397955	0.180747029450199	0.478062601578825	0.483045705552099
ZB_23	0.173748060899371	0.556658939604064	0.467215882444896	0.453359090085899	0.42940558928368	0.606456949362835	0.488215842860882	0.452589318417001	0.131668350013773	0.159340659340659	0.407468278432017	0.17337586380228	0.372804859956117	0.432967931575574	0.437056295868939	0.347537132890739	0.378577435547029	0.442784409266037	0.629106322854115	0.928697569947428	0.170296637542025	0.41348527798098	0	0.470858271446778	0.388545812022404	0.594523065245833	0.471217928913123	0.138203301347849	0.400891490176065	0.620693091507013	0.174250684230435	0.577552719200888	0.428521435933981	0.592797394973154	0.851767606894643	0.423035393299104	0.397237155868107	0.523051448700139	0.146541114783781	0.0792107170763394	0.339159634341619	0.091919136680156	0.445083924554421	0.302281846491195	0.441220000148744	0.450288870035903	0.153114199088067	0.388580804831303	0.391461535739903	0.373610410325689	0.470858840029701	0.472300670110116	0.208123572820327	0.444453565283281	0.606619641888226	0.125081927790378	0.611426237980693	0.0539401243118096	0.487513668109369	0.0739838834103224	0.42940558928368	0.465619234932687	0.109448989390245	0.465368088673318
ZB_24	0.459704811350585	0.582407070897963	0.169330710888802	0.408606986590937	0.577300999192604	0.531734879966516	0.119270227392914	0.437279787838606	0.417938776063556	0.458263197387901	0.293863470271547	0.443736818736819	0.513478698883715	0.441140187996736	0.458967193784426	0.171192443919717	0.319216400911162	0.419039553421669	0.473948936144748	0.864320813210452	0.47726584998487	0.443748386485365	0.470858271446778	0	0.241919215074962	0.533811303996033	0.448330195193323	0.473406899294164	0.453361520779853	0.495743681349096	0.439385287536436	0.452181531337178	0.159291623595263	0.562773177075548	0.838955087076077	0.179802451984407	0.43481393998839	0.395812201347061	0.469177364510874	0.439030899907254	0.283875545375897	0.436261678578081	0.0880460866528216	0.450635020799765	0.452541633688155	0.121258068105943	0.46487622272769	0.406419989240242	0.180468988645743	0.579192445759552	0.0772775715703208	0.159073891035433	0.483041308548638	0.296468498911629	0.505714051059921	0.484107101434868	0.494063896383585	0.449985155726783	0.293637966725447	0.417745928164888	0.577300999192604	0.456048377671741	0.406954024178905	0.605505611881807
ZB_25	0.368344587115342	0.596715758427511	0.325018553640637	0.394863307779981	0.602839610155216	0.376904757356359	0.25451361117346	0.329916047263245	0.405771352757271	0.344563803785795	0.324187290443147	0.331189515409063	0.393772519564252	0.378579265918664	0.388302541992626	0.223794455906024	0.357731162638479	0.316201260751181	0.299238866084182	0.945957532113063	0.36798211705771	0.346186878222715	0.388545812022404	0.241919215074962	0	0.442818177011573	0.285098088816675	0.375123727135903	0.379904328849311	0.322671239046234	0.426806579328548	0.256586740883465	0.142700482449168	0.409959819410218	0.92845343917859	0.140159077632196	0.352047538292108	0.215231042425334	0.337100641794203	0.426403146204051	0.074006634821326	0.392023881137653	0.215282544813897	0.342716565913838	0.38183538500556	0.254650665317607	0.355234573688427	0.25614392117579	0.174641684202556	0.603874945986663	0.222143112595601	0.283580566344693	0.386813603523291	0.161157290855123	0.346279954466292	0.368208379744666	0.347306756913258	0.364502388562876	0.254961401208943	0.419752255284772	0.602839610155216	0.382972644090814	0.394915254237288	0.619964199284591
ZB_26	0.556553173660574	0.301835048754063	0.575061553135328	0.416027677459634	0.508545048095477	0.144675350096649	0.554538901548621	0.448922259333883	0.543416125747956	0.561265634581588	0.453263908498233	0.549732090118977	0.317449220883902	0.430176912885872	0.413306603994285	0.444883775149495	0.483362752974707	0.419044089083399	0.20588146207377	0.8959862720655	0.548477968085632	0.37486890113299	0.594523065245833	0.533811303996033	0.442818177011573	0	0.206160984970346	0.568000890532026	0.377188290401706	0.183359679793174	0.548448821478989	0.296445093742391	0.455608696560222	0.106861809943961	0.903039302187121	0.466700571114579	0.396210830431884	0.277333305769178	0.556358081143997	0.54511479630522	0.467050031831407	0.530892775301721	0.520607076722887	0.385903468281601	0.417476664903729	0.563131565069909	0.554205334205891	0.269902324577587	0.522366668923646	0.531913417991913	0.540822899532913	0.578662033396931	0.576043777062726	0.368477261453005	0.145121583396509	0.563243674609427	0.158261630333579	0.581497948721473	0.306435493689512	0.586833667722519	0.508545048095477	0.380671413265655	0.535049376720091	0.492205368965932
ZB_27	0.423407527087452	0.43862134088763	0.524227911447031	0.497348150797713	0.614493524250826	0.232617444753403	0.472858438357439	0.49673362024785	0.486210981714742	0.429675890879525	0.402700972823433	0.37563412476036	0.169595943417233	0.481145858200048	0.467195512977653	0.356346210798924	0.434643205694931	0.471931660257926	0.242439627312229	0.95401634826723	0.412658940552714	0.433644484592994	0.471217928913123	0.448330195193323	0.285098088816675	0.206160984970346	0	0.438629534956725	0.437575042437792	0.263901367324592	0.487921898983155	0.366373578178937	0.371763926639556	0.202317656633883	0.956732271165261	0.384564123248514	0.453133701464698	0.151004373233987	0.423147954499534	0.487807524968676	0.317458400678718	0.471170688114388	0.464495962490232	0.249825940798774	0.470636946398301	0.483026666476633	0.420283349898295	0.129331381161542	0.412198146512411	0.630528423223928	0.456627448160565	0.501404826444827	0.449313223534826	0.204905952753829	0.189143608828126	0.432306092974904	0.243571433723555	0.449975920386117	0.256599634369287	0.498333123967262	0.614493524250826	0.440417015667266	0.47675344440077	0.603399433427762
ZB_28	0.0379624393583142	0.544384425852219	0.489520632165757	0.528891024111969	0.414128130883488	0.580879104335959	0.462114823538535	0.528263421887458	0.17113800067919	0.0576842495054522	0.394817052657076	0.121346889963643	0.338169461417373	0.495400936344738	0.51743099164938	0.329846375827534	0.407464498352569	0.522065540377366	0.605293086071978	0.91524918422439	0.0635832415647291	0.443433750167279	0.138203301347849	0.473406899294164	0.375123727135903	0.568000890532026	0.438629534956725	0	0.488293487221764	0.596228604217834	0.176958969237975	0.549670341262725	0.380487454682508	0.566137835008588	0.883927555731641	0.363837043346522	0.483382639546407	0.494088257687782	0.0734172034418578	0.174768508223406	0.361253765409982	0.157354807650225	0.464941350817622	0.247784774256087	0.520799264463332	0.473623635650777	0.0802093179625605	0.342042159268347	0.363958736299162	0.445196870492051	0.443640884421036	0.494299800424667	0.0819015267390468	0.413783601052291	0.581054601245056	0.0160173417859659	0.586238647708218	0.0924244048373108	0.446513365820243	0.17201103523292	0.414128130883488	0.491100576897276	0.150497660492075	0.450222372875818
ZB_29	0.507255123093809	0.477211682396781	0.459218383617321	0.145865603548242	0.458091092000778	0.349869352391022	0.480051196609023	0.144431726652253	0.479437100846577	0.505347373154463	0.39889381569856	0.498987528188136	0.489008197459688	0.107618976030138	0.0739355673532691	0.35256707519046	0.314580098992075	0.0854506813125065	0.379549033643522	0.94503684713894	0.497464975111364	0.0918328308177189	0.400891490176065	0.453361520779853	0.379904328849311	0.377188290401706	0.437575042437792	0.488293487221764	0	0.362940804656838	0.505702981622318	0.275651418161154	0.420383543514501	0.352793823054632	0.870009167139575	0.414982733056517	0.0392543295916521	0.432582467579227	0.499288778633772	0.444613636363636	0.330518151168526	0.445484268559999	0.436231181865375	0.475584845508339	0.0823110011731432	0.442037283750698	0.483447326106525	0.415843100182744	0.383233783318698	0.403675586438983	0.462417292302615	0.464379497850941	0.530754310344828	0.418032210871968	0.334860414076768	0.482026013632691	0.344493265471266	0.442630250263383	0.425160280680499	0.43664897126747	0.458091092000778	0.101274840644919	0.46894696969697	0.493164329905908
ZB_30	0.586245331541334	0.424804742887837	0.52928102022122	0.403857857891149	0.605277229551708	0.0926023200702517	0.50673511802671	0.334895865886095	0.630402854819328	0.590350770569307	0.498013984557392	0.580313224031539	0.36752378794744	0.383080142346795	0.372736695151874	0.476322236804294	0.519393734226163	0.29780299947577	0.0290275530617613	0.952861815347648	0.579223877066228	0.348525901554738	0.620693091507013	0.495743681349096	0.322671239046234	0.183359679793174	0.263901367324592	0.596228604217834	0.362940804656838	0	0.634061704767713	0.139663958414342	0.405708430566579	0.134232063162369	0.955711604199243	0.406125598442734	0.35484373923543	0.120549507666542	0.58607549523751	0.631636887119993	0.353094438521404	0.617727564437413	0.455779865872579	0.426738022818568	0.369547096415671	0.50405484372105	0.584202101927579	0.319029360103635	0.433423197654512	0.622071285174831	0.485996189317566	0.521685461833257	0.603263310832371	0.243756008554219	0.103836068448277	0.592075757768803	0.0367885721302417	0.609318617026395	0.238968445930329	0.638609983621733	0.605277229551708	0.36636840797111	0.624338428513268	0.593638338120928
ZB_31	0.210774220344825	0.449080347816267	0.430539315304049	0.453515107719649	0.291334963031066	0.620828884246965	0.399335166900809	0.485737811572399	0.0969542431969311	0.225637279202651	0.293763238739181	0.210823703875754	0.400272525339257	0.468202603500534	0.472659810847767	0.293251172877128	0.343951862667021	0.537287032895539	0.6418984673372	0.818497785300928	0.208029082563461	0.512943415755782	0.174250684230435	0.439385287536436	0.426806579328548	0.548448821478989	0.487921898983155	0.176958969237975	0.505702981622318	0.634061704767713	0	0.594069008268594	0.380007047667863	0.608164840997925	0.789627354003401	0.393549984175777	0.500673000227894	0.536643798649508	0.214609254056533	0.100999271694238	0.412574820084896	0.136462428346293	0.412572050326766	0.349699644477136	0.476368445058889	0.469423805984307	0.220757454803668	0.427120655497443	0.396872827047039	0.33075971193833	0.439725186126629	0.435974136970012	0.152108979400666	0.460925653018944	0.620979913180128	0.165046237151989	0.625443978043268	0.132167333684313	0.444900968592634	0.181350710091493	0.291334963031066	0.443655119819979	0.0740925376333065	0.329304915300112
ZB_32	0.537216512727115	0.523370516883841	0.479552946023898	0.326732228658673	0.558342005736477	0.228814576051573	0.451964550048492	0.244860275716301	0.589561794875251	0.542346534016596	0.442090259761058	0.529782601511986	0.471701344293176	0.304597968700294	0.290743191530072	0.43469017573287	0.471715066238689	0.196858651869432	0.159707333402409	0.946939948280816	0.528414719019616	0.261763583049719	0.577552719200888	0.452181531337178	0.256586740883465	0.296445093742391	0.366373578178937	0.549670341262725	0.275651418161154	0.139663958414342	0.594069008268594	0	0.353668703025882	0.250286218237867	0.950523521867889	0.354872153710849	0.267781083717083	0.238911668736104	0.537004031018962	0.591083059155308	0.293442395016261	0.576249987591944	0.405802064309038	0.521513784590728	0.282814592767396	0.463545716578759	0.534658861746078	0.414168598738404	0.385681249585922	0.579261531446573	0.44162201712049	0.484367589763293	0.558403359895727	0.350984585401584	0.214125908517388	0.54449842791902	0.149306274591013	0.563395478383058	0.345717754983121	0.599658164606889	0.558342005736477	0.280079403312347	0.582069476660399	0.54371939866862
ZB_33	0.374072065297322	0.503099992275054	0.251940702980669	0.370556537536211	0.490475817198401	0.454887857649909	0.211689176874297	0.37177173859675	0.348795782609839	0.383352455971359	0.211990279846359	0.356757967316358	0.425366435492598	0.401633156576815	0.426876196788923	0.119300113099594	0.259748394225712	0.360392833055495	0.384137457207501	0.853959470813938	0.391258197935002	0.371642085438326	0.428521435933981	0.159291623595263	0.142700482449168	0.455608696560222	0.371763926639556	0.380487454682508	0.420383543514501	0.405708430566579	0.380007047667863	0.353668703025882	0	0.485342000434137	0.831154802105999	0.0973772615177492	0.394150134252955	0.306802970895178	0.393967985745142	0.379383819136883	0.168592989122127	0.364353613376939	0.189388978817179	0.382759455027198	0.420772573280306	0.182015065318828	0.398550843752157	0.349587975858867	0.135264444980226	0.511479480635047	0.177908349256243	0.242742322993861	0.391651953228892	0.191991294082928	0.428049300796319	0.391024281364925	0.428386974496263	0.407248310677569	0.19398727902259	0.377874349413995	0.490475817198401	0.423085204747248	0.366280598427681	0.518187661675943
ZB_34	0.554589845787859	0.379246403946208	0.60085479649457	0.429303963971998	0.574977405408046	0.044743442771318	0.581894124138404	0.413290377619564	0.603966834661031	0.559343903546802	0.497019365058252	0.547707760170368	0.314113735997973	0.408767553584627	0.390965526834018	0.489511776815765	0.524033331712327	0.38061329838255	0.158801276332142	0.949046976112781	0.546442320292108	0.351263813270509	0.592797394973154	0.562773177075548	0.409959819410218	0.106861809943961	0.202317656633883	0.566137835008588	0.352793823054632	0.134232063162369	0.608164840997925	0.250286218237867	0.485342000434137	0	0.952360478115057	0.495655073488618	0.372907801953032	0.236481875050833	0.55439302154844	0.605383374263739	0.436201897773356	0.590862477117856	0.550607648224684	0.383204799812205	0.395367513727029	0.589829310567263	0.552221115015472	0.266652680897187	0.521135012737051	0.594385333932764	0.569238019498689	0.604184202335683	0.574249591925612	0.333292346720855	0.114583895935554	0.561339270423018	0.10680467130819	0.579659379152072	0.341563181071563	0.613375064278776	0.574977405408046	0.356478455427623	0.596995665552725	0.561452463679407
