ZB_1	ZB_2	ZB_3	ZB_4	ZB_5	ZB_6	ZB_7	ZB_8	ZB_9	ZB_10	ZB_11	ZB_12	ZB_13	ZB_14	ZB_15	ZB_16	ZB_17	ZB_18	ZB_19	ZB_20	ZB_21	ZB_22	ZB_23	ZB_24	ZB_25	ZB_26	ZB_27	ZB_28	ZB_29	ZB_30	ZB_31	ZB_32	ZB_33	ZB_34	ZB_35	ZB_36	ZB_37	ZB_38	ZB_39	ZB_40	ZB_41	ZB_42	ZB_43	ZB_44	ZB_45	ZB_46	ZB_47	ZB_48	ZB_49	ZB_50	ZB_51	ZB_52	ZB_53	ZB_54	ZB_55	ZB_56	ZB_57	ZB_58	ZB_59	ZB_60	ZB_61	ZB_62	ZB_63	ZB_64
ZB_1	0	0.424518059068806	0.370491211295113	0.368869311652849	0.534156853663847	0.469519430726513	0.391907566458189	0.436937909116782	0.443963855769206	0.394333488791298	0.362314601229255	0.352900905621786	0.352972282851436	0.512650695616667	0.428937041684203	0.389320526341563	0.376990655698427	0.367471777015442	0.463831320750354	0.428934409949799	0.522111924909337	0.477296633941094	0.446830181515883	0.411016199919859	0.376369300183753	0.417863901508977	0.357540281713446	0.340289142894779	0.49113897699024	0.462226089406855	0.483964860677694	0.450550341536072	0.34323968402697	0.474324692766765	0.476872245434309	0.363880327474115	0.531956790205587	0.457836852586363	0.454971673596302	0.497305958701445	0.372962571140505	0.481908566874212	0.409428853786718	0.430730158042515	0.511510821571769	0.358046497785445	0.491540094474404	0.39329764667992	0.400024346068294	0.538469177288661	0.4483435196871	0.377357551939209	0.443042370246387	0.317997190422009	0.377782317277636	0.456375875649256	0.457678511772741	0.397183703120818	0.458765702340807	0.467037415036832	0.541860487618439	0.463332442169856	0.523019960553064	0.517348923585513
ZB_2	0.424518059068806	0	0.472450031807858	0.352814188811113	0.272285223659826	0.375983202810547	0.449082116425095	0.262150636616309	0.458230906109695	0.482632856476288	0.182667844632123	0.359150710683781	0.338303212075301	0.363047945121004	0.408460878710218	0.346886598133296	0.270356731519117	0.397460494321512	0.391254622915955	0.120527165397946	0.634399720829578	0.413318608156771	0.426005551208497	0.441670418865455	0.386059328934191	0.397836108216465	0.373693190598908	0.508937388899862	0.412345014880307	0.363371975801494	0.424880638752925	0.399658411614005	0.400534428161867	0.418316721229012	0.229956860292333	0.383759567007516	0.40485856560365	0.406822974612738	0.618653576265981	0.428842599793835	0.383915304235785	0.40621515290792	0.413181804131188	0.499841027360682	0.362667806797287	0.421643734732002	0.616358179885169	0.387490659400498	0.440084447181801	0.289685797447571	0.504448345454328	0.465472847105456	0.613961291216541	0.360001362999963	0.344788080488996	0.535646711242419	0.410603645309044	0.36960593795763	0.389587448507247	0.547204458548955	0.304531777593343	0.41967229619189	0.456053955814754	0.299516055107708
ZB_3	0.370491211295113	0.472450031807858	0	0.326251774401518	0.582420110399354	0.517370841956795	0.231012480150206	0.329270005957755	0.481896097740797	0.451373176409234	0.425448977855907	0.455619174905963	0.498746827815908	0.37112996006302	0.407233908690538	0.292918814349333	0.404201190430845	0.244552886422578	0.502707199336801	0.428075022829981	0.590064141217253	0.379976720116743	0.410527360906372	0.129141499036395	0.351969802715827	0.481838529843439	0.479073887135408	0.375785101543648	0.344286053760113	0.49934721141621	0.409948732747107	0.484587092609551	0.321008154384972	0.511563346745223	0.488346671644229	0.174230932965212	0.376291589206862	0.497145593692926	0.491804058338618	0.396718136953836	0.355670946242836	0.490489887348635	0.231199502796768	0.518750748568999	0.391116940558626	0.210982002611608	0.526262969845022	0.527631315699531	0.180307463483686	0.575342622293275	0.168687014153912	0.0951169102890946	0.454701249199708	0.356885986941236	0.417022877105719	0.521552050132354	0.465192384283981	0.311439064182073	0.487062906278163	0.509823086969477	0.593630437182866	0.428953041522167	0.556273671598144	0.600218693938901
ZB_4	0.368869311652849	0.352814188811113	0.326251774401518	0	0.530793556573246	0.434195573893923	0.263327075415541	0.16847473958766	0.409895586616406	0.367999324418799	0.385961459280676	0.428497354656859	0.42015617413658	0.25818780478205	0.225412816295826	0.285857587962611	0.373067329182631	0.179991150743678	0.408932796570876	0.349889193532008	0.527876795000508	0.353378278420018	0.346792459114679	0.33037745973288	0.348957863671763	0.460004598189021	0.42887393461154	0.393692333593692	0.290056413297558	0.420405620422585	0.401087967232016	0.414613078707485	0.336139742059697	0.476532888130803	0.457305511621669	0.359521449604496	0.248796057708752	0.443130228485191	0.474680866317392	0.366303170711229	0.302334320727635	0.482808236483072	0.31469612480628	0.406920582869484	0.263101453480096	0.209643964109858	0.485548222975449	0.463451012024037	0.346596684984954	0.535130539241554	0.394883190262601	0.36181213175046	0.486678822624703	0.378143891867229	0.361300372699744	0.471620579159744	0.426033412143729	0.252451092038875	0.404306529303349	0.441178703375677	0.500027882319264	0.254643231597018	0.483958253300779	0.507949987684412
ZB_5	0.534156853663847	0.272285223659826	0.582420110399354	0.530793556573246	0	0.513249618589367	0.541976817981389	0.438507892928999	0.421257842885575	0.442934116733617	0.252292519972424	0.448708582233873	0.403456476430968	0.511034413777562	0.499390174998344	0.419543604077566	0.387303249891996	0.536429096953512	0.524334978368485	0.277798442884229	0.55343490944257	0.569243494321772	0.445912481379595	0.556748128577719	0.475460335074593	0.495605902356686	0.426695833056052	0.55519815885327	0.517504076513795	0.491458899581987	0.352611189965158	0.547200137463945	0.506186058755188	0.555215004709641	0.139347913490936	0.501720853926086	0.574927392634826	0.557901460125069	0.580643969507848	0.419928738738868	0.500405591373802	0.224514178205993	0.51945119067896	0.410973686158612	0.530636339484309	0.532082147991033	0.519720659012279	0.459554337234108	0.54967437786	0.0269960013010121	0.621437878066249	0.55872576367138	0.540565503679647	0.477454176999594	0.448508404851408	0.45993107489398	0.560225736692225	0.460179669702826	0.537048460905508	0.426640528729735	0.129149830796488	0.550877070679784	0.290761725851412	0.292346029368614
ZB_6	0.469519430726513	0.375983202810547	0.517370841956795	0.434195573893923	0.513249618589367	0	0.477567044887237	0.428558956872866	0.57672776476587	0.597008180586622	0.37893832541389	0.189972092389617	0.180046437280033	0.387454626894684	0.523488596707962	0.447427795639633	0.221626998439594	0.453834515533008	0.0331539257378542	0.374801012970302	0.641095540405997	0.485484189341698	0.567996477621716	0.548804024874344	0.202488403767019	0.0778434022620452	0.26163971868144	0.62075843999008	0.454146378146679	0.0615400621101858	0.527520202732359	0.0816373401927941	0.269741166882585	0.0577870441025279	0.457341665688691	0.444900270011323	0.435602330718909	0.111874312416382	0.626338086146374	0.61864053336405	0.251155196075793	0.575155131194271	0.515537748357189	0.63355636914531	0.368604865225879	0.457391332761822	0.673454265486267	0.222759297674506	0.498306004837217	0.505318233384188	0.592898306974219	0.497403439499076	0.698063240443731	0.220627481012229	0.11731518476893	0.663395258951376	0.122503546523552	0.501716193410398	0.0654387006905039	0.658903170573711	0.504482470879116	0.42772049757233	0.590823421466036	0.534913998900662
ZB_7	0.391907566458189	0.449082116425095	0.231012480150206	0.263327075415541	0.541976817981389	0.477567044887237	0	0.305295997954226	0.482196036163368	0.382650874903994	0.414037509250825	0.405719968081035	0.444439933256423	0.337163304180725	0.326388618960625	0.248044045953129	0.361910980978662	0.23060653179962	0.463309605160518	0.400015494482114	0.536078840060711	0.470509418389628	0.409332583556978	0.244387839223785	0.308940559052164	0.478183571882104	0.481871044038408	0.422751058047244	0.332499233165975	0.460387688103687	0.397068899443741	0.443493011874559	0.330577689776042	0.515306177333186	0.475213464640036	0.275796360001918	0.376692214120009	0.471828521523563	0.496750419501353	0.420939798491085	0.321138518229496	0.480991201465118	0.176926644366351	0.457192473832203	0.396400132921244	0.195397936093761	0.495594050656681	0.443045781811485	0.296215087308583	0.546170407090756	0.24956852314942	0.2545593625074	0.499353943172035	0.364956238095921	0.377625282929436	0.48393921676985	0.455189226840028	0.315908165421828	0.446442756760874	0.423570515648472	0.562780237176631	0.327646658642524	0.511573775874916	0.524049570180468
ZB_8	0.436937909116782	0.262150636616309	0.329270005957755	0.16847473958766	0.438507892928999	0.428558956872866	0.305295997954226	0	0.371074676649478	0.41826810641678	0.327352338692164	0.424882207717815	0.418141293524299	0.163022113902728	0.279286261756553	0.249143591577398	0.372317809971665	0.261695436165572	0.410946650773404	0.242372146962495	0.588237047474529	0.330305480618546	0.327718270960157	0.286742015253094	0.359040955781054	0.46361897358738	0.434854504545083	0.461990324352585	0.263567722613574	0.422378930045004	0.334369957893575	0.42706706211228	0.367368383482956	0.471067843878375	0.396025180917112	0.33358460088841	0.248162527072485	0.455565152122726	0.555528585184731	0.362975110278152	0.313164858002935	0.436341750327994	0.274699662915633	0.495812917882964	0.185567127298312	0.27771481107668	0.556118443289393	0.469462420769545	0.307767973008046	0.444029357593482	0.391838519235358	0.354906366852708	0.575465644158765	0.377387652915377	0.363264810932526	0.540083936227051	0.438632260169114	0.23430998648295	0.416787908629226	0.493891486454858	0.417900638130176	0.303535522083342	0.417363839063043	0.444906000729222
ZB_9	0.443963855769206	0.458230906109695	0.481896097740797	0.409895586616406	0.421257842885575	0.57672776476587	0.482196036163368	0.371074676649478	0	0.239061089478435	0.443568259040725	0.483463653749115	0.466855264408978	0.462403788432819	0.492905523436003	0.339020661432673	0.490231172723111	0.427494819471991	0.58620915820694	0.434053323528784	0.416327141011395	0.550668605831211	0.363441728506213	0.489401079437312	0.470265844691387	0.559619178093199	0.476070553996374	0.481427022312325	0.435815091227066	0.577140598743718	0.236993934140734	0.587777290278163	0.47364291479489	0.619712600296346	0.370671235720013	0.520513785470639	0.481688020616191	0.641491352210607	0.480230445210182	0.262671020033592	0.436622021955882	0.341242542878449	0.452669599543359	0.33989514628784	0.41165563353776	0.412498546530407	0.398545590092147	0.546348735863371	0.488959266923154	0.427664157062289	0.564264243813003	0.514995846410617	0.424870275948568	0.497795397667435	0.500074751030841	0.365682728593586	0.608309176407525	0.328610636557869	0.577651975194198	0.311839810059114	0.433896698324445	0.490025227424815	0.28689177711076	0.560682469538299
ZB_10	0.394333488791298	0.482632856476288	0.451373176409234	0.367999324418799	0.442934116733617	0.597008180586622	0.382650874903994	0.41826810641678	0.239061089478435	0	0.435549003034138	0.467005537191959	0.498765567622512	0.491826953680324	0.422029675256139	0.369700227000501	0.482066184914061	0.396367265254011	0.605881094316848	0.449044837930727	0.292632143386841	0.559266752515589	0.440360660973015	0.465828583456581	0.459786258386404	0.593153499863403	0.486980189529937	0.383631709493729	0.475711604913431	0.601373892251931	0.232689330648732	0.592203723997818	0.465054558744192	0.639891834776927	0.359343587760963	0.474222011718065	0.515592840760769	0.622548746136673	0.323309250774082	0.246824512193628	0.435127856198969	0.324910561308179	0.40978487065289	0.176212053615422	0.494216582005935	0.358458547648941	0.248083260412206	0.495676453032129	0.469902069933465	0.449084839540595	0.525797758671411	0.486764614071962	0.252959966048415	0.484787154248744	0.520196772085767	0.245651323973698	0.606504507146669	0.353744213514047	0.593438412904745	0.234916863301597	0.456694546108382	0.448041367118616	0.364154440669567	0.565073804147817
ZB_11	0.362314601229255	0.182667844632123	0.425448977855907	0.385961459280676	0.252292519972424	0.37893832541389	0.414037509250825	0.327352338692164	0.443568259040725	0.435549003034138	0	0.295773509546229	0.263509179390841	0.398619288119566	0.424974233087371	0.264963399222681	0.258132202455999	0.41492388996793	0.389826545603247	0.13026464911584	0.571927760691089	0.430968972002317	0.38573320667052	0.421627014152909	0.325671969710297	0.370126097802686	0.303791766761302	0.435426141981412	0.376582136513268	0.355965956553077	0.334640337909711	0.400660344167669	0.354238970978425	0.419734947432999	0.194968197773279	0.354365601973326	0.44707534322292	0.407588525693843	0.537038977045139	0.4210566206481	0.368577582185177	0.347044331225706	0.361536651647589	0.444972232765705	0.418660754813195	0.395050873694446	0.542610982955117	0.311711345539195	0.390883730073017	0.254760955197892	0.474138884651706	0.413884512607063	0.556744416192674	0.336678750612296	0.305293558598128	0.487136054321786	0.411225333271739	0.336256676900144	0.390944594710485	0.491163246282607	0.283187600403971	0.415273495737259	0.413581771799917	0.323355218433803
ZB_12	0.352900905621786	0.359150710683781	0.455619174905963	0.428497354656859	0.448708582233873	0.189972092389617	0.405719968081035	0.424882207717815	0.483463653749115	0.467005537191959	0.295773509546229	0	0.111617759536577	0.484467059453669	0.484590187364237	0.339638833623217	0.214280324268872	0.431673457850536	0.214407983321449	0.356686851474302	0.596438273137932	0.557283040062972	0.476111777085165	0.503289932095962	0.13569395250883	0.20994965711341	0.167588360827319	0.507536218316287	0.484380680102773	0.236066569254417	0.415662185878768	0.204621133398201	0.215635260049571	0.24239051822409	0.383131024432256	0.379481118005765	0.516671687544017	0.242349498369917	0.59043489277528	0.549199508355344	0.189461328886956	0.473620217203492	0.441233503877754	0.509239482716482	0.467918286878852	0.40346183149774	0.549332586474934	0.170911345399777	0.436494515469927	0.440410192182937	0.534506831908226	0.445037145341819	0.577748295104975	0.188476341296226	0.142911378256395	0.541889551255486	0.242956218679135	0.402180215101857	0.20468334230906	0.555973419563321	0.467553710601916	0.482514980958049	0.494399788888109	0.480424172490135
ZB_13	0.352972282851436	0.338303212075301	0.498746827815908	0.42015617413658	0.403456476430968	0.180046437280033	0.444439933256423	0.418141293524299	0.466855264408978	0.498765567622512	0.263509179390841	0.111617759536577	0	0.477894730545608	0.451873732427906	0.350316859137672	0.204155011303187	0.408018093347975	0.200517628674675	0.351077477711558	0.595843235714667	0.524106900227848	0.459683740146406	0.523093493461109	0.19425374536667	0.177702950209924	0.14435973017702	0.500129482464451	0.474243304970153	0.216651291689474	0.448696359764542	0.231077254888444	0.250864270443068	0.220969415514936	0.380409152920622	0.417419123598559	0.508439974412263	0.257057537481947	0.586851258922018	0.528174533915113	0.243203667953668	0.467163881330679	0.479033700335278	0.508921628247479	0.45885208383035	0.428040035092392	0.552656599126687	0.194136329591207	0.461319610847569	0.401690858885635	0.565859618934918	0.478564619645564	0.582573975013934	0.220297891109312	0.128757659649075	0.541474288208534	0.274709959947434	0.405887720714857	0.222281435768188	0.533697965857991	0.439042485800487	0.464082397715255	0.483228791554022	0.466027939501163
ZB_14	0.512650695616667	0.363047945121004	0.37112996006302	0.25818780478205	0.511034413777562	0.387454626894684	0.337163304180725	0.163022113902728	0.462403788432819	0.491826953680324	0.398619288119566	0.484467059453669	0.477894730545608	0	0.35949882700888	0.282227660992624	0.40675031108464	0.321814954457703	0.359641528590507	0.321044610382937	0.564906041786566	0.290761190996855	0.412258652597851	0.35574341002425	0.399400189467523	0.425269087430064	0.510231593606506	0.539811231160519	0.175102473875841	0.372820643916357	0.372212765205909	0.3756688486881	0.404775486663074	0.431936958355539	0.468011732290463	0.400656091465731	0.1725905821854	0.40514695618795	0.530759656217264	0.454792523239185	0.372006303969252	0.503747706078666	0.342317894767572	0.576501086268626	0.104133113700011	0.321744092791878	0.637759848644761	0.437351627525518	0.37080882589789	0.515766961880746	0.44370259423802	0.376160618005876	0.65641489052308	0.432838837258886	0.40167811941921	0.619634624673456	0.386969668098006	0.313425579655946	0.364952806995555	0.557328362324875	0.495707795467123	0.248441180960705	0.484072100820348	0.52482030181768
ZB_15	0.428937041684203	0.408460878710218	0.407233908690538	0.225412816295826	0.499390174998344	0.523488596707962	0.326388618960625	0.279286261756553	0.492905523436003	0.422029675256139	0.424974233087371	0.484590187364237	0.451873732427906	0.35949882700888	0	0.361410259480719	0.467407336676066	0.222444277009283	0.517703546127757	0.406344196782219	0.4731229085707	0.385753629132986	0.318411261687681	0.380644847527789	0.481238330360794	0.555981551426348	0.483913592888734	0.376652527917928	0.377823552002234	0.539209779192113	0.454274325013792	0.548613844112743	0.458779318527108	0.567380143586159	0.526964673180143	0.424911825469598	0.343858822534514	0.566308686127753	0.477840584954828	0.398295534362464	0.441537489153374	0.467090441625591	0.42331768282567	0.415670517480689	0.35749331618044	0.284170666209181	0.431876853092888	0.508690746693165	0.455451820664721	0.504608594054265	0.467465685804388	0.431460463445492	0.449703123375948	0.485189236626125	0.479570424722416	0.442065295245724	0.562337087188614	0.329717857268971	0.537944268802278	0.361593766237216	0.481925056131201	0.309705351923098	0.485014364078737	0.491054140627367
ZB_16	0.389320526341563	0.346886598133296	0.292918814349333	0.285857587962611	0.419543604077566	0.447427795639633	0.248044045953129	0.249143591577398	0.339020661432673	0.369700227000501	0.264963399222681	0.339638833623217	0.350316859137672	0.282227660992624	0.361410259480719	0	0.358077353599914	0.321722455100862	0.438428126088421	0.28404223073524	0.552457387820772	0.412630345076324	0.285452007383155	0.287436065223488	0.29890732606129	0.429079379079724	0.37915220494407	0.386845494491223	0.284884792626728	0.43578287189024	0.245210727969349	0.430858728400795	0.317197385987142	0.488737383079698	0.367861989175387	0.305126054409926	0.343613224251457	0.458783290457925	0.530046587028239	0.365681024123584	0.291079522284957	0.355912370885866	0.251613228139417	0.442818600180736	0.341053965036737	0.277022246289084	0.502174575658986	0.393518428062497	0.291115704066815	0.412324623262548	0.377676988132588	0.313428075854523	0.521894084831134	0.361057746752301	0.352743803857339	0.506169775558019	0.442235407788369	0.209288952305712	0.420789175082826	0.425909957244432	0.432331745218255	0.337375400140485	0.347120900233292	0.466521686690641
ZB_17	0.376990655698427	0.270356731519117	0.404201190430845	0.373067329182631	0.387303249891996	0.221626998439594	0.361910980978662	0.372317809971665	0.490231172723111	0.482066184914061	0.258132202455999	0.214280324268872	0.204155011303187	0.40675031108464	0.467407336676066	0.358077353599914	0	0.344593096386125	0.198741281887604	0.271784421542683	0.619948525344161	0.509579039841648	0.493036699658404	0.42622021118574	0.158378000824335	0.222230659129134	0.24968634544335	0.497264194642505	0.444126510884826	0.178798496347259	0.450068350060628	0.235172728818082	0.179110838295493	0.260532179364368	0.326313479751796	0.332052793541683	0.485306919909049	0.263702651878574	0.577960994195041	0.51360233629904	0.199626772876661	0.459418972408807	0.394404443778419	0.5168867027686	0.417935314181567	0.321285629728652	0.59451931480334	0.306766278267506	0.410134012025076	0.388502559229992	0.472121423727719	0.383748262580717	0.586793693383247	0.168058873205453	0.114288956663593	0.528679686325677	0.241325100972037	0.397101019292688	0.220772092166354	0.545579433034691	0.452772901698236	0.477631330783831	0.511325969903916	0.469633992325986
ZB_18	0.367471777015442	0.397460494321512	0.244552886422578	0.179991150743678	0.536429096953512	0.453834515533008	0.23060653179962	0.261695436165572	0.427494819471991	0.396367265254011	0.41492388996793	0.431673457850536	0.408018093347975	0.321814954457703	0.222444277009283	0.321722455100862	0.344593096386125	0	0.436445958537153	0.411725070458505	0.513098973148654	0.383755633559862	0.364124131310618	0.26297271595807	0.344864542958039	0.445389343455423	0.426929458484276	0.391013904966763	0.299936564289234	0.447102200824001	0.434199761313228	0.452646132119695	0.322771557598268	0.492182957969889	0.495458020215386	0.313487271590484	0.317916483252084	0.501560243589756	0.452885964726706	0.357408385601135	0.305912464806757	0.500142209163711	0.319446666219445	0.429329938769622	0.31078485933985	0.149313562792302	0.482060894199678	0.465112035005433	0.341876814839791	0.54065872992658	0.331276296951639	0.278990443097489	0.454266560618112	0.354574804780844	0.349771915521391	0.451949944507455	0.470836568371594	0.272712241186089	0.442543064481624	0.415012551709507	0.556957840926532	0.327628736083001	0.49765398935632	0.563905637853257
ZB_19	0.463831320750354	0.391254622915955	0.502707199336801	0.408932796570876	0.524334978368485	0.0331539257378542	0.463309605160518	0.410946650773404	0.58620915820694	0.605881094316848	0.389826545603247	0.214407983321449	0.200517628674675	0.359641528590507	0.517703546127757	0.438428126088421	0.198741281887604	0.436445958537153	0	0.386121315643743	0.652488598968924	0.480407087698899	0.577780689494526	0.533819602560301	0.191038177123662	0.102734863977993	0.264896342883764	0.620141985241134	0.449757786035098	0.0473773509832743	0.538375463183769	0.0669090501227966	0.242777683427987	0.0890251024715968	0.469954644212	0.428432165538787	0.427896018435432	0.101417786229141	0.622422741798331	0.626968832728628	0.224222117957708	0.584630323127245	0.498464337218306	0.641301369733593	0.361969128234942	0.430120866879481	0.683262991614132	0.243118294676872	0.483836921343938	0.51662030889118	0.577463896812672	0.480485424876298	0.704151038983095	0.208992142741319	0.0870472159648622	0.67033050090037	0.107389062481813	0.485452701490375	0.0508634910624628	0.666107882616768	0.516380327816426	0.43492937156916	0.599923148664853	0.545668858366287
ZB_20	0.428934409949799	0.120527165397946	0.428075022829981	0.349889193532008	0.277798442884229	0.374801012970302	0.400015494482114	0.242372146962495	0.434053323528784	0.449044837930727	0.13026464911584	0.356686851474302	0.351077477711558	0.321044610382937	0.406344196782219	0.28404223073524	0.271784421542683	0.411725070458505	0.386121315643743	0	0.618369650797318	0.40190500543374	0.402070241148124	0.407221501606494	0.363675438036966	0.410936380612353	0.384370285140306	0.480447254346957	0.367213855725916	0.351204860158327	0.360820882780357	0.397206250921421	0.392928498152446	0.41683301138664	0.21217906686723	0.358723968867818	0.399976654985792	0.404260084412178	0.603023003615658	0.443357655742049	0.376370932940374	0.392579021454662	0.367780326355239	0.507245082579873	0.352671571435082	0.380413011554001	0.600728440510692	0.404147814168611	0.406152345006792	0.270344144692395	0.462056394342082	0.416115725960295	0.605915561950078	0.363070092441922	0.339973548245906	0.535967340347889	0.40804005330982	0.370122052747774	0.387204945877161	0.510221226547186	0.265957082720148	0.364685234426783	0.4455278932709	0.298484854556456
ZB_21	0.522111924909337	0.634399720829578	0.590064141217253	0.527876795000508	0.55343490944257	0.641095540405997	0.536078840060711	0.588237047474529	0.416327141011395	0.292632143386841	0.571927760691089	0.596438273137932	0.595843235714667	0.564906041786566	0.4731229085707	0.552457387820772	0.619948525344161	0.513098973148654	0.652488598968924	0.618369650797318	0	0.572328237522876	0.490446261256032	0.607816962267282	0.601540932801537	0.639426981978171	0.611219333577444	0.478105309600298	0.500162370005946	0.653872055902669	0.441758270332113	0.647182774242203	0.611722516141383	0.687309569118569	0.526844126457582	0.608817646083937	0.557935729160579	0.664712194834387	0.270709321129959	0.404189611001502	0.582633960216682	0.445928781117301	0.604066709517787	0.294144237251792	0.563525072814279	0.517692192729521	0.311973230420662	0.529381761900694	0.640198761323254	0.558632527206945	0.670082989693678	0.62050721527815	0.31315470283383	0.626044953424933	0.649577200996718	0.241453088442223	0.66848151082538	0.480363609906321	0.652783288024277	0.276780863690009	0.574224316584063	0.484899973308856	0.463040137368534	0.678910094657246
ZB_22	0.477296633941094	0.413318608156771	0.379976720116743	0.353378278420018	0.569243494321772	0.485484189341698	0.470509418389628	0.330305480618546	0.550668605831211	0.559266752515589	0.430968972002317	0.557283040062972	0.524106900227848	0.290761190996855	0.385753629132986	0.412630345076324	0.509579039841648	0.383755633559862	0.480407087698899	0.40190500543374	0.572328237522876	0	0.476504791485729	0.357846723245234	0.525173715820684	0.467386889155826	0.507329588443334	0.502424547747169	0.294777002527715	0.491015600035459	0.506881198556375	0.506171069887447	0.484841701138238	0.487110060551833	0.521249260979862	0.376345777616426	0.250156075753158	0.48973438139045	0.435426082239962	0.457443979039676	0.521663467903429	0.562077119152614	0.464340194450197	0.612407349014867	0.303863812848214	0.422225886059883	0.639078594351968	0.491924629878869	0.406278458273673	0.573656955230367	0.436525625709514	0.372746500435285	0.577081161993066	0.50335750206848	0.51296781582421	0.613593470184729	0.479153136771009	0.354346881938363	0.495064619950684	0.578735969180315	0.557152399097738	0.296056082942837	0.602469261003273	0.57266106743953
ZB_23	0.446830181515883	0.426005551208497	0.410527360906372	0.346792459114679	0.445912481379595	0.567996477621716	0.409332583556978	0.327718270960157	0.363441728506213	0.440360660973015	0.38573320667052	0.476111777085165	0.459683740146406	0.412258652597851	0.318411261687681	0.285452007383155	0.493036699658404	0.364124131310618	0.577780689494526	0.402070241148124	0.490446261256032	0.476504791485729	0	0.414400323850881	0.460517253415829	0.560063115435762	0.464880915296777	0.359216760497209	0.353726777587107	0.568722419027609	0.35541644672768	0.569920051921404	0.467199726076662	0.611202952133353	0.494892042769191	0.428783286135264	0.370709801447839	0.600176516195463	0.561553756246551	0.383965814471491	0.428757950720506	0.347141905809109	0.432921791749846	0.443383626095023	0.397910627816966	0.368431818966731	0.501131227055115	0.50470604654646	0.430252082836782	0.425449961098858	0.466058743686103	0.448192761543771	0.495805104082564	0.493167028199566	0.491106646478764	0.437751248819951	0.589002795899348	0.283961059617017	0.564307394149068	0.390436228039623	0.436884803224139	0.430669981543048	0.310585554190426	0.461864106108385
ZB_24	0.411016199919859	0.441670418865455	0.129141499036395	0.33037745973288	0.556748128577719	0.548804024874344	0.244387839223785	0.286742015253094	0.489401079437312	0.465828583456581	0.421627014152909	0.503289932095962	0.523093493461109	0.35574341002425	0.380644847527789	0.287436065223488	0.42622021118574	0.26297271595807	0.533819602560301	0.407221501606494	0.607816962267282	0.357846723245234	0.414400323850881	0	0.410845154853401	0.514038422199316	0.514517138832368	0.34609349346835	0.342356597346617	0.530113668709794	0.417899598513172	0.5388988151584	0.3609475938518	0.533074546301928	0.501352342042891	0.206724213744439	0.379252925673901	0.532053481709259	0.508006685479386	0.37513691128149	0.387055823968633	0.503498207524556	0.236164431893275	0.538343342921677	0.397341512479953	0.242532030862887	0.517411091445256	0.555312547417108	0.169290311487414	0.549390739236393	0.163193760395304	0.110667378537106	0.49533685114738	0.3768053478195	0.44813528032922	0.537297484860418	0.515489797219611	0.288134675760528	0.528555883541183	0.488596331544494	0.578746742871113	0.405009723342593	0.526336425042175	0.600398187040489
ZB_25	0.376369300183753	0.386059328934191	0.351969802715827	0.348957863671763	0.475460335074593	0.202488403767019	0.308940559052164	0.359040955781054	0.470265844691387	0.459786258386404	0.325671969710297	0.13569395250883	0.19425374536667	0.399400189467523	0.481238330360794	0.29890732606129	0.158378000824335	0.344864542958039	0.191038177123662	0.363675438036966	0.601540932801537	0.525173715820684	0.460517253415829	0.410845154853401	0	0.203104930761886	0.218855795293622	0.484929242868396	0.43234122695977	0.191143708370495	0.409919320470594	0.1594973954033	0.121217185886938	0.248963151552843	0.396338048238887	0.300415405326623	0.455297046218595	0.230767558422667	0.576255542785476	0.523971094316011	0.114595499454485	0.48213276072167	0.35028343147172	0.507801278331337	0.406815271086174	0.299632650661198	0.552465014013367	0.232515540837415	0.346059523920813	0.467552020813201	0.433617533203809	0.341900873932781	0.563672545710771	0.138973581765772	0.10535385489258	0.53564159618398	0.178309238219427	0.375490224114124	0.165722414633977	0.546370150553858	0.500901956660006	0.44388458346447	0.490164252644273	0.526443791632289
ZB_26	0.417863901508977	0.397836108216465	0.481838529843439	0.460004598189021	0.495605902356686	0.0778434022620452	0.478183571882104	0.46361897358738	0.559619178093199	0.593153499863403	0.370126097802686	0.20994965711341	0.177702950209924	0.425269087430064	0.555981551426348	0.429079379079724	0.222230659129134	0.445389343455423	0.102734863977993	0.410936380612353	0.639426981978171	0.467386889155826	0.560063115435762	0.514038422199316	0.203104930761886	0	0.208146089199636	0.56953198500806	0.450390538667884	0.112389042423063	0.532851678960434	0.133277667092309	0.228534194003069	0.0834194530200757	0.439010795907356	0.407663322187272	0.46320925995662	0.136285495683055	0.572396890808355	0.611051841907057	0.251766431270639	0.558120114036612	0.516153258039853	0.617505885590992	0.407345151892422	0.458002567956668	0.671930970689714	0.1999897992037	0.462308668529585	0.487577034070715	0.559208239740542	0.461444969749001	0.649413887492204	0.177857087531355	0.129703068121717	0.647708920049346	0.125171669400216	0.484110059447625	0.117509493763024	0.642819263264888	0.525079235521878	0.45041309985786	0.583069119213011	0.554603729315269
ZB_27	0.357540281713446	0.373693190598908	0.479073887135408	0.42887393461154	0.426695833056052	0.26163971868144	0.481871044038408	0.434854504545083	0.476070553996374	0.486980189529937	0.303791766761302	0.167588360827319	0.14435973017702	0.510231593606506	0.483913592888734	0.37915220494407	0.24968634544335	0.426929458484276	0.264896342883764	0.384370285140306	0.611219333577444	0.507329588443334	0.464880915296777	0.514517138832368	0.218855795293622	0.208146089199636	0	0.469293689216012	0.50164589503688	0.278923280398108	0.424757495688077	0.280835515943337	0.207634004695669	0.259901270617544	0.384846010265982	0.395108300114131	0.519998948254102	0.273910693709403	0.533493833855478	0.532495051222455	0.235298175180293	0.451850019830394	0.502743643874823	0.510688430730271	0.489297079283635	0.43965329005161	0.562708503506746	0.230575297422554	0.446003156469827	0.417990996773522	0.55941172406753	0.4827297051502	0.534121194143303	0.207905341161201	0.178222299868002	0.544519254589997	0.27833241343337	0.398446936459341	0.271287107275998	0.544730174290595	0.442198079708894	0.504537086867755	0.478664817572931	0.453561197164899
ZB_28	0.340289142894779	0.508937388899862	0.375785101543648	0.393692333593692	0.55519815885327	0.62075843999008	0.422751058047244	0.461990324352585	0.481427022312325	0.383631709493729	0.435426141981412	0.507536218316287	0.500129482464451	0.539811231160519	0.376652527917928	0.386845494491223	0.497264194642505	0.391013904966763	0.620141985241134	0.480447254346957	0.478105309600298	0.502424547747169	0.359216760497209	0.34609349346835	0.484929242868396	0.56953198500806	0.469293689216012	0	0.495447299980425	0.610855132259618	0.454205736032463	0.613979704631686	0.439529823549725	0.600253759903456	0.534501536232608	0.438514114355815	0.523284048496391	0.61000739947324	0.46490651038552	0.448979399424881	0.451386640296143	0.46128592711827	0.438741316913485	0.398004523123511	0.536255631866696	0.371110951381891	0.349608389988327	0.518216345800573	0.320760333826555	0.547242975317671	0.395488118323546	0.395974382178129	0.33426250746008	0.460749979839252	0.534457663010053	0.39964414920057	0.598690980770545	0.390869366358231	0.608141836646871	0.387453981259059	0.560484147515754	0.449803959747582	0.484472466996527	0.58148692117261
ZB_29	0.49113897699024	0.412345014880307	0.344286053760113	0.290056413297558	0.517504076513795	0.454146378146679	0.332499233165975	0.263567722613574	0.435815091227066	0.475711604913431	0.376582136513268	0.484380680102773	0.474243304970153	0.175102473875841	0.377823552002234	0.284884792626728	0.444126510884826	0.299936564289234	0.449757786035098	0.367213855725916	0.500162370005946	0.294777002527715	0.353726777587107	0.342356597346617	0.43234122695977	0.450390538667884	0.50164589503688	0.495447299980425	0	0.460732684487165	0.387520824291974	0.456721003346173	0.427396248628689	0.494613111995394	0.460713844633815	0.411587988710314	0.189309954932302	0.486760302707139	0.458021594638146	0.388813399601781	0.410279465630106	0.481598347684685	0.329837516002633	0.530304147817916	0.203815826315774	0.31655263721192	0.573826490119164	0.410029605151926	0.384083416798774	0.522333406560315	0.420445430593715	0.364480938699113	0.587236000920433	0.465192456002187	0.446683554623806	0.548837254501812	0.469289496697767	0.300183899565125	0.445946272317842	0.488038851516471	0.526902775189444	0.20911166740231	0.480915476341725	0.555769638916519
ZB_30	0.462226089406855	0.363371975801494	0.49934721141621	0.420405620422585	0.491458899581987	0.0615400621101858	0.460387688103687	0.422378930045004	0.577140598743718	0.601373892251931	0.355965956553077	0.236066569254417	0.216651291689474	0.372820643916357	0.539209779192113	0.43578287189024	0.178798496347259	0.447102200824001	0.0473773509832743	0.351204860158327	0.653872055902669	0.491015600035459	0.568722419027609	0.530113668709794	0.191143708370495	0.112389042423063	0.278923280398108	0.610855132259618	0.460732684487165	0	0.529674447474518	0.0703829740134845	0.257077293481523	0.115981668652043	0.43661261060737	0.42589805871302	0.43962227586932	0.121204274038858	0.629728315740254	0.61757085152096	0.238882235003119	0.580359413249331	0.495151526652371	0.610852276297226	0.375098698519574	0.440780677993849	0.688462341309752	0.250391134420029	0.480686756361842	0.483678127395514	0.573272672068619	0.477372525950244	0.698551150919407	0.208898039736607	0.11260835228408	0.640103043123128	0.117221791623968	0.495037497494992	0.0616451396438808	0.656411365489364	0.519185016675568	0.432071535952642	0.590737936299485	0.512153838134382
ZB_31	0.483964860677694	0.424880638752925	0.409948732747107	0.401087967232016	0.352611189965158	0.527520202732359	0.397068899443741	0.334369957893575	0.236993934140734	0.232689330648732	0.334640337909711	0.415662185878768	0.448696359764542	0.372212765205909	0.454274325013792	0.245210727969349	0.450068350060628	0.434199761313228	0.538375463183769	0.360820882780357	0.441758270332113	0.506881198556375	0.35541644672768	0.417899598513172	0.409919320470594	0.532851678960434	0.424757495688077	0.454205736032463	0.387520824291974	0.529674447474518	0	0.52905489042462	0.430842451407283	0.570227770875832	0.27976550331818	0.428736975470444	0.462957010902216	0.55859092862302	0.457295115606669	0.237705583992015	0.397854140415443	0.246924965867867	0.397779328216884	0.339632195300632	0.416988416988417	0.391485148265398	0.415328039984816	0.480171561348421	0.40393344210174	0.344496082967426	0.515197698964613	0.427374699923319	0.438916378731996	0.463004845538271	0.452157147463809	0.392805991480174	0.547463369721409	0.278334865501089	0.523744571375092	0.336434640161734	0.336946931102214	0.460850380793006	0.216543775034742	0.510061524372915
ZB_32	0.450550341536072	0.399658411614005	0.484587092609551	0.414613078707485	0.547200137463945	0.0816373401927941	0.443493011874559	0.42706706211228	0.587777290278163	0.592203723997818	0.400660344167669	0.204621133398201	0.231077254888444	0.3756688486881	0.548613844112743	0.430858728400795	0.235172728818082	0.452646132119695	0.0669090501227966	0.397206250921421	0.647182774242203	0.506171069887447	0.569920051921404	0.5388988151584	0.1594973954033	0.133277667092309	0.280835515943337	0.613979704631686	0.456721003346173	0.0703829740134845	0.52905489042462	0	0.255057614182434	0.137536747111506	0.469934639882699	0.417358498821176	0.434443672323356	0.0821162204811605	0.621738801802294	0.629909090275378	0.23065888109351	0.588399236508489	0.480161530031675	0.62459458337698	0.383564343920292	0.441077233081822	0.684063671255361	0.227471684252634	0.477824221277474	0.539371256906984	0.562562863104799	0.471304005417322	0.694705237716362	0.218591614905313	0.132194759153643	0.654958583764361	0.0575517270980984	0.502381545829973	0.0167475106245748	0.661663282348276	0.530650775374764	0.426460574622567	0.602012780539005	0.547951935045404
ZB_33	0.34323968402697	0.400534428161867	0.321008154384972	0.336139742059697	0.506186058755188	0.269741166882585	0.330577689776042	0.367368383482956	0.47364291479489	0.465054558744192	0.354238970978425	0.215635260049571	0.250864270443068	0.404775486663074	0.458779318527108	0.317197385987142	0.179110838295493	0.322771557598268	0.242777683427987	0.392928498152446	0.611722516141383	0.484841701138238	0.467199726076662	0.3609475938518	0.121217185886938	0.228534194003069	0.207634004695669	0.439529823549725	0.427396248628689	0.257077293481523	0.430842451407283	0.255057614182434	0	0.268303821745651	0.439625310000697	0.279109308423468	0.447000154134662	0.260362629413898	0.536753027209902	0.517926913723406	0.117632062268146	0.475823662833913	0.356204713566342	0.514581511575212	0.391137176363536	0.273333246695301	0.564889664294043	0.29439261802749	0.328054306019113	0.498160313033772	0.399695002077007	0.327939749171768	0.537378200808437	0.0865180344646074	0.157093361196905	0.547267841527788	0.213997319218504	0.359798270893372	0.240234718654327	0.556037657029901	0.532863186153878	0.454275546517539	0.509072931741023	0.543978340967085
ZB_34	0.474324692766765	0.418316721229012	0.511563346745223	0.476532888130803	0.555215004709641	0.0577870441025279	0.515306177333186	0.471067843878375	0.619712600296346	0.639891834776927	0.419734947432999	0.24239051822409	0.220969415514936	0.431936958355539	0.567380143586159	0.488737383079698	0.260532179364368	0.492182957969889	0.0890251024715968	0.41683301138664	0.687309569118569	0.487110060551833	0.611202952133353	0.533074546301928	0.248963151552843	0.0834194530200757	0.259901270617544	0.600253759903456	0.494613111995394	0.115981668652043	0.570227770875832	0.137536747111506	0.268303821745651	0	0.498948327806764	0.436246363574179	0.481012303497039	0.104764833493615	0.632972562331307	0.66194180443628	0.301446589961135	0.617897312553005	0.545604027207999	0.673142261655826	0.41354408618376	0.486417252414229	0.689348629922714	0.273102470733839	0.471496728128293	0.547232729101645	0.571143807135213	0.479266255539473	0.699414460415779	0.229189630415224	0.16832293111532	0.702845873346488	0.129318260354445	0.543187598047336	0.121338107609216	0.702422888135377	0.54858925726503	0.469343012323907	0.633943447576917	0.578104791280687
