ZB_1	ZB_2	ZB_3	ZB_4	ZB_5	ZB_6	ZB_7	ZB_8	ZB_9	ZB_10	ZB_11	ZB_12	ZB_13	ZB_14	ZB_15	ZB_16	ZB_17	ZB_18	ZB_19	ZB_20	ZB_21	ZB_22	ZB_23	ZB_24	ZB_25	ZB_26	ZB_27	ZB_28	ZB_29	ZB_30	ZB_31	ZB_32	ZB_33	ZB_34	ZB_35	ZB_36	ZB_37	ZB_38	ZB_39	ZB_40	ZB_41	ZB_42	ZB_43	ZB_44	ZB_45	ZB_46	ZB_47	ZB_48	ZB_49	ZB_50	ZB_51	ZB_52	ZB_53	ZB_54	ZB_55	ZB_56	ZB_57	ZB_58	ZB_59	ZB_60	ZB_61	ZB_62	ZB_63	ZB_64
ZB_1	0	0.532165119578077	0.623816339257017	0.496128967694393	0.49309142384702	0.781445754733827	0.573595957005232	0.607537024927153	0.158553502742922	0.434861981506135	0.49309142384702	0.723575564850533	0.78656592725227	0.63049396112474	0.554625377903985	0.450774478887765	0.671585049728078	0.616485927231621	0.795073101471406	0.559325495230038	0.167108504643205	0.540827049396366	0.218486629092217	0.533671074474784	0.696809847281217	0.765765783007096	0.807882866884501	0.510499930464037	0.513264909183399	0.74160668039381	0.392119560246584	0.734261299268145	0.694001202013372	0.756545056021007	0.545654658711191	0.663782562793096	0.499750554584619	0.783261289562832	0.355091520509051	0.431082586362827	0.649044552309043	0.198520505710768	0.546164602588315	0.157305455567159	0.595400760943404	0.559460621415612	0.0585718154735037	0.691957166697571	0.593366600892571	0.464710278928615	0.606996059589553	0.561924823548722	0.152237413390022	0.708354273153312	0.746907703572119	0.0572597875477717	0.784042586978999	0.454863104709723	0.720837995751017	0.191867386214833	0.449529886496909	0.563783763141097	0.178913688873848	0.515042055518776
ZB_2	0.532165119578077	0	0.643410616353429	0.472674445418069	0.056483939513447	0.664916088645622	0.535752728559991	0.382961573081005	0.478800864093614	0.387066262162663	0.056483939513447	0.589156301224569	0.6562966253929	0.39939617563618	0.314389249213836	0.418525721314864	0.351943841042678	0.365378194088081	0.674160682676179	0.175964672376389	0.489433069305777	0.605106348929921	0.476875412408067	0.578028530186311	0.583791264063766	0.64392062871259	0.663297065787024	0.211021957988365	0.536816724867807	0.626061370828226	0.372946439600217	0.615968870199186	0.588558036087177	0.639151925078044	0.151213002946791	0.637485932086729	0.485930860497182	0.657478742044979	0.49147947937441	0.343886668423912	0.551282143551138	0.47232178877315	0.586363328315573	0.454457984924064	0.374112906918181	0.595366955152158	0.560807350681916	0.559258543663671	0.611464127654391	0.154134777141742	0.646075805192888	0.611115459097157	0.484372148873676	0.587086662090731	0.614516267218374	0.560165755287276	0.658575897021817	0.440020461059129	0.618966144829419	0.473883138794598	0.132824962181189	0.509141684273033	0.464912383968356	0.036072198518866
ZB_3	0.623816339257017	0.643410616353429	0	0.385068127307058	0.619506584910024	0.583970729418498	0.18637723219391	0.423153862060709	0.651517237616998	0.602048914052348	0.619506584910024	0.655650188971675	0.643673000883762	0.397388618414861	0.485968933251803	0.39731229033702	0.596442228609705	0.422759433962264	0.516692577050691	0.516860744935526	0.653607010211155	0.267309719770971	0.644028985070579	0.112605670888883	0.457342463306213	0.59014234369747	0.699618559740547	0.643058520499617	0.410163976722186	0.492658807378469	0.452148305764194	0.445569550067489	0.392985412470171	0.502801020499188	0.562956702266023	0.184738434272444	0.362763512282052	0.488914198936978	0.400493361789407	0.580497553580043	0.461367391391346	0.659901681654426	0.135647718191832	0.664310460365798	0.458981607857812	0.160212777677229	0.638473904487375	0.631484907833886	0.149734264150333	0.605211616535014	0.0760927354077933	0.181386954995731	0.650563052485467	0.524487931053541	0.545943450126892	0.637869674880124	0.490751346434346	0.463884545827899	0.430836452258682	0.637783688079161	0.597768390078014	0.448834552408324	0.655737536634314	0.634497386245966
ZB_4	0.496128967694393	0.472674445418069	0.385068127307058	0	0.440607783941204	0.524297433589573	0.2263368408406	0.273054633973026	0.441143023499122	0.410172071511068	0.440607783941204	0.580627255605783	0.591736814506113	0.295674618442991	0.251967315445857	0.136858947914334	0.46480318898784	0.304300782563542	0.54204439661149	0.323770404327627	0.452475797373358	0.243147053918182	0.423512806308271	0.308216777965779	0.380751743865108	0.528177859654999	0.642101019810922	0.477003632246804	0.24241698467696	0.488565732962015	0.222199949887246	0.472711116894145	0.425988466591781	0.490338273539882	0.416449404226542	0.452607370680798	0.10898622128452	0.529354207436399	0.368636140675085	0.388193898401361	0.354456184678994	0.435006935144442	0.324479031729815	0.449782718789897	0.260905693775199	0.307408298636177	0.525641608821041	0.53509403890349	0.338478688812511	0.38230938735078	0.367516520681825	0.306962989163007	0.446883614297801	0.417071584420131	0.479933568857695	0.524980515955689	0.531010603019836	0.20105688106686	0.458279369043503	0.459040883255722	0.403940625284289	0.219671133079142	0.426832485739499	0.457671173425223
ZB_5	0.49309142384702	0.056483939513447	0.619506584910024	0.440607783941204	0	0.687323965566848	0.508816540826619	0.349374276661981	0.437774001543714	0.346670516957012	0	0.617597884906181	0.681291954134177	0.367725618271589	0.275354834790137	0.382152280824238	0.345790549447891	0.375927032441742	0.69539130666493	0.130662755571587	0.449208664377667	0.576208754616456	0.43738420225615	0.551686788933255	0.592192346652251	0.667965324353382	0.690326898095297	0.199868108833764	0.507921761277633	0.647863636093744	0.332109709909685	0.638545500154487	0.596422728009735	0.662604964362339	0.103693717835834	0.614831822285019	0.453633115957092	0.679970822310046	0.455455818880848	0.302011967859654	0.559922128581402	0.431649787100965	0.560765570387838	0.446465780505887	0.339501392344576	0.57056250321651	0.522781979431389	0.588744841207357	0.586793540345788	0.102571497379148	0.621317729646212	0.586727203188038	0.443549199007874	0.613232810046273	0.637686456537528	0.522116901223683	0.680984496124031	0.404938171988784	0.626341389992582	0.433674684448678	0.0791351542645852	0.480246114704824	0.423377193919111	0.0219506316717564
ZB_6	0.781445754733827	0.664916088645622	0.583970729418498	0.524297433589573	0.687323965566848	0	0.531572100470329	0.506506610478833	0.735472236913596	0.576000276113628	0.687323965566848	0.227099273607748	0.156170460048426	0.562562457428553	0.574204547317345	0.562458850319629	0.451143087371935	0.479135452354802	0.0909874492070319	0.610703204584866	0.732310892730415	0.62770786199095	0.734614919174505	0.565087610417745	0.26796626485853	0.07261598062954	0.281570944309927	0.642272296772047	0.501188329419426	0.142411303417756	0.613710063960869	0.174747719191957	0.251164261195977	0.126903115456895	0.628347473113681	0.511973950646658	0.550528959319572	0.149073011601408	0.630782810551074	0.58847543339843	0.260156522167522	0.729167188702547	0.549084628785068	0.737940403424641	0.534001043057273	0.551684539833621	0.777580504470452	0.316893151703561	0.5525136551853	0.678637992602373	0.60113593233205	0.545101296630091	0.738392807161057	0.169359151871819	0.0761657210569714	0.777668583718742	0.145427160608391	0.546431960456618	0.188862090766467	0.727555513613321	0.674179882861245	0.454094157149609	0.737706502478925	0.68378552666761
ZB_7	0.573595957005232	0.535752728559991	0.18637723219391	0.2263368408406	0.508816540826619	0.531572100470329	0	0.272185823556657	0.513580070948942	0.478343347902118	0.508816540826619	0.583566712432035	0.626791765717465	0.248283659377326	0.335453811975136	0.259909138037147	0.521722246245941	0.284463766731854	0.465056246182619	0.404853950983578	0.522818602314825	0.313373664428396	0.4774329766575	0.0863449681152076	0.407834907310248	0.535509738496689	0.679510165837713	0.533838030662465	0.342573170446848	0.442200346223043	0.313912184730567	0.393057089830644	0.321425930718326	0.491742000703535	0.453277328031941	0.266982466905081	0.221084371475509	0.434767860559779	0.360498754170362	0.457746167160938	0.353216837992825	0.525466455862435	0.108965151538553	0.533597841363228	0.31834853819889	0.0922465880329719	0.587126251108577	0.583904958376463	0.162228139140414	0.461264044755694	0.18354343511128	0.113000255558395	0.518576586849107	0.44184824300003	0.494170127471145	0.586550846741839	0.436769495573856	0.344442883849782	0.378298828493508	0.508427583248709	0.480373618964913	0.325504009423277	0.519564214263927	0.523999645481365
ZB_8	0.607537024927153	0.382961573081005	0.423153862060709	0.273054633973026	0.349374276661981	0.506506610478833	0.272185823556657	0	0.54008374416818	0.442396924929024	0.349374276661981	0.543639889196676	0.601823378621301	0.152967716591508	0.109556807139114	0.306405042600776	0.419294226384204	0.0855780076086333	0.535053287085435	0.236019299751275	0.548765354251267	0.372022459804617	0.5155715818631	0.345736859382237	0.412110183871902	0.509433929877201	0.653692750811239	0.337544907961827	0.317022395121438	0.526549463466654	0.396051485531791	0.47825245946715	0.430038445108928	0.482890985609557	0.291607670350449	0.430175206124853	0.254550249281016	0.51029403103261	0.392546972541478	0.462142114226281	0.342848466443972	0.533546494528946	0.359585724849466	0.56924557091423	0.107812696525854	0.3440313231536	0.598512868029229	0.543949727381942	0.383598010558004	0.287133146389089	0.389287187535288	0.333693674456263	0.544899288225448	0.435097793586496	0.491301619016265	0.59795333270022	0.511925396765867	0.402986104403262	0.464805149142425	0.544937119213656	0.308078731911187	0.303416386529909	0.545539325475528	0.365929082387481
ZB_9	0.158553502742922	0.478800864093614	0.651517237616998	0.441143023499122	0.437774001543714	0.735472236913596	0.513580070948942	0.54008374416818	0	0.333237446155662	0.437774001543714	0.664463275413222	0.734642139812864	0.567373934850287	0.478720214523319	0.390839134487614	0.626093343261597	0.559805269989679	0.752134106635139	0.511235999755999	0.0280354906610535	0.567660073675627	0.102116484608713	0.567560706878673	0.660064929801239	0.716272703159517	0.750939872883739	0.430488430669542	0.562874117814496	0.711153919793623	0.325783379369638	0.689041146403092	0.651770276883889	0.708501409306486	0.49607330558761	0.686731400654813	0.465563673579183	0.737693356864907	0.398979871414256	0.349154158573194	0.610695515159206	0.0489738204224444	0.578508220108338	0.078246841961452	0.53401442182266	0.590195441156524	0.151198945123639	0.630822788827015	0.604876054151756	0.406295706857559	0.626819708067778	0.58262786963865	0.0102720213579905	0.671312242338069	0.714762358105389	0.150016007640257	0.738649070399929	0.395373939861218	0.67526136953047	0.0871864596558929	0.38945872343809	0.522080092911685	0.0249674613504333	0.45972463321547
ZB_10	0.434861981506135	0.387066262162663	0.602048914052348	0.410172071511068	0.346670516957012	0.576000276113628	0.478343347902118	0.442396924929024	0.333237446155662	0	0.346670516957012	0.461265573861302	0.554155984860789	0.473345405140441	0.390261030907531	0.364089940122166	0.492302202485974	0.477395721709344	0.602865562546577	0.425287973972429	0.348313419787265	0.518655836720031	0.381077740995717	0.525632865024825	0.525651611727922	0.545016666341787	0.551986248871836	0.33193353584006	0.313777652529238	0.571130339562053	0.305963325734613	0.542646834169442	0.494230089699572	0.552151841287523	0.408908550570633	0.492034356653449	0.416043853344883	0.579582808737205	0.367942161086112	0.131019880493093	0.47173270351958	0.355784237569573	0.536344406123882	0.379723133205615	0.434431559027609	0.547846254584751	0.415588491326651	0.46397700507743	0.560286063143206	0.313545352965717	0.577046196644011	0.540390840817428	0.340218770283826	0.490217178835609	0.558026651444066	0.41477402217	0.581124199615241	0.368202912101068	0.528174629777955	0.37571579435311	0.295963280242484	0.347681953678539	0.344642967183937	0.366648525875617
ZB_11	0.49309142384702	0.056483939513447	0.619506584910024	0.440607783941204	0	0.687323965566848	0.508816540826619	0.349374276661981	0.437774001543714	0.346670516957012	0	0.617597884906181	0.681291954134177	0.367725618271589	0.275354834790137	0.382152280824238	0.345790549447891	0.375927032441742	0.69539130666493	0.130662755571587	0.449208664377667	0.576208754616456	0.43738420225615	0.551686788933255	0.592192346652251	0.667965324353382	0.690326898095297	0.199868108833764	0.507921761277633	0.647863636093744	0.332109709909685	0.638545500154487	0.596422728009735	0.662604964362339	0.103693717835834	0.614831822285019	0.453633115957092	0.679970822310046	0.455455818880848	0.302011967859654	0.559922128581402	0.431649787100965	0.560765570387838	0.446465780505887	0.339501392344576	0.57056250321651	0.522781979431389	0.588744841207357	0.586793540345788	0.102571497379148	0.621317729646212	0.586727203188038	0.443549199007874	0.613232810046273	0.637686456537528	0.522116901223683	0.680984496124031	0.404938171988784	0.626341389992582	0.433674684448678	0.0791351542645852	0.480246114704824	0.423377193919111	0.0219506316717564
ZB_12	0.723575564850533	0.589156301224569	0.655650188971675	0.580627255605783	0.617597884906181	0.227099273607748	0.583566712432035	0.543639889196676	0.664463275413222	0.461265573861302	0.617597884906181	0	0.207598791374693	0.606744498341966	0.583017784347138	0.565260428170581	0.464821218636019	0.53339400968771	0.300208971684426	0.600700680124918	0.660417425486733	0.685615607950739	0.665921901183162	0.621649667602633	0.3067066958702	0.230184205432609	0.177266345791892	0.553402440213084	0.54070858047924	0.340511742570811	0.552677464352139	0.326798227445356	0.327632181091609	0.321258475906962	0.545469761956842	0.562602429071914	0.595892710439838	0.234059135295552	0.531671364232709	0.481044226427194	0.29121795814341	0.657242847758625	0.628263145268576	0.667404385447349	0.581495166307161	0.605890986164777	0.717363292074635	0.22495624718891	0.607835461613956	0.604525086256752	0.662964507975937	0.599337087988182	0.668132764304188	0.261750239103703	0.283821668149052	0.717505504803143	0.259919185742568	0.503618674230022	0.316211460965305	0.655676798408566	0.597751927747966	0.486215104179126	0.668049924117154	0.612291967987658
ZB_13	0.78656592725227	0.6562966253929	0.643673000883762	0.591736814506113	0.681291954134177	0.156170460048426	0.626791765717465	0.601823378621301	0.734642139812864	0.554155984860789	0.681291954134177	0.207598791374693	0	0.637409511474169	0.607467730124139	0.609915388135507	0.44951163998457	0.580063056162223	0.234863829339196	0.628247824655869	0.731066747805773	0.66768347560999	0.745528714685312	0.662644336862993	0.308571884012841	0.181120343092889	0.169280846949013	0.630124150855001	0.56837598055608	0.252924834079333	0.610232685785976	0.311186663259487	0.372638876004621	0.220845194113016	0.615787364442587	0.5674951498699	0.631699549763901	0.281513525943439	0.640433754560058	0.568911657133073	0.368504819627723	0.739684662856777	0.646191217476094	0.737431916486952	0.604442369996156	0.647461770606781	0.782293742711348	0.23037055902203	0.610553318303235	0.671428088052756	0.663015601528386	0.64194144511889	0.737944512287265	0.288700332304095	0.216946310869871	0.782391312839342	0.280021674420774	0.521430040597561	0.323708867576762	0.737821787697263	0.666341752762823	0.518423247018181	0.737173771963342	0.67728100386384
ZB_14	0.63049396112474	0.39939617563618	0.397388618414861	0.295674618442991	0.367725618271589	0.562562457428553	0.248283659377326	0.152967716591508	0.567373934850287	0.473345405140441	0.367725618271589	0.606744498341966	0.637409511474169	0	0.162393305559477	0.327878793532918	0.427433402838082	0.202063233603845	0.49653529094702	0.259376065274525	0.563844373879813	0.403408364695022	0.543800980901329	0.320521228743102	0.484230396408347	0.567451826997411	0.683095792688142	0.375765486560941	0.354425431544727	0.46878285923927	0.407925866595058	0.43861163598927	0.400565114438216	0.54201471316314	0.347960331124566	0.405830890887548	0.278832985020164	0.469724881713534	0.503420739572556	0.475430724543923	0.419447325186476	0.544665098504663	0.334652334957219	0.594442347612757	0.153134603994796	0.319490646503682	0.622536835856624	0.580603746427898	0.346526636711657	0.309509371297428	0.362656555418808	0.30895575546092	0.571903737505952	0.501819747192111	0.536944273384866	0.622010781697176	0.471491396136455	0.423644855921077	0.424993698433519	0.55993861729103	0.329474106484807	0.320241698393014	0.556081732667463	0.383549412243372
ZB_15	0.554625377903985	0.314389249213836	0.485968933251803	0.251967315445857	0.275354834790137	0.574204547317345	0.335453811975136	0.109556807139114	0.478720214523319	0.390261030907531	0.275354834790137	0.583017784347138	0.607467730124139	0.162393305559477	0	0.245258441992645	0.369447451867321	0.150715130009355	0.598702241722929	0.211881871493886	0.488943557787142	0.355082719504219	0.472990514501526	0.409802384118001	0.464806307597031	0.546324985765236	0.655521715487306	0.256244167686039	0.313977556662773	0.56223242505599	0.3227566315091	0.535932039735142	0.491689021785562	0.544119942981265	0.25665302006753	0.489217413211689	0.269389994643145	0.577453836781239	0.40871954981398	0.399868305641495	0.412195796991701	0.492347486901476	0.422427732294217	0.512119349518425	0.092486981748359	0.406392734482881	0.55753716820167	0.553707241709043	0.446133464418526	0.201238675278512	0.455454634423686	0.396937520655211	0.484074811613224	0.497570283958742	0.557985621720298	0.5569205268041	0.578853499880019	0.334371521101103	0.522733001424074	0.505511853667122	0.224429970956695	0.283929605938447	0.485586759972868	0.293568041959989
ZB_16	0.450774478887765	0.418525721314864	0.39731229033702	0.136858947914334	0.382152280824238	0.562458850319629	0.259909138037147	0.306405042600776	0.390839134487614	0.364089940122166	0.382152280824238	0.565260428170581	0.609915388135507	0.327878793532918	0.245258441992645	0	0.486196015438842	0.354907752138012	0.578254341558045	0.314237519379845	0.403734627027663	0.298185865600406	0.367743967905981	0.306428073509946	0.450255096968661	0.531631581024622	0.657088615420204	0.439081347357209	0.300843375757039	0.524554768846314	0.125257188248776	0.509831828520229	0.451599991808757	0.52971208982229	0.358605782221021	0.456457103460163	0.118759413687962	0.55415169110456	0.315477349955631	0.317960677093804	0.393094512511143	0.359469929857268	0.32341757483299	0.400256506878748	0.314989285404615	0.341586612338776	0.48294361476369	0.53294377261155	0.358186620602384	0.353304658304161	0.389074652329825	0.361351817612538	0.397096447908609	0.474409714503477	0.505142156106676	0.482223015542466	0.555745282391678	0.187312521825817	0.495479323292001	0.362488312945007	0.33808231382869	0.2744110373552	0.375240475198826	0.400620129570119
ZB_17	0.671585049728078	0.351943841042678	0.596442228609705	0.46480318898784	0.345790549447891	0.451143087371935	0.521722246245941	0.419294226384204	0.626093343261597	0.492302202485974	0.345790549447891	0.464821218636019	0.44951163998457	0.427433402838082	0.369447451867321	0.486196015438842	0	0.396419750240699	0.478488025475855	0.303857245081198	0.632445786992909	0.581792875882604	0.597148541114058	0.577196686422642	0.383975750829441	0.460765505518477	0.500807950721081	0.424437325131019	0.49550880974781	0.422845441699842	0.4555390265633	0.415607328726602	0.419999814495908	0.453310627632714	0.328366549068168	0.551462272309964	0.502279553244781	0.476429066284751	0.56908424879906	0.425506574769361	0.390052827470285	0.62019532191946	0.583981992714992	0.640778636479083	0.365599917388733	0.542512654846997	0.68262763533515	0.406706076308797	0.584165140568715	0.380821934375869	0.63964422286097	0.569353111583301	0.629934120425509	0.433152135729913	0.421488070328704	0.682185327135608	0.473358811091391	0.446247314362294	0.407805932219946	0.620285504423083	0.398076589706066	0.407687340671317	0.616518790997202	0.360293732286766
ZB_18	0.616485927231621	0.365378194088081	0.422759433962264	0.304300782563542	0.375927032441742	0.479135452354802	0.284463766731854	0.0855780076086333	0.559805269989679	0.477395721709344	0.375927032441742	0.53339400968771	0.580063056162223	0.202063233603845	0.150715130009355	0.354907752138012	0.396419750240699	0	0.509102847343458	0.267701486766722	0.556239893062864	0.380493909319754	0.552525228819526	0.347656173330862	0.380544330032209	0.480926372401979	0.63038694826394	0.358115895478678	0.350288613919704	0.493354681563975	0.404624519832183	0.443220439235095	0.39259461768475	0.445703231061635	0.320301609839275	0.429611597385059	0.312088670939084	0.483110223987793	0.41125040398714	0.483458643333683	0.310549226283063	0.5696765762977	0.361058007574285	0.587252991265647	0.141373032527621	0.345952070198411	0.619892448295721	0.533689237227209	0.372750522043124	0.318277009949287	0.389912621619448	0.33595120782643	0.564381038479482	0.391262187532651	0.469003540523071	0.619362708767189	0.492215079995095	0.407141554704629	0.429622339494687	0.568641164045999	0.338217514565188	0.311866853293675	0.564769848477606	0.391732715897508
ZB_19	0.795073101471406	0.674160682676179	0.516692577050691	0.54204439661149	0.69539130666493	0.0909874492070319	0.465056246182619	0.535053287085435	0.752134106635139	0.602865562546577	0.69539130666493	0.300208971684426	0.234863829339196	0.49653529094702	0.598702241722929	0.578254341558045	0.478488025475855	0.509102847343458	0	0.622459311982425	0.749178106065349	0.643480812483015	0.750885303225615	0.497741538492366	0.33138953978893	0.13501237601402	0.350392513424334	0.663539301986252	0.532028709039562	0.0794868718751109	0.626737287572581	0.0895047565561027	0.212574207735434	0.172683257129137	0.639254129496999	0.444436837385762	0.566918794686766	0.0826160899274221	0.654038776721789	0.618795110709026	0.324665655455723	0.736082850865398	0.481680996695382	0.754479651965827	0.553649788669058	0.485240007309617	0.791678581154684	0.379892614433383	0.48494102991702	0.687347578810777	0.54064485793201	0.477788096186838	0.754876796280285	0.244290806398843	0.10926000487305	0.791755850395925	0.0551157202478816	0.574485789452705	0.104789573156597	0.7444974526558	0.683227442280781	0.475833634936863	0.744152454793473	0.692111905983891
ZB_20	0.559325495230038	0.175964672376389	0.516860744935526	0.323770404327627	0.130662755571587	0.610703204584866	0.404853950983578	0.236019299751275	0.511235999755999	0.425287973972429	0.130662755571587	0.600700680124918	0.628247824655869	0.259376065274525	0.211881871493886	0.314237519379845	0.303857245081198	0.267701486766722	0.622459311982425	0	0.52053941090651	0.456898952594297	0.5083867431054	0.44581171747736	0.506001648025781	0.61749102622507	0.669929293935212	0.301218696971255	0.396287467483617	0.574732657629574	0.296042065660787	0.563189645414804	0.515735116127859	0.583429090295467	0.117530622641366	0.518152203775658	0.334553154050304	0.603346724586559	0.443665157233969	0.386075005561491	0.471280416273831	0.504984049992405	0.457034572788142	0.518792086928155	0.223533094959548	0.469145180381864	0.585136601007302	0.573027875539325	0.484280550914202	0.217228940346	0.514707441686341	0.485423118206606	0.516256594005522	0.527174302279067	0.560404153221821	0.584558423750885	0.604603100775194	0.337428952508211	0.550675245009576	0.506108737077672	0.199457892517378	0.371442390298522	0.49872031868706	0.149745257222574
ZB_21	0.167108504643205	0.489433069305777	0.653607010211155	0.452475797373358	0.449208664377667	0.732310892730415	0.522818602314825	0.548765354251267	0.0280354906610535	0.348313419787265	0.449208664377667	0.660417425486733	0.731066747805773	0.563844373879813	0.488943557787142	0.403734627027663	0.632445786992909	0.556239893062864	0.749178106065349	0.52053941090651	0	0.570705063274909	0.125686674911559	0.570114812753866	0.657075808177426	0.71287370347773	0.74700680011795	0.442001400555576	0.565535113155351	0.708203684164544	0.34083114386183	0.686451168826152	0.64898310881671	0.705205966721886	0.505801067548162	0.688472157931832	0.469017212318065	0.734559434448774	0.403587811882296	0.363411722823697	0.606933603048686	0.0748230997489158	0.580949386161445	0.0875099608856204	0.542968790408507	0.592518792202828	0.157938652684618	0.627355618813452	0.594904821820484	0.418701596710967	0.629172665854469	0.585027182022239	0.0181307264133676	0.66770560824068	0.711649478136722	0.158925690934509	0.735526942571636	0.390534621630932	0.672148449357929	0.0636004819058469	0.402398348677959	0.520434343242782	0.0518781124268352	0.470936043895648
ZB_22	0.540827049396366	0.605106348929921	0.267309719770971	0.243147053918182	0.576208754616456	0.62770786199095	0.313373664428396	0.372022459804617	0.567660073675627	0.518655836720031	0.576208754616456	0.685615607950739	0.66768347560999	0.403408364695022	0.355082719504219	0.298185865600406	0.581792875882604	0.380493909319754	0.643480812483015	0.456898952594297	0.570705063274909	0	0.55774487259745	0.29075218981086	0.473773251636389	0.636215141721776	0.719163818230532	0.573132174483437	0.263276709945003	0.603833939871584	0.372044126398023	0.577238121104447	0.540890605937373	0.544462996209475	0.546042528674214	0.349310586525206	0.220396343265244	0.623023330430398	0.363558193087769	0.52485242768006	0.460718367141152	0.580490916880623	0.309475776015634	0.596500595947557	0.326620838034267	0.290411452139093	0.544134402326248	0.609990878609495	0.30105961516022	0.525683099647016	0.226493716812781	0.276427671416532	0.566019883086415	0.551189286348393	0.601512688103691	0.543372500227173	0.624376191187191	0.402560165587913	0.563142399310371	0.586442684456995	0.547802762890647	0.307372308968106	0.574136978647483	0.593633226372828
ZB_23	0.218486629092217	0.476875412408067	0.644028985070579	0.423512806308271	0.43738420225615	0.734614919174505	0.4774329766575	0.5155715818631	0.102116484608713	0.381077740995717	0.43738420225615	0.665921901183162	0.745528714685312	0.543800980901329	0.472990514501526	0.367743967905981	0.597148541114058	0.552525228819526	0.750885303225615	0.5083867431054	0.125686674911559	0.55774487259745	0	0.562704132834595	0.630828919348008	0.715938508441104	0.762155321699747	0.467892754404327	0.543435249354532	0.705086972947225	0.330527512854681	0.689489850450152	0.63425696067657	0.708406363697584	0.493672054939807	0.678913813994044	0.400759995423949	0.736780489501974	0.442810616710045	0.352690391627119	0.580882275971368	0.0995737384802229	0.573399312910518	0.145178078906344	0.526983348790898	0.55421107987298	0.23787552497978	0.633552004383988	0.61578364936276	0.363920767324612	0.647379516647127	0.57408141469585	0.1113395632558	0.677574778643397	0.697373315427428	0.236813384913713	0.73771261871374	0.396732741115156	0.676094749661241	0.0652065537308138	0.391080454226726	0.515164561680768	0.122296573238397	0.458476981167476
ZB_24	0.533671074474784	0.578028530186311	0.112605670888883	0.308216777965779	0.551686788933255	0.565087610417745	0.0863449681152076	0.345736859382237	0.567560706878673	0.525632865024825	0.551686788933255	0.621649667602633	0.662644336862993	0.320521228743102	0.409802384118001	0.306428073509946	0.577196686422642	0.347656173330862	0.497741538492366	0.44581171747736	0.570114812753866	0.29075218981086	0.562704132834595	0	0.468697208516592	0.570475206826398	0.717794658312233	0.572304204918962	0.324455325690606	0.47402214591739	0.362239988156044	0.425905037157942	0.355880695691371	0.526058219854641	0.494461986832282	0.207636965705673	0.269925264649364	0.468873938302343	0.300062689404335	0.504125355664847	0.416485992515158	0.578366166922068	0.0270343959142028	0.581208418267188	0.383239739276891	0.0557904441850062	0.548107617773746	0.622024999629745	0.128744346258471	0.534293425726041	0.106384208047933	0.0779633225928579	0.566187142085946	0.478149919059896	0.527094046053069	0.547477834817753	0.470783122460865	0.39029348051871	0.411080163634781	0.554733947681332	0.52522059342305	0.370275538332007	0.573002189199062	0.56714919990888
ZB_25	0.696809847281217	0.583791264063766	0.457342463306213	0.380751743865108	0.592192346652251	0.26796626485853	0.407834907310248	0.412110183871902	0.660064929801239	0.525651611727922	0.592192346652251	0.3067066958702	0.308571884012841	0.484230396408347	0.464806307597031	0.450255096968661	0.383975750829441	0.380544330032209	0.33138953978893	0.506001648025781	0.657075808177426	0.473773251636389	0.630828919348008	0.468697208516592	0	0.313481748153638	0.351101403837701	0.593936424893934	0.400828090935553	0.28342355968461	0.507912421417732	0.255736472231127	0.201173921283268	0.226514494325164	0.544944344096123	0.394421502735165	0.43144790892064	0.30012929778865	0.542532667552933	0.474307221357957	0.119728308761646	0.666479105112676	0.478037323390178	0.66583849421225	0.43759895858092	0.430644549128173	0.716531970428974	0.261336295018845	0.410025568770779	0.55711861362695	0.481400860279021	0.44382614066814	0.663901138095393	0.201571454453567	0.244025843146458	0.716090188385591	0.311568310919886	0.415852679874193	0.24060885633742	0.644611793419466	0.572806210529016	0.31932353088774	0.663284990214282	0.60477997456232
ZB_26	0.765765783007096	0.64392062871259	0.59014234369747	0.528177859654999	0.667965324353382	0.07261598062954	0.535509738496689	0.509433929877201	0.716272703159517	0.545016666341787	0.667965324353382	0.230184205432609	0.181120343092889	0.567451826997411	0.546324985765236	0.531631581024622	0.460765505518477	0.480926372401979	0.13501237601402	0.61749102622507	0.71287370347773	0.636215141721776	0.715938508441104	0.570475206826398	0.313481748153638	0	0.286883427963094	0.617963739717734	0.504104450029568	0.205754780583994	0.586493734952892	0.196603745476655	0.294609094646655	0.112718044600403	0.605337433546326	0.515156293865045	0.555570777757076	0.19421072596232	0.603984875208857	0.589213831004588	0.305987703013349	0.70968800242507	0.553807789219033	0.718876678781904	0.538036863228443	0.55644503034422	0.761320379413095	0.323300594048805	0.557392774660394	0.658153635834986	0.60815199826215	0.549651721667999	0.71939723214891	0.216778267630939	0.12089406976487	0.761421804643184	0.167773536453542	0.514189547936893	0.21078629377332	0.708069165914628	0.653104607304187	0.483770187884198	0.718841491725215	0.663972375155022
ZB_27	0.807882866884501	0.663297065787024	0.699618559740547	0.642101019810922	0.690326898095297	0.281570944309927	0.679510165837713	0.653692750811239	0.750939872883739	0.551986248871836	0.690326898095297	0.177266345791892	0.169280846949013	0.683095792688142	0.655521715487306	0.657088615420204	0.500807950721081	0.63038694826394	0.350392513424334	0.669929293935212	0.74700680011795	0.719163818230532	0.762155321699747	0.717794658312233	0.351101403837701	0.286883427963094	0	0.635325758365475	0.618288739301174	0.36394676819125	0.635893179296501	0.37574364097762	0.429753219520535	0.321925463814156	0.619243105035157	0.619882803862313	0.683903072680072	0.323791659461857	0.653423577544652	0.568284802395681	0.412518632277881	0.756146398951461	0.722566195885677	0.754058754661054	0.651875332066602	0.701102884195398	0.803640950712853	0.227747641455085	0.665113579868151	0.679898854850898	0.721022933459686	0.696063239526132	0.754587997487941	0.343203605793498	0.335180379186216	0.803738021053014	0.347641634995046	0.571108944684937	0.387843821741486	0.753993442393308	0.674500029554903	0.564378828333595	0.75355636985356	0.686093175798158
ZB_28	0.510499930464037	0.211021957988365	0.643058520499617	0.477003632246804	0.199868108833764	0.642272296772047	0.533838030662465	0.337544907961827	0.430488430669542	0.33193353584006	0.199868108833764	0.553402440213084	0.630124150855001	0.375765486560941	0.256244167686039	0.439081347357209	0.424437325131019	0.358115895478678	0.663539301986252	0.301218696971255	0.442001400555576	0.573132174483437	0.467892754404327	0.572304204918962	0.593936424893934	0.617963739717734	0.635325758365475	0	0.521493874191708	0.625432730352099	0.391807344402773	0.612654910649128	0.590424664897952	0.613568231717615	0.280223519908897	0.602472994519709	0.489198998653204	0.645098062328136	0.440594396990065	0.345136954706559	0.545839454233612	0.448056063890993	0.581429915167004	0.433877131841676	0.29998586136425	0.553999243957217	0.511984257665766	0.535839365432475	0.566170178658918	0.156722878108565	0.621926365227172	0.584883326952948	0.435693644043619	0.57095752973757	0.624344584288713	0.512343697737355	0.64631481792247	0.442449956195956	0.615364698257402	0.46442792250403	0.13371475927136	0.471965455063111	0.439361723202081	0.18255288303923
ZB_29	0.513264909183399	0.536816724867807	0.410163976722186	0.24241698467696	0.507921761277633	0.501188329419426	0.342573170446848	0.317022395121438	0.562874117814496	0.313777652529238	0.507921761277633	0.54070858047924	0.56837598055608	0.354425431544727	0.313977556662773	0.300843375757039	0.49550880974781	0.350288613919704	0.532028709039562	0.396287467483617	0.565535113155351	0.263276709945003	0.543435249354532	0.324455325690606	0.400828090935553	0.504104450029568	0.618288739301174	0.521493874191708	0	0.487009374575727	0.378611692704139	0.471101759335986	0.410521256931608	0.47561799270566	0.482228712159188	0.295611398340748	0.220855906608237	0.505295119083139	0.386355379697819	0.38082086993221	0.341590004459346	0.574151856956826	0.340165628966935	0.564112844437965	0.297368174355745	0.323191054466755	0.526989963622289	0.543021682248221	0.385623297349368	0.456585222580933	0.383421063266585	0.322915173353873	0.561432480626241	0.388887203906463	0.468952611881293	0.526330749900967	0.50706262361996	0.387215316444774	0.456662590320311	0.568683838189821	0.477193007797736	0.174407853372713	0.568555783860608	0.524225271687408
ZB_30	0.74160668039381	0.626061370828226	0.492658807378469	0.488565732962015	0.647863636093744	0.142411303417756	0.442200346223043	0.526549463466654	0.711153919793623	0.571130339562053	0.647863636093744	0.340511742570811	0.252924834079333	0.46878285923927	0.56223242505599	0.524554768846314	0.422845441699842	0.493354681563975	0.0794868718751109	0.574732657629574	0.708203684164544	0.603833939871584	0.705086972947225	0.47402214591739	0.28342355968461	0.205754780583994	0.36394676819125	0.625432730352099	0.487009374575727	0	0.573186172428155	0.0811518938569011	0.173411762001179	0.162446077445714	0.591573297232465	0.421601711768077	0.529762980240141	0.134484920271501	0.633736395613491	0.556834652228238	0.276303866167483	0.695215429936145	0.458228031023333	0.700232396437381	0.525224383033005	0.462053922052853	0.757496690165929	0.331748889444238	0.453147941237327	0.638538814455217	0.522762673287813	0.46147857381852	0.713862324343578	0.227144694088246	0.116542670244378	0.757585478339441	0.13103286297715	0.520774677217826	0.0962068662890147	0.698060807996668	0.633761959090916	0.437333956101471	0.703228341960384	0.644062100040062
ZB_31	0.392119560246584	0.372946439600217	0.452148305764194	0.222199949887246	0.332109709909685	0.613710063960869	0.313912184730567	0.396051485531791	0.325783379369638	0.305963325734613	0.332109709909685	0.552677464352139	0.610232685785976	0.407925866595058	0.3227566315091	0.125257188248776	0.4555390265633	0.404624519832183	0.626737287572581	0.296042065660787	0.34083114386183	0.372044126398023	0.330527512854681	0.362239988156044	0.507912421417732	0.586493734952892	0.635893179296501	0.391807344402773	0.378611692704139	0.573186172428155	0	0.560129919360397	0.505943305427257	0.582901039873036	0.30906358240787	0.506499878485517	0.233230906687112	0.605405424387092	0.24756483023485	0.255549320852782	0.453610299147957	0.320381437293694	0.378054502797329	0.336206486545814	0.37551032630938	0.394956170602325	0.427724221193773	0.518304899252447	0.412461595932028	0.298271851113327	0.446415477691891	0.414884983769487	0.332708946896665	0.51831769371189	0.561585642769167	0.42692666508131	0.606815819952343	0.159735927373661	0.546010846854395	0.324129404492067	0.28031249813135	0.349845451160223	0.308518850494814	0.352073361912293
ZB_32	0.734261299268145	0.615968870199186	0.445569550067489	0.472711116894145	0.638545500154487	0.174747719191957	0.393057089830644	0.47825245946715	0.689041146403092	0.542646834169442	0.638545500154487	0.326798227445356	0.311186663259487	0.43861163598927	0.535932039735142	0.509831828520229	0.415607328726602	0.443220439235095	0.0895047565561027	0.563189645414804	0.686451168826152	0.577238121104447	0.689489850450152	0.425905037157942	0.255736472231127	0.196603745476655	0.37574364097762	0.612654910649128	0.471101759335986	0.0811518938569011	0.560129919360397	0	0.130973417990288	0.152204378095319	0.592079012645361	0.370593504767548	0.507245288044378	0.114573796685337	0.587203228077815	0.552307860905062	0.248764292495055	0.672377494060611	0.435315611956731	0.691346033723424	0.497391062470625	0.413989629343801	0.737968017727738	0.328230682739871	0.412420680979421	0.628674777930198	0.469483040475643	0.405317413499913	0.692365097286581	0.212087231963728	0.145925401710896	0.737585227821451	0.0881470585644702	0.505922186229237	0.0361966391817138	0.681950891565347	0.623612104377078	0.403864284688693	0.680754974073886	0.634523332657988
ZB_33	0.694001202013372	0.588558036087177	0.392985412470171	0.425988466591781	0.596422728009735	0.251164261195977	0.321425930718326	0.430038445108928	0.651770276883889	0.494230089699572	0.596422728009735	0.327632181091609	0.372638876004621	0.400565114438216	0.491689021785562	0.451599991808757	0.419999814495908	0.39259461768475	0.212574207735434	0.515735116127859	0.64898310881671	0.540890605937373	0.63425696067657	0.355880695691371	0.201173921283268	0.294609094646655	0.429753219520535	0.590424664897952	0.410521256931608	0.173411762001179	0.505943305427257	0.130973417990288	0	0.260687241274863	0.552103456198085	0.295924270312911	0.449379712068425	0.174372596605172	0.542178828482401	0.478525274848763	0.196734059097978	0.645912385518701	0.367310040993436	0.665297498309669	0.458944463420561	0.344088506044586	0.704422243679742	0.370604760992819	0.35602605437516	0.584599071473606	0.415495898611329	0.39410136316984	0.655347300037225	0.17838840978638	0.24310752248502	0.70401030968744	0.196563822439021	0.46936550701444	0.114963626073629	0.625141956610879	0.578516962633288	0.360209404781655	0.654848013784579	0.608206663533019
ZB_34	0.756545056021007	0.639151925078044	0.502801020499188	0.490338273539882	0.662604964362339	0.126903115456895	0.491742000703535	0.482890985609557	0.708501409306486	0.552151841287523	0.662604964362339	0.321258475906962	0.220845194113016	0.54201471316314	0.544119942981265	0.52971208982229	0.453310627632714	0.445703231061635	0.172683257129137	0.583429090295467	0.705205966721886	0.544462996209475	0.708406363697584	0.526058219854641	0.226514494325164	0.112718044600403	0.321925463814156	0.613568231717615	0.47561799270566	0.162446077445714	0.582901039873036	0.152204378095319	0.260687241274863	0	0.60166175158903	0.425601684180479	0.526787067714762	0.229273271427017	0.599738204676685	0.585590876436782	0.270232467555461	0.702189753885047	0.509390802247277	0.711006320632552	0.503207303828401	0.512677292551066	0.760248619665568	0.286374993354952	0.468830906257436	0.652910775457299	0.52822302046368	0.505306356901378	0.711524643401879	0.216537661440301	0.11224189350053	0.760346635011186	0.204432567715415	0.512789975335326	0.166917125937083	0.700661343134844	0.647928210150663	0.446464918663038	0.711058443006915	0.65865797346514
