ZB_1	ZB_2	ZB_3	ZB_4	ZB_5	ZB_6	ZB_7	ZB_8	ZB_9	ZB_10	ZB_11	ZB_12	ZB_13	ZB_14	ZB_15	ZB_16	ZB_17	ZB_18	ZB_19	ZB_20	ZB_21	ZB_22	ZB_23	ZB_24	ZB_25	ZB_26	ZB_27	ZB_28	ZB_29	ZB_30	ZB_31	ZB_32	ZB_33	ZB_34	ZB_35	ZB_36	ZB_37	ZB_38	ZB_39	ZB_40	ZB_41	ZB_42	ZB_43	ZB_44	ZB_45	ZB_46	ZB_47	ZB_48	ZB_49	ZB_50	ZB_51	ZB_52	ZB_53	ZB_54	ZB_55	ZB_56	ZB_57	ZB_58	ZB_59	ZB_60	ZB_61	ZB_62	ZB_63	ZB_64
ZB_1	0	0.577113624306133	0.50896609168011	0.472525483006061	0.615294964235168	0.602192313411055	0.491278383978489	0.51829232153537	0.527724415008296	0.421934482261746	0.545223067241208	0.54512869654451	0.570906766896366	0.5701693409195	0.524659827322348	0.519725188944537	0.553427065026362	0.507562192736993	0.611314749244942	0.557011588035905	0.412424440043293	0.528309321435719	0.568823032748319	0.440946714257971	0.51592486706124	0.596407502769578	0.489118840820624	0.453151364362069	0.529140329560813	0.615557940737419	0.560185746862334	0.585790816692918	0.560093455994326	0.56772879703994	0.551338836679185	0.520835782132442	0.545956509264923	0.595424894045038	0.424741096382887	0.526387709388946	0.581177427361776	0.570965008194546	0.520130247404402	0.42559608715229	0.536219928609696	0.493317797992015	0.471698358905242	0.54139318323648	0.482397339890118	0.613021391298338	0.550476381045791	0.471391621956974	0.522289755544027	0.505017514973927	0.576042755896363	0.373700402361303	0.579377494495773	0.536352843002232	0.562774610070885	0.53806375747494	0.573436816554435	0.514077308848283	0.508382455555671	0.600466407577813
ZB_2	0.577113624306133	0	0.576459468734833	0.487225899933701	0.194269735341162	0.454600551339906	0.49689901015203	0.392054294727271	0.339689556848234	0.461739756044803	0.169321026486732	0.440376073479143	0.476531920020176	0.33311699771048	0.403786795881284	0.212401228020168	0.241440237005793	0.519805598712838	0.452443908253787	0.200293358723445	0.567645940180531	0.559481140523279	0.353674064685736	0.606106087825946	0.499115617518659	0.485814254006551	0.483349823039994	0.579027364300454	0.509342753005775	0.415319218696829	0.253494700555546	0.427666727175008	0.468899740800622	0.517046325796943	0.180626616219296	0.509673286638396	0.489777666600625	0.476242072976664	0.564730526593395	0.405984835079382	0.445994726455493	0.24090163392605	0.526375536635621	0.533360166250594	0.349614491235065	0.521906811537619	0.557810451802033	0.483251048017843	0.576511581811466	0.202524994653054	0.616158007854178	0.485057934007477	0.660104968394467	0.45843888597272	0.483820421726082	0.615514298159899	0.488653093388684	0.371188590822867	0.482627744553295	0.430721036194421	0.278318198844554	0.516234704148555	0.272514534044314	0.239388804768428
ZB_3	0.50896609168011	0.576459468734833	0	0.429793691091074	0.643692758663405	0.636851712659723	0.257619996400959	0.547945134001657	0.589928838807762	0.567236314901359	0.572387059304206	0.597843330147283	0.622174889336098	0.535146942268482	0.580726276028527	0.517520732127079	0.574752718949671	0.425275473410827	0.641515173031021	0.598297833576071	0.5352570574378	0.457267877364695	0.613245721452484	0.319065240569371	0.474250306756964	0.650418593504039	0.604648904482344	0.369277134833923	0.484576491504542	0.617106002306143	0.560033447477544	0.642819085229958	0.530719136163658	0.658111969623727	0.580958071813281	0.270218897640341	0.478595030454623	0.643051600442017	0.500311149417062	0.549263427641375	0.470535685420865	0.598660027418191	0.305570709630352	0.534130381971283	0.539892560721014	0.335428264841207	0.496231266900857	0.561070401832998	0.30561134284292	0.6405220076899	0.362522364625552	0.324085054310116	0.476188714153562	0.5449948207167	0.617572127488483	0.508613740184516	0.620813867917869	0.56977354985846	0.577139145902672	0.556553805550469	0.627766689925503	0.436919124689045	0.54773487115482	0.628426345546934
ZB_4	0.472525483006061	0.487225899933701	0.429793691091074	0	0.494220455021801	0.583830077405736	0.403014793892938	0.28474487911897	0.463724364790695	0.492102877907334	0.467236887718853	0.523300953398093	0.5285733685652	0.33569414680607	0.360174814657537	0.462793172394826	0.524369900852267	0.212633714409211	0.590723568280981	0.445368331685108	0.456813240190678	0.28268999976729	0.494329474006571	0.492377363195526	0.47426978720608	0.607232892191394	0.564877979442989	0.48437559271785	0.283317780828566	0.562618211066912	0.485328738964834	0.567512201387105	0.496812463253288	0.609742915290684	0.45674461071454	0.41610507314244	0.248238249707509	0.567889380223038	0.47943960098227	0.40700077039518	0.466511188655798	0.471207032313256	0.352954311737917	0.467813090981479	0.359787020644996	0.418768817114056	0.426101279411154	0.558671456285141	0.50270829236826	0.529741042237862	0.552042613899764	0.413660365218243	0.595277180893845	0.50464900586698	0.562647886274291	0.497673266560367	0.553974131812849	0.479186850917002	0.546522240459119	0.352678191707641	0.55816600882402	0.257434934019035	0.470690825375594	0.523204183447944
ZB_5	0.615294964235168	0.194269735341162	0.643692758663405	0.494220455021801	0	0.533777989026545	0.54868716389993	0.36965724047179	0.298503024888869	0.505761415908017	0.180404299373758	0.534771724055654	0.560607198004514	0.329810758741651	0.365604045468204	0.332974890618231	0.283105871243378	0.535634499612565	0.483292937129487	0.15719313364519	0.601984788193731	0.537115175461452	0.415007457533829	0.659892170934398	0.561360846663123	0.557104058339835	0.535176994415881	0.653529677833721	0.482999355976224	0.482907751312071	0.292253086773008	0.506820043673514	0.519904952523691	0.585988334757823	0.160529382716049	0.562557670897609	0.48631743077857	0.489881357339971	0.591107273205312	0.356780593578567	0.488205879044727	0.27459694022592	0.591493638290901	0.545532001863297	0.368693391083638	0.591698589424793	0.5840585543169	0.588044852068664	0.644729145278866	0.0883478488489542	0.670245231948291	0.549621319365798	0.694384778665627	0.511046881744166	0.516808696903883	0.634513285674021	0.522665281687202	0.407977311050869	0.523280275411144	0.379576196414843	0.159998809576953	0.515516814349033	0.385700507564761	0.14633705872937
ZB_6	0.602192313411055	0.454600551339906	0.636851712659723	0.583830077405736	0.533777989026545	0	0.583508557155306	0.532779001167078	0.554504728720757	0.589968838133319	0.494816457861294	0.265483040038979	0.273219931584069	0.534624535264414	0.597037795945979	0.448876797580193	0.3966521775509	0.579909620214119	0.169381491454394	0.492119090789823	0.640602167037786	0.644246188491469	0.524047647506926	0.671857603558471	0.357879587856166	0.0987084914309297	0.326265250882607	0.620878423144876	0.642214521700763	0.118323846748628	0.520291848335236	0.163191980248673	0.347126180161691	0.201513167878313	0.489411534664971	0.571145735467183	0.536539965375245	0.241244570129927	0.62811943470095	0.597027447627495	0.322799438681452	0.510232290333434	0.601724572505008	0.672421801641459	0.519966029529264	0.643407274956204	0.663161642107161	0.317970219556048	0.637999734479616	0.518470787397751	0.711890685246567	0.598412007544283	0.71971181667197	0.353843939286219	0.129479249455752	0.686941059616024	0.229348785712218	0.566051588142996	0.239545229769967	0.627562402475563	0.555897195376588	0.578793073936516	0.481436325198314	0.531273490139267
ZB_7	0.491278383978489	0.49689901015203	0.257619996400959	0.403014793892938	0.54868716389993	0.583508557155306	0	0.475315332499062	0.509617045269831	0.468558447462557	0.479366554706639	0.575490135492144	0.596901679378436	0.484900683972937	0.533463433698988	0.429995894744086	0.493974697304526	0.400403153987295	0.587219622397934	0.49625544293277	0.483710516396532	0.453704508598441	0.545156511932701	0.313423082167408	0.485190361435292	0.603717900300421	0.601855125804611	0.397537710565137	0.443569980675714	0.560509860307046	0.492777621876875	0.574091643633279	0.478976435399488	0.630743255073542	0.485684499889343	0.250176884530086	0.448412363284418	0.573413163545662	0.46478825136612	0.484938603093238	0.436486321907626	0.508319118958	0.284949752861583	0.489279153279153	0.478456085072863	0.313248298626676	0.486245163736765	0.561386614321969	0.301135998354185	0.541451346893898	0.35471920303728	0.275113452928456	0.536566005122842	0.492106769997516	0.572643945728273	0.487462167979634	0.568040796051328	0.484025033797715	0.547381788568707	0.495174294570723	0.522222870516237	0.443053681843732	0.480329995535587	0.529583571954512
ZB_8	0.51829232153537	0.392054294727271	0.547945134001657	0.28474487911897	0.36965724047179	0.532779001167078	0.475315332499062	0	0.343495184908796	0.454304957239924	0.367543614165236	0.504182630496589	0.539784713365578	0.187506615591913	0.254138324493259	0.356415159021008	0.451341297463008	0.312575629300684	0.497914549055206	0.36944327742344	0.4931394353655	0.3901558402874	0.416900593815069	0.527769502846809	0.499861533329557	0.567117247426515	0.53358719300512	0.587148613365694	0.35582375553985	0.500497871481286	0.390710803567737	0.481889068287587	0.432413363378565	0.552684177546404	0.355627058631294	0.504011973083412	0.268022692479821	0.50471381568856	0.57240448253412	0.391053433243948	0.456560331161358	0.371897636785586	0.45126770433115	0.500770901398315	0.233804021769106	0.462830680820405	0.53090981640737	0.563699869007701	0.57577865468753	0.387269964629729	0.595845375672078	0.446428524048195	0.688754527618473	0.48786622290838	0.536541309923774	0.552279344348991	0.50102227115144	0.405427418508337	0.501971192517125	0.358888124904702	0.406595011746376	0.291259284876328	0.364586331190578	0.424538080627032
ZB_9	0.527724415008296	0.339689556848234	0.589928838807762	0.463724364790695	0.298503024888869	0.554504728720757	0.509617045269831	0.343495184908796	0	0.406215283456175	0.343389303949769	0.477697569427226	0.531329076342642	0.35749117816835	0.385129314009443	0.269699311813317	0.36701505834293	0.488250979247891	0.526690467785826	0.349209180206938	0.503414447866205	0.512540862104509	0.24766773859174	0.577863690148371	0.499191305183781	0.571465770222919	0.496746596357881	0.512552222462459	0.515715675605951	0.531950574519204	0.152350452121493	0.49650569326932	0.479794615428492	0.609303040041013	0.310536913775482	0.546834640579746	0.47191797054111	0.545254760066023	0.526810119704371	0.196145456605698	0.447934930291949	0.191530933628549	0.511051800616495	0.420381774155881	0.382946330066844	0.498630218191211	0.485539911515903	0.553849902780488	0.582373743373379	0.245554787051921	0.659976207714191	0.5060190603578	0.615718322241264	0.504255795489644	0.554863768830765	0.515755251130687	0.514883572368985	0.256296816993608	0.518761053127406	0.261748936104838	0.308956053178374	0.502801138892767	0.276751291290468	0.322978015906935
ZB_10	0.421934482261746	0.461739756044803	0.567236314901359	0.492102877907334	0.505761415908017	0.589968838133319	0.468558447462557	0.454304957239924	0.406215283456175	0	0.40980593419492	0.49603940121081	0.586295786364062	0.452975761751166	0.474944002559883	0.44247365532983	0.42826529648367	0.508485445593803	0.564826547815416	0.400082942934516	0.304552299928664	0.550005646875225	0.428842092609642	0.463583063332152	0.462268841063907	0.598515744516922	0.471182990222416	0.436320572966223	0.509509896699919	0.572472223413839	0.432620019856729	0.53378227514327	0.460520340535297	0.608586654612717	0.447220307407984	0.527418802730403	0.501589384738679	0.556489854110111	0.332793729375714	0.459835991528571	0.478929846797903	0.454020484598334	0.49779677902768	0.261548140968875	0.44424887373805	0.466717174840745	0.424822822861483	0.530670708421368	0.526962080488159	0.509130291017577	0.562261272899902	0.4806672207317	0.477278549543487	0.490892180010016	0.565576132376663	0.345658718743579	0.55139675386824	0.454549599273844	0.557676625611841	0.497459077892772	0.443248054466423	0.550775508204218	0.327910672760579	0.482030324686034
ZB_11	0.545223067241208	0.169321026486732	0.572387059304206	0.467236887718853	0.180404299373758	0.494816457861294	0.479366554706639	0.367543614165236	0.343389303949769	0.40980593419492	0	0.475392598412249	0.526156229537581	0.331978060767967	0.378363089317684	0.286100876018472	0.199602285240507	0.498573013123294	0.420622539963749	0.113307414751326	0.501372054082423	0.533395652574619	0.429956563526267	0.580058824774117	0.466508671973999	0.510563062641378	0.481825276372045	0.558124634696858	0.482132287568963	0.423219364237619	0.33100744369697	0.468154095846065	0.441915150876942	0.533023432176182	0.163219580938983	0.502531300209173	0.440174423437486	0.439059376922769	0.518166102496994	0.419011298617342	0.424654097470559	0.33961862369314	0.521630331881593	0.48285467526339	0.31563492632132	0.531131133525054	0.510230544195093	0.521201877028835	0.572382074340938	0.198098244841595	0.592616893725039	0.47738132139372	0.617058307308392	0.430615587650764	0.472450531920513	0.570343126404895	0.46181001546625	0.44148292099559	0.445687902617842	0.443737219826784	0.265778760486441	0.505038392400774	0.355713844798707	0.215433862251747
ZB_12	0.54512869654451	0.440376073479143	0.597843330147283	0.523300953398093	0.534771724055654	0.265483040038979	0.575490135492144	0.504182630496589	0.477697569427226	0.49603940121081	0.475392598412249	0	0.276854853809238	0.515955852192211	0.545433077064365	0.437376166292666	0.3994428569148	0.540532663386803	0.319822357765602	0.468873659776722	0.554196258163358	0.589294812053433	0.478595710056956	0.64748954606069	0.250680509793247	0.285189846387308	0.237614543728181	0.53925368767472	0.60940672888628	0.262074394904893	0.438521119855962	0.293715880283057	0.292606655817893	0.340660140878601	0.463800951867748	0.568206444226589	0.4862209490404	0.361144000976962	0.566393354780822	0.543414748982388	0.264382089233378	0.42280118641289	0.548677684957991	0.559899976282813	0.499081515276719	0.612521962159542	0.571224544553765	0.217313254624245	0.644675256684743	0.535114028897225	0.71160820327861	0.552143329965854	0.640199244504387	0.27946935100717	0.300037774637963	0.585496141664581	0.338813243814185	0.461540999154657	0.298156017309267	0.553142727914281	0.556397510527437	0.543126968533841	0.401875192791914	0.497885879071526
ZB_13	0.570906766896366	0.476531920020176	0.622174889336098	0.5285733685652	0.560607198004514	0.273219931584069	0.596901679378436	0.539784713365578	0.531329076342642	0.586295786364062	0.526156229537581	0.276854853809238	0	0.531081551544738	0.54280266459182	0.48506425298492	0.458557063704825	0.540892195238981	0.364126818426142	0.523378862512673	0.620232736012807	0.582177017378418	0.49759164255919	0.656162103208771	0.335794125084583	0.266573957591282	0.296127502041334	0.563987553958411	0.574636892886626	0.314295102229479	0.514295743936043	0.272206886997562	0.413187728801357	0.302067806849388	0.521594222372146	0.593374069503603	0.472134984799153	0.371485712367189	0.6025398434059	0.580006535480511	0.381039992431208	0.508921105616769	0.593091286998518	0.622447565620108	0.500248074029719	0.646306366905544	0.576411717316927	0.268149537774845	0.645693419213498	0.547478053832602	0.741720940473159	0.618941627850782	0.668966892612539	0.356337815527124	0.287675989228827	0.628069129258462	0.317643244517802	0.54758620270857	0.364535375385199	0.556619114262154	0.606488329802887	0.546031682538814	0.490932488934341	0.588462197839877
ZB_14	0.5701693409195	0.33311699771048	0.535146942268482	0.33569414680607	0.329810758741651	0.534624535264414	0.484900683972937	0.187506615591913	0.35749117816835	0.452975761751166	0.331978060767967	0.515955852192211	0.531081551544738	0	0.221646860599421	0.379259394045486	0.389235255746927	0.354241209526865	0.456756732275976	0.332190614865	0.521029752849002	0.399877530416626	0.431779370222002	0.534377526974409	0.46206208751528	0.569646154570453	0.521688135953117	0.605327433584297	0.354185427663869	0.46178223876149	0.384389935808287	0.459656913722514	0.429758531158399	0.550405566382022	0.294548389282832	0.496644369479174	0.318123998390652	0.456418401802952	0.587471697731775	0.398603505366826	0.413738797099067	0.387368446374232	0.451729695038115	0.506524787298138	0.217542489570275	0.474498185259013	0.546620587249755	0.563995947322932	0.558414503189944	0.347827598063128	0.585727801126951	0.437404083121326	0.699189856932182	0.477334214136897	0.510749422608463	0.593094962633228	0.469311190907708	0.423066504645452	0.490878700741236	0.386299439830385	0.363891343553353	0.340125520623732	0.331617397580747	0.37665607969018
ZB_15	0.524659827322348	0.403786795881284	0.580726276028527	0.360174814657537	0.365604045468204	0.597037795945979	0.533463433698988	0.254138324493259	0.385129314009443	0.474944002559883	0.378363089317684	0.545433077064365	0.54280266459182	0.221646860599421	0	0.427758211954772	0.46682068124837	0.372475230495034	0.550844197087463	0.36565946106608	0.493063309513176	0.403177793853107	0.47491653314601	0.575438672973385	0.529443365562597	0.590814687023353	0.528099618776943	0.577756233354453	0.27067496868072	0.562649758796517	0.434719781191848	0.561005208785157	0.530735156579204	0.586791888520674	0.360750889476982	0.537885637243239	0.316182928327993	0.539885244211901	0.563404503535044	0.398058927219383	0.505244117764879	0.44186224324004	0.500276255304102	0.505890092879257	0.223436016964425	0.52232483629733	0.49627184270966	0.582655584971297	0.61910193195178	0.384365493321683	0.638764694208702	0.48940028680202	0.676982032198981	0.522265251517952	0.573478425435276	0.551120903912782	0.557018552383171	0.440408840038777	0.574480517522167	0.392712471439079	0.404737379682847	0.340595396470019	0.393111025640336	0.4460096757445
ZB_16	0.519725188944537	0.212401228020168	0.517520732127079	0.462793172394826	0.332974890618231	0.448876797580193	0.429995894744086	0.356415159021008	0.269699311813317	0.44247365532983	0.286100876018472	0.437376166292666	0.48506425298492	0.379259394045486	0.427758211954772	0	0.279880180561815	0.475452623347789	0.47309434936334	0.309180496357426	0.511218164286675	0.518081892883687	0.244274486767489	0.546519618952925	0.4880149978624	0.467188350283045	0.47704035865742	0.542515051882999	0.52450810625552	0.439422330442613	0.164462190200838	0.426031276423544	0.447771352086102	0.521678981892798	0.270799467660865	0.472064673186976	0.481433238084197	0.502253321832508	0.541669773897815	0.322858666418164	0.397968760056059	0.195381487474869	0.464089077542986	0.509245956753048	0.382256176023927	0.483021170245884	0.540698628488493	0.474280725609568	0.532617602698241	0.305418619662422	0.584997708357269	0.448268435153891	0.643362685195791	0.486193232959076	0.490645508606869	0.5707692154411	0.492293994095918	0.276506880846019	0.452291747412543	0.351503577986728	0.362530338072324	0.492161330323509	0.218086722678862	0.358445508590677
ZB_17	0.553427065026362	0.241440237005793	0.574752718949671	0.524369900852267	0.283105871243378	0.3966521775509	0.493974697304526	0.451341297463008	0.36701505834293	0.42826529648367	0.199602285240507	0.3994428569148	0.458557063704825	0.389235255746927	0.46682068124837	0.279880180561815	0	0.527490170743335	0.326859999673801	0.182109196131907	0.536365041587141	0.595212416260116	0.410858659386372	0.609075955931751	0.390123262787883	0.418022411628077	0.395332989023733	0.557976396710816	0.554159117251999	0.330651355758109	0.360282837618153	0.371357988935837	0.370370606012407	0.460450997999494	0.228117829996847	0.524071899829561	0.5092300905363	0.35623339159597	0.547414091626364	0.440022300030301	0.341500782455488	0.34689332075688	0.534783857184168	0.533231469347515	0.38277678596641	0.547079303510246	0.561298970081912	0.438762853490728	0.564055903786162	0.266737475892977	0.620753827606864	0.507305813001407	0.654177907330794	0.365418707666346	0.390020144895235	0.58649421564796	0.378813430628931	0.459333994585994	0.349715060867362	0.465166756882775	0.370765322134381	0.558453893098382	0.380814823435526	0.286597455244444
ZB_18	0.507562192736993	0.519805598712838	0.425275473410827	0.212633714409211	0.535634499612565	0.579909620214119	0.400403153987295	0.312575629300684	0.488250979247891	0.508485445593803	0.498573013123294	0.540532663386803	0.540892195238981	0.354241209526865	0.372475230495034	0.475452623347789	0.527490170743335	0	0.596191922492839	0.499097915701503	0.431270318152437	0.295995931695305	0.501692251443428	0.487924777351048	0.485726368049911	0.598908510603533	0.587005533920886	0.495673424309892	0.290116248470415	0.567631444985819	0.517550662170042	0.576464103446562	0.509101823242695	0.602766012603085	0.496590128544794	0.38308592612359	0.287059711054299	0.590451082568259	0.456945613841496	0.441091925623685	0.484374342235634	0.513242776667272	0.340040829979585	0.502692951860923	0.367836631542412	0.428310138431033	0.444328281800295	0.560520121527598	0.495869149883437	0.549794555002374	0.538556895650828	0.398759160416702	0.581407268764507	0.532688072270356	0.548295303441306	0.543228276141624	0.575033485081123	0.502389849203514	0.572423635607019	0.421390027183836	0.579613875665645	0.272165023293396	0.492258906226359	0.549833730322814
ZB_19	0.611314749244942	0.452443908253787	0.641515173031021	0.590723568280981	0.483292937129487	0.169381491454394	0.587219622397934	0.497914549055206	0.526690467785826	0.564826547815416	0.420622539963749	0.319822357765602	0.364126818426142	0.456756732275976	0.550844197087463	0.47309434936334	0.326859999673801	0.596191922492839	0	0.429739071937087	0.633149602737589	0.665616027574627	0.550974303743046	0.642572572581696	0.349818557922234	0.218444439377649	0.288992881515311	0.650801948692055	0.64752178277952	0.115221126262971	0.537832145791156	0.156964781232113	0.254604665484794	0.255495986826697	0.431839384280494	0.58023447670836	0.543883137664858	0.128126438689219	0.656425416726029	0.576035815438879	0.277494330568627	0.518529798503038	0.601303686967779	0.654740177254742	0.467236134287821	0.629769797296377	0.688310516206819	0.385343609461243	0.621075474381338	0.467209590688458	0.695125339492235	0.553567813696885	0.747949918778327	0.310131904030113	0.176096026888397	0.677188717200846	0.145017442785124	0.570779776458261	0.136173119972857	0.600742422764083	0.503556786251789	0.595432269765651	0.507906010599729	0.462867882157089
ZB_20	0.557011588035905	0.200293358723445	0.598297833576071	0.445368331685108	0.15719313364519	0.492119090789823	0.49625544293277	0.36944327742344	0.349209180206938	0.400082942934516	0.113307414751326	0.468873659776722	0.523378862512673	0.332190614865	0.36565946106608	0.309180496357426	0.182109196131907	0.499097915701503	0.429739071937087	0	0.503781121490168	0.534548957031903	0.444888223908209	0.601952651290323	0.481088642987101	0.507906269817022	0.46412590079223	0.58504987842423	0.475080755671348	0.431898493128001	0.341190265630137	0.456444736993237	0.43566948283477	0.531514736958482	0.14692493560515	0.50995578450504	0.440868744361024	0.425488204564809	0.522853682469507	0.402435887385224	0.425124726353668	0.333359116149663	0.538103788730582	0.484321051703472	0.326705991306307	0.534447144738705	0.524215098287432	0.513553529046218	0.573862261959763	0.185876836970163	0.609888832262861	0.507269950794638	0.630621249041659	0.431333552138494	0.47066193248931	0.557220897187723	0.458263029750095	0.446338266024334	0.449091955041061	0.422996394659988	0.273477790689957	0.506018466707201	0.362545741368702	0.216157798192317
ZB_21	0.412424440043293	0.567645940180531	0.5352570574378	0.456813240190678	0.601984788193731	0.640602167037786	0.483710516396532	0.4931394353655	0.503414447866205	0.304552299928664	0.501372054082423	0.554196258163358	0.620232736012807	0.521029752849002	0.493063309513176	0.511218164286675	0.536365041587141	0.431270318152437	0.633149602737589	0.503781121490168	0	0.514660739035018	0.533088086953013	0.41627554362183	0.524361254755987	0.633689733909203	0.53975641025641	0.430130619020576	0.508225306122449	0.654722663120415	0.531945054056169	0.623768484236889	0.537340116455624	0.620479703629317	0.539573648091127	0.514748295363507	0.487097330041563	0.609519498677288	0.350253114618706	0.499198394641441	0.557399643576035	0.560054212342842	0.496282599129412	0.281872384623835	0.47511136826291	0.420369462558236	0.422760611484447	0.564424175911657	0.519703690803869	0.60474347124173	0.548207086074249	0.482852597378803	0.507439114058913	0.532160518270222	0.629632054215773	0.350919960185721	0.614866450974188	0.504097563401438	0.615007748886866	0.506493989630077	0.561422876947249	0.542247270123157	0.465229134805226	0.586308520004901
ZB_22	0.528309321435719	0.559481140523279	0.457267877364695	0.28268999976729	0.537115175461452	0.644246188491469	0.453704508598441	0.3901558402874	0.512540862104509	0.550005646875225	0.533395652574619	0.589294812053433	0.582177017378418	0.399877530416626	0.403177793853107	0.518081892883687	0.595212416260116	0.295995931695305	0.665616027574627	0.534548957031903	0.514660739035018	0	0.54863004036998	0.498914147722541	0.546943427442906	0.64189316958578	0.636145991628676	0.436985048331273	0.230565733631081	0.631255769222513	0.540960619295824	0.640171138552502	0.605189534181215	0.651603485279355	0.512241278832958	0.437326850314997	0.3177787441014	0.648073098247608	0.508771617332729	0.47083517320137	0.552840527316949	0.530416335802926	0.439465664710496	0.533749944159589	0.465510195571494	0.510231522332871	0.407883882109585	0.614491519226385	0.53377400336715	0.568536267942101	0.57649520284745	0.463804926844554	0.549588045918583	0.605122641742037	0.622406687020368	0.510903730246393	0.62683388828992	0.525267694557522	0.629673812883072	0.412431735193516	0.602205883353912	0.250283127699385	0.521293131893251	0.576710639810485
ZB_23	0.568823032748319	0.353674064685736	0.613245721452484	0.494329474006571	0.415007457533829	0.524047647506926	0.545156511932701	0.416900593815069	0.24766773859174	0.428842092609642	0.429956563526267	0.478595710056956	0.49759164255919	0.431779370222002	0.47491653314601	0.244274486767489	0.410858659386372	0.501692251443428	0.550974303743046	0.444888223908209	0.533088086953013	0.54863004036998	0	0.608648528362644	0.515921296124568	0.546035492882221	0.524857606894673	0.562653939867994	0.548918077454666	0.523650827688569	0.218414244826068	0.490545465464113	0.505783482539871	0.578980927429969	0.436019375031165	0.593139581259771	0.504540573783704	0.595497164593153	0.553694418057175	0.283291858701574	0.488163106406698	0.243682825358041	0.541243143830665	0.487986631610239	0.430975399897345	0.572135920154882	0.506377202234462	0.531597022135487	0.618920863489081	0.369388304767754	0.709153891134671	0.546498279254216	0.666170217094956	0.531652901189707	0.568133520629604	0.531254374861989	0.547090060552022	0.257027736536742	0.55259781504065	0.327322950662455	0.423497198892558	0.555355701948323	0.259968808101721	0.430716944878107
ZB_24	0.440946714257971	0.606106087825946	0.319065240569371	0.492377363195526	0.659892170934398	0.671857603558471	0.313423082167408	0.527769502846809	0.577863690148371	0.463583063332152	0.580058824774117	0.64748954606069	0.656162103208771	0.534377526974409	0.575438672973385	0.546519618952925	0.609075955931751	0.487924777351048	0.642572572581696	0.601952651290323	0.41627554362183	0.498914147722541	0.608648528362644	0	0.569988061617022	0.682783488300996	0.614169344428881	0.421321502172218	0.502288844178346	0.658228106651643	0.58909968309209	0.631129937390069	0.557196242869341	0.656975101130932	0.589141788794403	0.300418615689925	0.548332612499541	0.621477437264068	0.513148128948594	0.556708841135683	0.558580921102879	0.62226528048421	0.358848753784266	0.472819896215669	0.557069796905441	0.280440804871974	0.517275844750225	0.609786245830968	0.315445306960932	0.661320295509096	0.31650716018074	0.305581054877358	0.51255222000921	0.54811610429708	0.665468435547082	0.459651868219062	0.609007133516119	0.58358969428956	0.599064942567965	0.59083101035447	0.621058987789317	0.482836971012896	0.551777238687902	0.643939803875591
ZB_25	0.51592486706124	0.499115617518659	0.474250306756964	0.47426978720608	0.561360846663123	0.357879587856166	0.485190361435292	0.499861533329557	0.499191305183781	0.462268841063907	0.466508671973999	0.250680509793247	0.335794125084583	0.46206208751528	0.529443365562597	0.4880149978624	0.390123262787883	0.485726368049911	0.349818557922234	0.481088642987101	0.524361254755987	0.546943427442906	0.515921296124568	0.569988061617022	0	0.356681229869296	0.262655312671267	0.476121719198252	0.56190735417455	0.330496150921472	0.509234973386863	0.343868196444266	0.220298036637095	0.379810911428342	0.481172345004163	0.451397006040836	0.411122537057966	0.357993591273286	0.5253766258286	0.530977034267698	0.220095605489473	0.525814462137841	0.473009570329521	0.532235306311378	0.451009686856877	0.519281574639788	0.499677822481961	0.282332774090014	0.523449132497025	0.555767583672159	0.598896526250786	0.475890058978248	0.608687359602153	0.221216508224773	0.303048560067478	0.530296657795697	0.323146776458818	0.533563519664901	0.316299019377756	0.550129835527341	0.57921261230064	0.486582664747006	0.447948445336219	0.536919706127654
ZB_26	0.596407502769578	0.485814254006551	0.650418593504039	0.607232892191394	0.557104058339835	0.0987084914309297	0.603717900300421	0.567117247426515	0.571465770222919	0.598515744516922	0.510563062641378	0.285189846387308	0.266573957591282	0.569646154570453	0.590814687023353	0.467188350283045	0.418022411628077	0.598908510603533	0.218444439377649	0.507906269817022	0.633689733909203	0.64189316958578	0.546035492882221	0.682783488300996	0.356681229869296	0	0.319674544085973	0.610046793732575	0.648335482179955	0.157382155789855	0.544130586353027	0.204857128291402	0.369971265616607	0.189801716270875	0.5120445223607	0.593583314151906	0.545603669979843	0.254684173749127	0.639435840343608	0.612352963596863	0.358464840930207	0.536755858943373	0.61739381629429	0.672358831244837	0.532725805172998	0.669148086681656	0.653104589131237	0.294088646777122	0.646938640157112	0.54175801764136	0.728121116737501	0.622891477105046	0.708852542639405	0.375321862827268	0.158253913778083	0.675025858611445	0.265167564697303	0.587968841274812	0.247209333963426	0.64556197828951	0.586610274941542	0.597909126720907	0.509147097762589	0.560113157831205
ZB_27	0.489118840820624	0.483349823039994	0.604648904482344	0.564877979442989	0.535176994415881	0.326265250882607	0.601855125804611	0.53358719300512	0.496746596357881	0.471182990222416	0.481825276372045	0.237614543728181	0.296127502041334	0.521688135953117	0.528099618776943	0.47704035865742	0.395332989023733	0.587005533920886	0.288992881515311	0.46412590079223	0.53975641025641	0.636145991628676	0.524857606894673	0.614169344428881	0.262655312671267	0.319674544085973	0	0.549016064211665	0.637379674267511	0.36298455700338	0.493659547296418	0.301332150285877	0.285480056123472	0.329847397033914	0.467497595660998	0.572592402817948	0.517719809210249	0.330048949437799	0.584815535310486	0.53314519770367	0.306234325907963	0.507130377811749	0.582187624791905	0.548123944318248	0.491271928378289	0.587222084469791	0.602642867209245	0.298271638583245	0.615123237866284	0.544583465238037	0.6904240274681	0.552551884739042	0.652026094592899	0.263289884812113	0.276878082050581	0.552205794824179	0.281846816747384	0.53199995415554	0.290558312938862	0.555649131968782	0.560702633370415	0.590917456663266	0.458853255790886	0.518851930749817
ZB_28	0.453151364362069	0.579027364300454	0.369277134833923	0.48437559271785	0.653529677833721	0.620878423144876	0.397537710565137	0.587148613365694	0.512552222462459	0.436320572966223	0.558124634696858	0.53925368767472	0.563987553958411	0.605327433584297	0.577756233354453	0.542515051882999	0.557976396710816	0.495673424309892	0.650801948692055	0.58504987842423	0.430130619020576	0.436985048331273	0.562653939867994	0.421321502172218	0.476121719198252	0.610046793732575	0.549016064211665	0	0.463835394744539	0.628188691833467	0.557547714709861	0.634653737060839	0.564428684837258	0.639556731898159	0.587237232969001	0.403356460010636	0.46889237825725	0.657435987023184	0.371035227188822	0.511017573863301	0.512367860141667	0.567801689388304	0.444612754007039	0.42233287930516	0.528437257143463	0.439249222567748	0.332936615700905	0.517331304511226	0.413734702705953	0.618636035276036	0.512887766224329	0.460028985724906	0.317773445044657	0.543543336045203	0.616806169971251	0.364781807589912	0.618936388134801	0.542759652897839	0.612016514244549	0.523752873989468	0.612257488716185	0.471995883139808	0.505177338332296	0.617906360901443
ZB_29	0.529140329560813	0.509342753005775	0.484576491504542	0.283317780828566	0.482999355976224	0.642214521700763	0.443569980675714	0.35582375553985	0.515715675605951	0.509509896699919	0.482132287568963	0.60940672888628	0.574636892886626	0.354185427663869	0.27067496868072	0.52450810625552	0.554159117251999	0.290116248470415	0.64752178277952	0.475080755671348	0.508225306122449	0.230565733631081	0.548918077454666	0.502288844178346	0.56190735417455	0.648335482179955	0.637379674267511	0.463835394744539	0	0.612487596169955	0.545201062382849	0.653042350130377	0.610441160826904	0.661571001933349	0.473283137326266	0.423229904112598	0.30980953272303	0.629610029030192	0.472015793990302	0.466872726130822	0.564828101198993	0.555308856363185	0.445510440221132	0.521258058469237	0.340449857566249	0.503818162774976	0.398106281790919	0.609258840286917	0.546706805052738	0.499471237667625	0.578051452422438	0.471321215895837	0.568784093147744	0.595413935601755	0.625401368208034	0.540097276135055	0.652066939999558	0.558730051803001	0.6579119279125	0.451778912888271	0.528615282642093	0.258643740101606	0.509085568005372	0.558923990252245
ZB_30	0.615557940737419	0.415319218696829	0.617106002306143	0.562618211066912	0.482907751312071	0.118323846748628	0.560509860307046	0.500497871481286	0.531950574519204	0.572472223413839	0.423219364237619	0.262074394904893	0.314295102229479	0.46178223876149	0.562649758796517	0.439422330442613	0.330651355758109	0.567631444985819	0.115221126262971	0.431898493128001	0.654722663120415	0.631255769222513	0.523650827688569	0.658228106651643	0.330496150921472	0.157382155789855	0.36298455700338	0.628188691833467	0.612487596169955	0	0.501001744867974	0.146948810991475	0.281641266795765	0.256506605318446	0.439767267487402	0.558775274544796	0.522479820955277	0.164255174437096	0.631194403972857	0.594210067722471	0.266719950388687	0.478537511155944	0.565680760982182	0.66032173651924	0.471944842133108	0.633267011539992	0.664422237134504	0.318794730348613	0.616232646455117	0.467601611280317	0.689098733786553	0.562550406944646	0.720291329361178	0.331802816544774	0.177498969122177	0.686743712576904	0.201869211127912	0.542322882080341	0.194695606467111	0.607400139192816	0.508174550515856	0.565037308143356	0.469171297538729	0.466428708022722
ZB_31	0.560185746862334	0.253494700555546	0.560033447477544	0.485328738964834	0.292253086773008	0.520291848335236	0.492777621876875	0.390710803567737	0.152350452121493	0.432620019856729	0.33100744369697	0.438521119855962	0.514295743936043	0.384389935808287	0.434719781191848	0.164462190200838	0.360282837618153	0.517550662170042	0.537832145791156	0.341190265630137	0.531945054056169	0.540960619295824	0.218414244826068	0.58909968309209	0.509234973386863	0.544130586353027	0.493659547296418	0.557547714709861	0.545201062382849	0.501001744867974	0	0.47620087055893	0.469393803059348	0.578778022881892	0.304011404451415	0.531307522322802	0.500829450062105	0.565381633398193	0.543320412591244	0.228892741861645	0.434967156918693	0.116865667295722	0.531166514505802	0.469366978754652	0.419051399420301	0.51870080023363	0.521892734351665	0.508368869512738	0.591546024995228	0.261813634810857	0.656494895668393	0.502405826894536	0.644475842850975	0.518261170521672	0.563489724916476	0.564242573002467	0.553320812331677	0.193026702411028	0.512202630842429	0.293801524640417	0.321852352623039	0.529935828785998	0.186618355117153	0.325745615223383
ZB_32	0.585790816692918	0.427666727175008	0.642819085229958	0.567512201387105	0.506820043673514	0.163191980248673	0.574091643633279	0.481889068287587	0.49650569326932	0.53378227514327	0.468154095846065	0.293715880283057	0.272206886997562	0.459656913722514	0.561005208785157	0.426031276423544	0.371357988935837	0.576464103446562	0.156964781232113	0.456444736993237	0.623768484236889	0.640171138552502	0.490545465464113	0.631129937390069	0.343868196444266	0.204857128291402	0.301332150285877	0.634653737060839	0.653042350130377	0.146948810991475	0.47620087055893	0	0.265685473635629	0.230580651536862	0.460506406816228	0.574683205613737	0.533222357444943	0.17384892598484	0.646925807457533	0.562732807418328	0.298564849762595	0.459499076373118	0.57373343392524	0.623294237415484	0.484473185768402	0.598262417825876	0.669833854514191	0.330272674381733	0.598633259571228	0.489894213779916	0.691017104369707	0.550670485260372	0.730510285063057	0.297508686840112	0.193080657031024	0.650946209315923	0.13918153020636	0.509447425774952	0.221779807267006	0.563795049680138	0.528679583028211	0.584788758564627	0.426797354977788	0.485379899953208
ZB_33	0.560093455994326	0.468899740800622	0.530719136163658	0.496812463253288	0.519904952523691	0.347126180161691	0.478976435399488	0.432413363378565	0.479794615428492	0.460520340535297	0.441915150876942	0.292606655817893	0.413187728801357	0.429758531158399	0.530735156579204	0.447771352086102	0.370370606012407	0.509101823242695	0.254604665484794	0.43566948283477	0.537340116455624	0.605189534181215	0.505783482539871	0.557196242869341	0.220298036637095	0.369971265616607	0.285480056123472	0.564428684837258	0.610441160826904	0.281641266795765	0.469393803059348	0.265685473635629	0	0.394902843117202	0.454356765261591	0.477454283993893	0.462435090160366	0.278469940652153	0.585840539591209	0.498666044990664	0.184085143308232	0.485580596884375	0.484634491127464	0.539945077526207	0.438769058109061	0.522944338905153	0.589254638387775	0.325878706186345	0.517756107230427	0.513728106977292	0.611350947928469	0.448401627340692	0.664039687107019	0.182490907336636	0.340494198726726	0.5651060264562	0.25922753778869	0.49453730545029	0.248246031678955	0.516912270304167	0.548450946986283	0.530539080032421	0.426154141833428	0.481878104028703
ZB_34	0.56772879703994	0.517046325796943	0.658111969623727	0.609742915290684	0.585988334757823	0.201513167878313	0.630743255073542	0.552684177546404	0.609303040041013	0.608586654612717	0.533023432176182	0.340660140878601	0.302067806849388	0.550405566382022	0.586791888520674	0.521678981892798	0.460450997999494	0.602766012603085	0.255495986826697	0.531514736958482	0.620479703629317	0.651603485279355	0.578980927429969	0.656975101130932	0.379810911428342	0.189801716270875	0.329847397033914	0.639556731898159	0.661571001933349	0.256506605318446	0.578778022881892	0.230580651536862	0.394902843117202	0	0.538576891081306	0.612252694012696	0.528668231176487	0.28208471510401	0.652356843769134	0.635754332779371	0.430298462994444	0.583478124954563	0.648204031184636	0.65851905993594	0.521960176078402	0.654895099266319	0.659672767727443	0.313287645324802	0.637527868668399	0.597901920674861	0.713327208864661	0.611948803281543	0.722606312110502	0.395270491389418	0.208966171147453	0.636771362968031	0.293195009325481	0.608480279855889	0.284994772295672	0.637138715423994	0.612237433780954	0.615774123024455	0.52650848710476	0.582881536819637
