ZB_1	ZB_2	ZB_3	ZB_4	ZB_5	ZB_6	ZB_7	ZB_8	ZB_9	ZB_10	ZB_11	ZB_12	ZB_13	ZB_14	ZB_15	ZB_16	ZB_17	ZB_18	ZB_19	ZB_20	ZB_21	ZB_22	ZB_23	ZB_24	ZB_25	ZB_26	ZB_27	ZB_28	ZB_29	ZB_30	ZB_31	ZB_32	ZB_33	ZB_34	ZB_35	ZB_36	ZB_37	ZB_38	ZB_39	ZB_40	ZB_41	ZB_42	ZB_43	ZB_44	ZB_45	ZB_46	ZB_47	ZB_48	ZB_49	ZB_50	ZB_51	ZB_52	ZB_53	ZB_54	ZB_55	ZB_56	ZB_57	ZB_58	ZB_59	ZB_60	ZB_61	ZB_62	ZB_63	ZB_64
ZB_1	0	0.532482148449538	0.411728191706778	0.395339382220239	0.547456430011723	0.480856527075587	0.42174797822295	0.421191660528673	0.473407239286859	0.349700650130869	0.459082021393211	0.455370049069071	0.482240087046054	0.467399628049448	0.484463416116766	0.385729754146821	0.40337528929641	0.386318600844318	0.489487406935113	0.523883560499787	0.399682276796307	0.443350533367137	0.414878105640399	0.4412915181363	0.462437852565843	0.447028418318835	0.433087011941104	0.3488178397853	0.452159796049697	0.506478546045595	0.488412072463072	0.526162629388539	0.425796867714666	0.50257309716092	0.552900490120651	0.45020757117078	0.39726033306206	0.483296594791933	0.425680540725834	0.419098410739816	0.418061994213495	0.472343897951485	0.439013842765392	0.37251507804871	0.468074465432117	0.414553031845782	0.375076434924352	0.428831359753938	0.489781172138923	0.556718377286964	0.508850722621819	0.447221348804658	0.377770941473093	0.384153593801403	0.492083142576605	0.423231861152888	0.472088748033126	0.473678067165438	0.433476817406107	0.40839772309791	0.507841487398877	0.393914071860946	0.483272147335543	0.550336643513173
ZB_2	0.532482148449538	0	0.595712992590098	0.475105642931498	0.0795759275598157	0.530397502481693	0.45681959870357	0.349646604504097	0.330040039895347	0.484867450963752	0.25041880643433	0.528791890690059	0.546771500888578	0.318502444777794	0.28076366038171	0.365260437386221	0.296511034043319	0.47031699099223	0.490627623056271	0.117381942637928	0.452285970018316	0.466224835123634	0.319466095368307	0.534365054671836	0.516837652213509	0.519798403317904	0.52221796830944	0.497550494928908	0.528138521946231	0.505513857983846	0.353760438181461	0.49592261029903	0.52762222105016	0.554812651110315	0.144975905595467	0.561904348392419	0.498642311190436	0.554652450185421	0.52682874344916	0.392471535283882	0.461989195413978	0.311150627237531	0.583604327992659	0.499858315164904	0.306689339899737	0.527899061704752	0.570319296462502	0.543740356783087	0.521288329720868	0.144349062605246	0.592834495791477	0.567385541492473	0.517849067761236	0.525879469212009	0.534188963131681	0.541564692614663	0.49932260441707	0.34727181602809	0.535503882302478	0.411279206157587	0.123904883052422	0.500210491700107	0.311090936601604	0.0944839384643486
ZB_3	0.411728191706778	0.595712992590098	0	0.388224090164967	0.558634158818804	0.601285948351878	0.335095067706121	0.45213779801573	0.519042726409919	0.51122905861446	0.513127511341943	0.598820237352715	0.63846777298017	0.470034896516822	0.515509356606038	0.42361333772243	0.550062642721191	0.392594042082969	0.601993304583483	0.529770011634511	0.480359252026055	0.463656316674939	0.507535640963472	0.286590009636706	0.523333394918315	0.577371525925524	0.546301713280756	0.467101582183141	0.361517952852575	0.631280226763279	0.553399891492825	0.598308903321049	0.472829383886256	0.625932701640958	0.596682134006437	0.267253840547159	0.392807838324961	0.581514119877613	0.430526535151214	0.477275402898643	0.420431967221553	0.538905050930691	0.17479047520826	0.455263770258432	0.449516374842329	0.241428165619503	0.370496034637081	0.595675160871651	0.282697224251278	0.5988645542862	0.192962622908383	0.193170942256085	0.445602504350749	0.483032614370363	0.603394851706992	0.543741409545476	0.584679662931537	0.49017349262722	0.53832268355278	0.41521412064216	0.533011298667249	0.323003320231617	0.547646408127759	0.576622342916003
ZB_4	0.395339382220239	0.475105642931498	0.388224090164967	0	0.492020589539434	0.468616638843717	0.441451880534636	0.289758572966323	0.439756956625458	0.424011240707419	0.417050139418718	0.460170063465793	0.492681768318198	0.322610155117146	0.361528339645537	0.363048731813733	0.43692937983541	0.27661763093572	0.517760898370963	0.441652176721702	0.430443836063209	0.375452105575787	0.449621260382973	0.439211924050358	0.424443340554613	0.438906692002555	0.487261150170432	0.402263272699862	0.352512056702022	0.475874913332074	0.475584201701964	0.518877299993809	0.435013656570971	0.507814323378139	0.513819341685574	0.424763542562339	0.356453929817361	0.50433150588075	0.532424414666241	0.453053721178644	0.404278565309767	0.501784022210246	0.425002830659253	0.420431580151507	0.364191454264886	0.405015919365336	0.422515990341205	0.503587581993417	0.427968290293435	0.49180594480312	0.503245297699646	0.419437301807441	0.449423043120935	0.448143710967257	0.4729339332708	0.481395599816534	0.471145842966799	0.466703998047282	0.433916918618288	0.41504830638782	0.45626077062804	0.323631455298227	0.498327121368817	0.478780527711407
ZB_5	0.547456430011723	0.0795759275598157	0.558634158818804	0.492020589539434	0	0.530102713268532	0.419521547266789	0.359108832586394	0.333388417978489	0.501887530131868	0.282412136824807	0.528656059241469	0.546281034062866	0.351304518996308	0.2919862357553	0.34688906706902	0.296349744718034	0.488091404774171	0.475808434834391	0.0956778860685944	0.481845928003016	0.493952604149595	0.364246105023767	0.540340927779666	0.501537086271984	0.519595471077455	0.476538737948972	0.543919865793076	0.496543020272207	0.505449783569611	0.356562962411967	0.47437574514069	0.505507031336047	0.554262744227309	0.151553251215277	0.525515875683138	0.489049471928849	0.539720778885284	0.52735125395795	0.394962590767071	0.445524903046622	0.314630243346872	0.546240440665276	0.527205947193601	0.297321951982551	0.490395722826738	0.579130089977601	0.558071840615152	0.481528598519947	0.150590889319759	0.554212691864076	0.530251772131156	0.544688696598975	0.510854076576646	0.52773804519452	0.584917874255729	0.483504069672012	0.350459382284297	0.514745363314497	0.413426562803298	0.130719556063006	0.468704452111994	0.314571381247083	0.102086752562517
ZB_6	0.480856527075587	0.530397502481693	0.601285948351878	0.468616638843717	0.530102713268532	0	0.534690482941121	0.503771021594877	0.529788516527621	0.538135959143766	0.440431516193537	0.207350688512215	0.28488892775404	0.492780723490092	0.53245155550613	0.490442781595413	0.36276749190135	0.502047912002094	0.203414973512876	0.533203777860572	0.617683173952527	0.54800447181772	0.524946811690354	0.644656212019768	0.307999084000279	0.104645905277458	0.299254880823325	0.600182960518569	0.583477686267398	0.107779436037835	0.478174070364367	0.253419327595914	0.291435663482062	0.140087794711752	0.558897223889009	0.558390106854994	0.493299199305026	0.250889249267545	0.65228327360878	0.589964909010323	0.361269938406748	0.492174423354192	0.610082708167382	0.603232197383605	0.542523862318313	0.555833420612164	0.6323149455566	0.242370560238131	0.628415769881689	0.509490912612584	0.654702249616745	0.612547861071699	0.611181552645493	0.244030790679028	0.0644269405100607	0.599755430611767	0.28009795505884	0.560847981884586	0.209332359221113	0.562776110040772	0.521360508537165	0.548805921001051	0.509819090578028	0.55950521346513
ZB_7	0.42174797822295	0.45681959870357	0.335095067706121	0.441451880534636	0.419521547266789	0.534690482941121	0	0.38467096127831	0.435132572600551	0.368618991068731	0.446027834586432	0.541016694135523	0.496223898093238	0.363695594623622	0.39818703063421	0.421771734321321	0.405186529632897	0.457676256274037	0.463549826018977	0.387193827687856	0.43988207363644	0.514199226986186	0.425427866408033	0.350192900579396	0.426364027032701	0.499629297109705	0.514562056430673	0.516087774501606	0.470545964420296	0.498990778856466	0.456173157458625	0.468773568081271	0.437755559744912	0.515511274706028	0.467341725258357	0.366849346349261	0.440786632203967	0.461788694043435	0.482145826719277	0.420828621216971	0.435315973332064	0.450028870534481	0.357928769465575	0.477050391052105	0.329054089809765	0.334401059323262	0.529615269734572	0.573979445133623	0.35175877881928	0.464688665612123	0.372165516125721	0.338897713755726	0.489320134695773	0.457282825927476	0.541635299387897	0.54686352850508	0.451924788983791	0.42913091792613	0.44435608430986	0.446593504953105	0.457426995248551	0.459002099005478	0.467390994063643	0.432284530879448
ZB_8	0.421191660528673	0.349646604504097	0.45213779801573	0.289758572966323	0.359108832586394	0.503771021594877	0.38467096127831	0	0.330212860804636	0.404438492164584	0.386973208769401	0.510434625430614	0.508072361209132	0.173380653162598	0.224584939330777	0.33141299747013	0.396519389738842	0.287972421370867	0.44074730743471	0.321362171496851	0.342824924810719	0.399358277922824	0.328843924044822	0.379601547582346	0.3986214845983	0.472006461586416	0.495478784268492	0.4312443255901	0.342523185522988	0.504807435214597	0.413809519956195	0.446249950037401	0.452913594226734	0.515177933507838	0.392346764068029	0.417959659786986	0.373311943478448	0.486151949628697	0.485029766273063	0.334573319844829	0.371000292193482	0.388506389853362	0.451889018289776	0.355225292506846	0.241472831776758	0.407095172446195	0.511291306454572	0.571356732946146	0.407230542445526	0.391964140113396	0.488376139175313	0.456384867652912	0.39971275298068	0.4370066825808	0.511749447992592	0.487165737754764	0.398511536480382	0.371914904027731	0.460209219105991	0.422786524362388	0.403842041436323	0.327535436338595	0.384500047632262	0.349436942570202
ZB_9	0.473407239286859	0.330040039895347	0.519042726409919	0.439756956625458	0.333388417978489	0.529788516527621	0.435132572600551	0.330212860804636	0	0.3755411062881	0.351754120758212	0.482196934194749	0.512271576117793	0.342806222074642	0.295296412701853	0.262480393668937	0.397474619559686	0.426914235346748	0.48231705644404	0.32503024974538	0.362479994090562	0.518319630960817	0.174060671189601	0.510584209167243	0.451770980122068	0.513476707797677	0.448688845401174	0.403447005362918	0.494353772991933	0.531888706300016	0.246798365224185	0.477165685779506	0.47341998387914	0.535440789200901	0.295093132261887	0.446999641709606	0.462374887539361	0.526447294940968	0.396696007034858	0.160461448557005	0.382479089659311	0.210200818574762	0.518476372568699	0.417457460079641	0.324448899317341	0.469787986862747	0.451929664306919	0.506825083818798	0.496953982331928	0.245742546883456	0.566190327321387	0.508316924732435	0.416339633788096	0.477273052372826	0.526275205267387	0.467416579643976	0.459079109012214	0.177717479692194	0.496881642544431	0.230093679729831	0.337420887781753	0.44411056952599	0.173685582743068	0.277664821833326
ZB_10	0.349700650130869	0.484867450963752	0.51122905861446	0.424011240707419	0.501887530131868	0.538135959143766	0.368618991068731	0.404438492164584	0.3755411062881	0	0.434069720332874	0.482618424784897	0.471885532045271	0.408639864839797	0.388649785843619	0.392985873270203	0.415643688085336	0.429949846467256	0.489928372239821	0.475178214198911	0.255349677602211	0.51667053610183	0.315962283975218	0.424631292119023	0.438282903424851	0.516925082454472	0.463385700202737	0.353850706517718	0.497303673483307	0.523802055651881	0.407624372473294	0.464554575027488	0.418296834274796	0.512948823547357	0.454694538981607	0.434959260123342	0.466359596051301	0.475575643316874	0.37062028035131	0.329892521126943	0.445889506440149	0.420533128032084	0.46562420971496	0.276123769775246	0.447194303605524	0.447742434356759	0.452232110388966	0.506560232584368	0.458053800807361	0.481088705733363	0.501481811460373	0.471533953707521	0.378174524989517	0.447594107797285	0.544404223610486	0.419886210558012	0.424455430521298	0.352234896374315	0.481872693145888	0.409358137428776	0.512316097342751	0.455725292365555	0.404950293058672	0.478259079587482
ZB_11	0.459082021393211	0.25041880643433	0.513127511341943	0.417050139418718	0.282412136824807	0.440431516193537	0.446027834586432	0.386973208769401	0.351754120758212	0.434069720332874	0	0.407489889878679	0.514174799614254	0.361247967972371	0.332818986784884	0.285721040189125	0.26548253297522	0.430963704379241	0.486880694920187	0.274915170329727	0.416857884240098	0.391216980277147	0.315558414677052	0.524904733446233	0.484604271823403	0.462243282075215	0.468830390266837	0.417992842809983	0.490890825838907	0.408721298440743	0.292290994603395	0.429561468735409	0.438256796721361	0.544964727790251	0.248989558773998	0.491542712853571	0.428349967519046	0.529941794599148	0.519448078668045	0.380805977623447	0.357774505808476	0.258587878343376	0.501492274737133	0.466030196831932	0.360797690894778	0.433912964019431	0.495546411361233	0.451119467021273	0.509177799099565	0.250632592861836	0.567446704389802	0.475772573367612	0.476986112059861	0.459960877053537	0.444360053977126	0.402505502037494	0.493535717368615	0.358529277922597	0.480956089223649	0.355298627931056	0.22732749692815	0.460628298153034	0.247158502217249	0.281964438032455
ZB_12	0.455370049069071	0.528791890690059	0.598820237352715	0.460170063465793	0.528656059241469	0.207350688512215	0.541016694135523	0.510434625430614	0.482196934194749	0.482618424784897	0.407489889878679	0	0.25923160807761	0.525412565104503	0.510292523225409	0.44455765073927	0.386703993852911	0.542423343456742	0.304637007730459	0.538224041409964	0.567960388480621	0.527648871999763	0.463369748649349	0.620891137484163	0.252070902935697	0.234537332302304	0.236518348860234	0.527334410411658	0.583658000053007	0.223853019509008	0.428613549853959	0.337941125546325	0.252471033661485	0.267968067778555	0.543345484762394	0.547684560438057	0.503896814623651	0.294880029385114	0.598262614199018	0.533936819212468	0.300725304471186	0.444083681866671	0.598972224716253	0.560378324077409	0.535012988259949	0.566171431647422	0.570593134249133	0.208282078297469	0.616441379999708	0.510083580022609	0.663221263891365	0.600402729611813	0.553178705163858	0.246297227593086	0.163748111138812	0.536798079070806	0.337921857965266	0.534405465101671	0.212534671773874	0.497755900925553	0.527434612119497	0.558839008386502	0.455355182358287	0.545848715090654
ZB_13	0.482240087046054	0.546771500888578	0.63846777298017	0.492681768318198	0.546281034062866	0.28488892775404	0.496223898093238	0.508072361209132	0.512271576117793	0.471885532045271	0.514174799614254	0.25923160807761	0	0.487093351399127	0.485948544805692	0.545317638254544	0.423188321641426	0.565449054785844	0.268946142965037	0.527581755041043	0.557660029308226	0.597463291054851	0.512276345127064	0.618220778385478	0.240385947452009	0.252194105973698	0.290539271370942	0.57082710317148	0.634377795233403	0.243662437463357	0.530370783443109	0.340649595970196	0.325281265132347	0.208441674885681	0.544826394513743	0.547224391699153	0.541630385228454	0.227901848965713	0.619119558850841	0.547557342199247	0.40107423257208	0.553190515426165	0.645352083908243	0.529493146279452	0.486403849670812	0.628864615200426	0.608969412782977	0.317389386074329	0.627278790695732	0.517695719183468	0.660307019009865	0.660842588780155	0.550204680948498	0.290100272657241	0.270568078374444	0.650807659333744	0.262161373925378	0.563838511592985	0.256463085653076	0.575373706591776	0.577461239949855	0.585840744528111	0.550840631659017	0.566083845126836
ZB_14	0.467399628049448	0.318502444777794	0.470034896516822	0.322610155117146	0.351304518996308	0.492780723490092	0.363695594623622	0.173380653162598	0.342806222074642	0.408639864839797	0.361247967972371	0.525412565104503	0.487093351399127	0	0.142422087276839	0.361133205224984	0.397560688206065	0.24618535635941	0.463567853759244	0.289596069678126	0.357180355726564	0.356226049038552	0.336017038847761	0.417986979851243	0.43310217761124	0.48143890212751	0.533523864024278	0.463748747573191	0.382398162713551	0.478950746515074	0.430048322249907	0.463205473928555	0.47700342047398	0.516063962677816	0.356074712726125	0.462169266255361	0.351415188639988	0.511592710843758	0.511528080185617	0.342136533175522	0.379513201820941	0.390756893831344	0.466645055870265	0.384318153466249	0.196307881136328	0.438866305170061	0.534620912955986	0.585825582729904	0.445749301340359	0.34134395030818	0.517505272761742	0.479353721246464	0.391339065048338	0.456783416726233	0.500909648174259	0.518159304267696	0.41141329651824	0.359001998425483	0.491000886028916	0.423916450905038	0.373875904254142	0.349857270708555	0.386826184856624	0.312324726958621
ZB_15	0.484463416116766	0.28076366038171	0.515509356606038	0.361528339645537	0.2919862357553	0.53245155550613	0.39818703063421	0.224584939330777	0.295296412701853	0.388649785843619	0.332818986784884	0.510292523225409	0.485948544805692	0.142422087276839	0	0.363515768281416	0.376304906133571	0.309311478238916	0.500782570981388	0.278778530196881	0.332552519681724	0.371781910035212	0.304328027183303	0.441976559787555	0.479944849734536	0.538741360126433	0.507519258597086	0.424256608145023	0.381631772069933	0.515678141206097	0.393847168955421	0.531870330901025	0.519869353381378	0.552946357660657	0.340932272239387	0.508305384304939	0.410513009586011	0.559595567401935	0.486930986709285	0.322392745649928	0.414731073198459	0.364576093287897	0.501381605664142	0.387249772856239	0.245303743555257	0.465902504532139	0.519421078284933	0.589129213724027	0.480813470747016	0.291364651180221	0.549804895405774	0.513038198922854	0.37852803675722	0.499651201827702	0.54142145326157	0.490191618552399	0.465077364891087	0.334868671848172	0.522817573398902	0.375333064376339	0.342504615207107	0.373909831922972	0.360423260721157	0.28435812428686
ZB_16	0.385729754146821	0.365260437386221	0.42361333772243	0.363048731813733	0.34688906706902	0.490442781595413	0.421771734321321	0.33141299747013	0.262480393668937	0.392985873270203	0.285721040189125	0.44455765073927	0.545317638254544	0.361133205224984	0.363515768281416	0	0.353814719660096	0.353658519144603	0.496202471698597	0.302058005301089	0.387529881782755	0.460648666663024	0.259583540024488	0.501456819538715	0.472562857614581	0.485577472785267	0.41137151956521	0.342679780327098	0.42095807055031	0.489771405710671	0.275445172614605	0.491997805732212	0.438266470336363	0.539067952208514	0.345308411265983	0.442099336986726	0.35433900296201	0.551807712220435	0.407195718507073	0.279533884508765	0.343684022630607	0.273353779293652	0.446821085458478	0.388224267160966	0.364328458818836	0.37783392771258	0.397232096528117	0.518447461318991	0.467513941658253	0.307514521261669	0.526972151367586	0.415116363392947	0.433824516673528	0.428923303235628	0.483367183110281	0.429562068387121	0.514007149552559	0.266764316294377	0.446487338971186	0.237843624545976	0.304957765464962	0.368097210320861	0.225889547839382	0.319784725353642
ZB_17	0.40337528929641	0.296511034043319	0.550062642721191	0.43692937983541	0.296349744718034	0.36276749190135	0.405186529632897	0.396519389738842	0.397474619559686	0.415643688085336	0.26548253297522	0.386703993852911	0.423188321641426	0.397560688206065	0.376304906133571	0.353814719660096	0	0.46202619255422	0.338899393681146	0.287082088995301	0.499162151459836	0.494742948978124	0.407088808962291	0.5685173089484	0.397222390660584	0.341828006811379	0.353606880684847	0.492051216052006	0.526836239542686	0.346329945533678	0.430106149280502	0.381751360676867	0.325776063911571	0.428721198357428	0.319703881503616	0.500468010598431	0.432071754422316	0.416803257533924	0.580300460818447	0.479728002695002	0.361108807191309	0.418900215041752	0.539387757211928	0.514635494257292	0.414378026230564	0.482471771166777	0.551740900896969	0.421267455430802	0.547806837055386	0.303962835886008	0.600308666619519	0.525696212752746	0.545758816945681	0.326582002887852	0.365179383970834	0.538000335420393	0.341559719494625	0.459637641199177	0.332370581271342	0.449254653907202	0.271852473542871	0.46941842396255	0.399259006263161	0.307236568406038
ZB_18	0.386318600844318	0.47031699099223	0.392594042082969	0.27661763093572	0.488091404774171	0.502047912002094	0.457676256274037	0.287972421370867	0.426914235346748	0.429949846467256	0.430963704379241	0.542423343456742	0.565449054785844	0.24618535635941	0.309311478238916	0.353658519144603	0.46202619255422	0	0.531778363694135	0.43520905278303	0.346392434775228	0.372444554578119	0.4031782232849	0.398461869330581	0.491995033206885	0.495338151058228	0.532676035099726	0.360642784544267	0.236344003230077	0.538533900758044	0.486791943726841	0.546809757001634	0.482776309847845	0.55749176372928	0.497314284842525	0.475660234704354	0.314025520199079	0.566333724714372	0.455454539186077	0.405284633061102	0.406575627226678	0.475149740305787	0.351897868230702	0.334208019459862	0.333400398303047	0.323828756708048	0.460474291510702	0.575437035224233	0.444208309189117	0.476720556597675	0.470327255894616	0.377177952837055	0.415059971760004	0.473653176519335	0.502081116380539	0.435022267117999	0.496702703633743	0.443325017639735	0.496432910252489	0.357780516059057	0.441271894096537	0.282139308778653	0.471421866267303	0.459295341080344
ZB_19	0.489487406935113	0.490627623056271	0.601993304583483	0.517760898370963	0.475808434834391	0.203414973512876	0.463549826018977	0.44074730743471	0.48231705644404	0.489928372239821	0.486880694920187	0.304637007730459	0.268946142965037	0.463567853759244	0.500782570981388	0.496202471698597	0.338899393681146	0.531778363694135	0	0.491442612355726	0.591900503169202	0.634404790237889	0.463490909474061	0.591676610663485	0.230176859338624	0.154395303716233	0.296232385136737	0.614837984911572	0.614530407274601	0.183800410980352	0.515468897568709	0.20045183641052	0.243944494283998	0.173385863158593	0.491387489435044	0.495112041303384	0.52708924923061	0.158402993015006	0.645885864224076	0.543766215887069	0.316956815252746	0.495705638386969	0.612682195161379	0.590630925564506	0.513989254825686	0.552596415336418	0.670129932242264	0.368803945745993	0.568961721001038	0.462792916012658	0.605495290692605	0.60033573136625	0.581518934814182	0.234397019919399	0.165981543162781	0.668122079729595	0.148906131189429	0.532879952192979	0.178251801521058	0.574706121290923	0.523934720510893	0.579498145023866	0.513811213064072	0.518123972113982
ZB_20	0.523883560499787	0.117381942637928	0.529770011634511	0.441652176721702	0.0956778860685944	0.533203777860572	0.387193827687856	0.321362171496851	0.32503024974538	0.475178214198911	0.274915170329727	0.538224041409964	0.527581755041043	0.289596069678126	0.278778530196881	0.302058005301089	0.287082088995301	0.43520905278303	0.491442612355726	0	0.458001190910662	0.443841940834432	0.350506673708874	0.5217165970008	0.495044031160022	0.520433168745027	0.5033712013193	0.534217120037169	0.462900394975647	0.506118171123893	0.343139501614323	0.464967575810168	0.508441956634538	0.557745203222875	0.172507255276636	0.508211716327588	0.437607085973074	0.555306791692458	0.516398973407396	0.381152107439427	0.437608446178563	0.313097565408741	0.516837562728378	0.47741998014556	0.229150937872676	0.459525444419013	0.569824027870398	0.576156675378247	0.448484857236929	0.145435711356009	0.523974240924638	0.500650020847146	0.523251528688471	0.513810937331105	0.528618304590528	0.576306293185753	0.48633457397171	0.335480737811806	0.517580073978851	0.400452017039777	0.125035272035083	0.44167516610757	0.313770196241592	0.097867203612656
ZB_21	0.399682276796307	0.452285970018316	0.480359252026055	0.430443836063209	0.481845928003016	0.617683173952527	0.43988207363644	0.342824924810719	0.362479994090562	0.255349677602211	0.416857884240098	0.567960388480621	0.557660029308226	0.357180355726564	0.332552519681724	0.387529881782755	0.499162151459836	0.346392434775228	0.591900503169202	0.458001190910662	0	0.47218650811244	0.316759817206543	0.349433966450286	0.516009382182125	0.601347471976383	0.547812880224274	0.255546219299008	0.414407544642532	0.617687297616256	0.401378036972822	0.559227452468238	0.525326297765275	0.608446560558256	0.44225875770167	0.417698354473606	0.465372257212357	0.575770056020397	0.270369171322646	0.302907488986784	0.460540407900353	0.38735179671497	0.420410742059718	0.185046142929633	0.390639595225739	0.385661851253809	0.373619912838643	0.565801813436269	0.416080837517005	0.482793821733308	0.449538833611452	0.432123458602466	0.245216830264936	0.535622669117664	0.63145321544656	0.316291493941103	0.524268658916738	0.330356767659789	0.589084354828074	0.356490438772544	0.4932989661015	0.345652653241217	0.38739191481715	0.454170452146941
ZB_22	0.443350533367137	0.466224835123634	0.463656316674939	0.375452105575787	0.493952604149595	0.54800447181772	0.514199226986186	0.399358277922824	0.518319630960817	0.51667053610183	0.391216980277147	0.527648871999763	0.597463291054851	0.356226049038552	0.371781910035212	0.460648666663024	0.494742948978124	0.372444554578119	0.634404790237889	0.443841940834432	0.47218650811244	0	0.494165262914403	0.490479391222632	0.592701197842108	0.572301694666902	0.58067652411231	0.441238253906584	0.345126069114197	0.554242384316934	0.510507867970181	0.588940272188419	0.560415162236635	0.631154630387913	0.518962583726305	0.532191754003576	0.389977731777694	0.638522969201909	0.545285417765112	0.487724241163727	0.497550072757603	0.472314702822078	0.484897136184139	0.465047911217174	0.383616029852004	0.463788574189263	0.438535300241496	0.559913902776154	0.482471830997034	0.507720940590713	0.560367168926047	0.492206002504748	0.43245499932719	0.559405664371699	0.552788450402091	0.398888075432854	0.608293947677365	0.494984705880578	0.591126327543148	0.457484048415028	0.446514784681764	0.386955407483342	0.483598103337312	0.469981876671402
ZB_23	0.414878105640399	0.319466095368307	0.507535640963472	0.449621260382973	0.364246105023767	0.524946811690354	0.425427866408033	0.328843924044822	0.174060671189601	0.315962283975218	0.315558414677052	0.463369748649349	0.512276345127064	0.336017038847761	0.304328027183303	0.259583540024488	0.407088808962291	0.4031782232849	0.463490909474061	0.350506673708874	0.316759817206543	0.494165262914403	0	0.482588414616064	0.444774960910072	0.504410026708326	0.481843513139284	0.340854777125267	0.515768905428047	0.521207528679803	0.240684006686443	0.500498735233526	0.474145879946861	0.523532183861894	0.297856163844501	0.470734089713727	0.462502916677597	0.521693121693122	0.349675447067147	0.154357053596344	0.376941451051182	0.199289128940748	0.523051065302289	0.362111190170168	0.351341472007892	0.474556114943958	0.445431789737171	0.512320529786657	0.512406077998904	0.300286919310777	0.55406699255558	0.497176933681104	0.352040284254279	0.479569796965312	0.521516194630508	0.408311469048057	0.46520705054772	0.196473245771621	0.499156509594069	0.234128571010563	0.352457765148598	0.461415978594527	0.191869416988012	0.302178243154592
ZB_24	0.4412915181363	0.534365054671836	0.286590009636706	0.439211924050358	0.540340927779666	0.644656212019768	0.350192900579396	0.379601547582346	0.510584209167243	0.424631292119023	0.524904733446233	0.620891137484163	0.618220778385478	0.417986979851243	0.441976559787555	0.501456819538715	0.5685173089484	0.398461869330581	0.591676610663485	0.5217165970008	0.349433966450286	0.490479391222632	0.482588414616064	0	0.482331760257465	0.623210318061108	0.617770389500579	0.442479437668854	0.421086258530826	0.654962475614313	0.535297946947774	0.597374013188031	0.50961972192378	0.623942195519353	0.590210602719538	0.33440731561405	0.514069355129515	0.574284535547657	0.45857871716076	0.488643816063575	0.434808804211789	0.519777050365212	0.284065060945735	0.363786464249107	0.427037203330419	0.327871762009512	0.511384615384615	0.660857517063759	0.244965869009973	0.592842630206009	0.229295516334536	0.251447848791534	0.434329670250651	0.535454240459296	0.643339557773861	0.491479536550804	0.531918599861116	0.486321162448815	0.554940586599274	0.488355643300408	0.589830185795456	0.468215555585599	0.540432751872115	0.569590602138436
ZB_25	0.462437852565843	0.516837652213509	0.523333394918315	0.424443340554613	0.501537086271984	0.307999084000279	0.426364027032701	0.3986214845983	0.451770980122068	0.438282903424851	0.484604271823403	0.252070902935697	0.240385947452009	0.43310217761124	0.479944849734536	0.472562857614581	0.397222390660584	0.491995033206885	0.230176859338624	0.495044031160022	0.516009382182125	0.592701197842108	0.444774960910072	0.482331760257465	0	0.260747840458531	0.293796745540859	0.558114180478821	0.568307650756973	0.327642209797399	0.476578807318107	0.320832153242682	0.221704443376261	0.281394618320571	0.530479444786383	0.434368664759559	0.487734579727748	0.228959293627252	0.577034657425003	0.497668231936578	0.261711962975031	0.4763364935888	0.52388084233805	0.506736021365902	0.459036004133125	0.517629462832039	0.591687788764249	0.314503833060748	0.48481044409299	0.496781578238621	0.553149824539701	0.526736938774132	0.529794255352101	0.21867430607005	0.277947086452299	0.618293735371419	0.222295689263117	0.521654337517309	0.195287982326518	0.527254314312267	0.556088580843132	0.517562010009411	0.489815578537741	0.539686067332969
ZB_26	0.447028418318835	0.519798403317904	0.577371525925524	0.438906692002555	0.519595471077455	0.104645905277458	0.499629297109705	0.472006461586416	0.513476707797677	0.516925082454472	0.462243282075215	0.234537332302304	0.252194105973698	0.48143890212751	0.538741360126433	0.485577472785267	0.341828006811379	0.495338151058228	0.154395303716233	0.520433168745027	0.601347471976383	0.572301694666902	0.504410026708326	0.623210318061108	0.260747840458531	0	0.281259471186243	0.578506220587156	0.564612763448528	0.140402648445824	0.519333912692352	0.263793170262106	0.237009371096658	0.152716597977012	0.528101361724985	0.520953137013966	0.47436602959768	0.168287505291123	0.637140428863339	0.565869356000815	0.333428507659858	0.527155093059342	0.594511108348905	0.591453988501484	0.522743391591026	0.528942080786483	0.614949062881438	0.281860899735348	0.600977865334266	0.501450593903991	0.630558633268055	0.584654853589645	0.601919513248099	0.221306035975137	0.101006901233171	0.624190093367593	0.229402501428985	0.557886772955418	0.17702982683251	0.563578059760083	0.504060472445974	0.531616621210247	0.544376180473595	0.543594473347243
ZB_27	0.433087011941104	0.52221796830944	0.546301713280756	0.487261150170432	0.476538737948972	0.299254880823325	0.514562056430673	0.495478784268492	0.448688845401174	0.463385700202737	0.468830390266837	0.236518348860234	0.290539271370942	0.533523864024278	0.507519258597086	0.41137151956521	0.353606880684847	0.532676035099726	0.296232385136737	0.5033712013193	0.547812880224274	0.58067652411231	0.481843513139284	0.617770389500579	0.293796745540859	0.281259471186243	0	0.515993093057838	0.537200579344153	0.341004335950184	0.491289095408593	0.338860542859303	0.211545399470413	0.317221510883483	0.513847591871776	0.489887109725568	0.485129414851376	0.311211469028214	0.559313090309061	0.508333073661351	0.294960951963994	0.47702199646535	0.556246200536284	0.547758569994132	0.506966568721378	0.520696229142788	0.524575844457461	0.296817709632078	0.574717847106388	0.476075245868985	0.62263528209841	0.558759485470501	0.574977296508209	0.163200699728206	0.288308898587768	0.583804908441038	0.279108686996843	0.514948046638187	0.238497097055843	0.473150529970562	0.491268080713238	0.478595329913009	0.488611755564434	0.516020327011471
ZB_28	0.3488178397853	0.497550494928908	0.467101582183141	0.402263272699862	0.543919865793076	0.600182960518569	0.516087774501606	0.4312443255901	0.403447005362918	0.353850706517718	0.417992842809983	0.527334410411658	0.57082710317148	0.463748747573191	0.424256608145023	0.342679780327098	0.492051216052006	0.360642784544267	0.614837984911572	0.534217120037169	0.255546219299008	0.441238253906584	0.340854777125267	0.442479437668854	0.558114180478821	0.578506220587156	0.515993093057838	0	0.382950893735472	0.596952496514389	0.414597099698417	0.624023958735318	0.541770427528866	0.616056337724337	0.501784205498663	0.463987197943685	0.427097531723072	0.623349921130326	0.291823087752229	0.31347411784952	0.446271978661753	0.410837636445861	0.423790450178782	0.232652192002587	0.466972623452803	0.401697771493322	0.251379112784416	0.524118917737638	0.503498206828474	0.505439315741563	0.516300511513229	0.411656645517058	0.324680064785455	0.506762664579017	0.608769758554803	0.233660840247261	0.599718536613065	0.351058313939553	0.554699036654583	0.262744200926136	0.466339767358584	0.381079778132135	0.410875074813244	0.501770877094711
ZB_29	0.452159796049697	0.528138521946231	0.361517952852575	0.352512056702022	0.496543020272207	0.583477686267398	0.470545964420296	0.342523185522988	0.494353772991933	0.497303673483307	0.490890825838907	0.583658000053007	0.634377795233403	0.382398162713551	0.381631772069933	0.42095807055031	0.526836239542686	0.236344003230077	0.614530407274601	0.462900394975647	0.414407544642532	0.345126069114197	0.515768905428047	0.421086258530826	0.568307650756973	0.564612763448528	0.537200579344153	0.382950893735472	0	0.619213349131972	0.546125660615212	0.609695941302001	0.529914138065614	0.638061557585198	0.544137854738975	0.48100458746306	0.289572641110818	0.623487275657847	0.424218274328218	0.44602118965144	0.448775365107527	0.519945986122065	0.270618586428701	0.389469448134396	0.364053933668019	0.276132947904094	0.394883830727841	0.606666883899769	0.402283519936518	0.535175655092755	0.442832326366507	0.325966650730873	0.451209306141798	0.519648213285116	0.589523200163796	0.443819076710601	0.572645034483642	0.481040839225604	0.561878890702032	0.386958692403636	0.469166068634749	0.191219334715085	0.531133736766314	0.493551077494539
ZB_30	0.506478546045595	0.505513857983846	0.631280226763279	0.475874913332074	0.505449783569611	0.107779436037835	0.498990778856466	0.504807435214597	0.531888706300016	0.523802055651881	0.408721298440743	0.223853019509008	0.243662437463357	0.478950746515074	0.515678141206097	0.489771405710671	0.346329945533678	0.538533900758044	0.183800410980352	0.506118171123893	0.617687297616256	0.554242384316934	0.521207528679803	0.654962475614313	0.327642209797399	0.140402648445824	0.341004335950184	0.596952496514389	0.619213349131972	0	0.474195744227745	0.206606550624062	0.300501015393707	0.194360324380293	0.506329259779554	0.568830424560078	0.530107562168694	0.216608028485439	0.669724797404916	0.589290533234065	0.375727290248515	0.495551622352263	0.632058628583785	0.619518061980683	0.525949589920293	0.57684565809081	0.659716312746476	0.303878267534267	0.641797415223121	0.476534387583443	0.664960513663105	0.621031287506616	0.619358034300675	0.295148517923993	0.109141432468464	0.601093422160515	0.260251053381075	0.564260981410381	0.195373347760755	0.575568449143874	0.490368916251984	0.586770607455086	0.512551608395772	0.528126266590857
ZB_31	0.488412072463072	0.353760438181461	0.553399891492825	0.475584201701964	0.356562962411967	0.478174070364367	0.456173157458625	0.413809519956195	0.246798365224185	0.407624372473294	0.292290994603395	0.428613549853959	0.530370783443109	0.430048322249907	0.393847168955421	0.275445172614605	0.430106149280502	0.486791943726841	0.515468897568709	0.343139501614323	0.401378036972822	0.510507867970181	0.240684006686443	0.535297946947774	0.476578807318107	0.519333912692352	0.491289095408593	0.414597099698417	0.546125660615212	0.474195744227745	0	0.446231521115693	0.517101138569996	0.528794628084448	0.320361686651725	0.474963791294217	0.519121508652408	0.537905641222492	0.4141571723475	0.26638959144651	0.437602395344896	0.108815220648033	0.541010602451442	0.43735721384806	0.413479808205737	0.46809676286927	0.46956711586238	0.440221309940445	0.486506981671816	0.294672288647964	0.547848612307173	0.522968622648812	0.467509934845046	0.530485940237148	0.475209750957427	0.420841354295106	0.526273169536537	0.215802524406219	0.505089902178672	0.281460195634448	0.354570849375175	0.506027867807972	0.156804262096276	0.306554486357758
ZB_32	0.526162629388539	0.49592261029903	0.598308903321049	0.518877299993809	0.47437574514069	0.253419327595914	0.468773568081271	0.446249950037401	0.477165685779506	0.464554575027488	0.429561468735409	0.337941125546325	0.340649595970196	0.463205473928555	0.531870330901025	0.491997805732212	0.381751360676867	0.546809757001634	0.20045183641052	0.464967575810168	0.559227452468238	0.588940272188419	0.500498735233526	0.597374013188031	0.320832153242682	0.263793170262106	0.338860542859303	0.624023958735318	0.609695941302001	0.206606550624062	0.446231521115693	0	0.271615602817311	0.282274940673294	0.456019662074891	0.49085904045151	0.527562544659124	0.213232057568199	0.606435168497774	0.532800331250198	0.345311435946977	0.425351881779685	0.599381537321515	0.57669698288699	0.475488348598153	0.540414266711226	0.650753684153757	0.381291792875843	0.55335029935383	0.453784480627274	0.586380371192253	0.580705441890012	0.591924377931405	0.304158635926774	0.24562385101111	0.618040203757463	0.1832080955628	0.500409000284819	0.272784549397824	0.574431319287349	0.500461005140261	0.555938947007374	0.456236330979782	0.503959677735609
ZB_33	0.425796867714666	0.52762222105016	0.472829383886256	0.435013656570971	0.505507031336047	0.291435663482062	0.437755559744912	0.452913594226734	0.47341998387914	0.418296834274796	0.438256796721361	0.252471033661485	0.325281265132347	0.47700342047398	0.519869353381378	0.438266470336363	0.325776063911571	0.482776309847845	0.243944494283998	0.508441956634538	0.525326297765275	0.560415162236635	0.474145879946861	0.50961972192378	0.221704443376261	0.237009371096658	0.211545399470413	0.541770427528866	0.529914138065614	0.300501015393707	0.517101138569996	0.271615602817311	0	0.306976815947008	0.524466366745332	0.401963818406677	0.465253938442784	0.218582665933256	0.579197021455359	0.520585946255222	0.1880795762644	0.498450632171308	0.457209435379096	0.527946542031164	0.499263693871701	0.425455112480625	0.538670017848162	0.305538171383809	0.475706358134182	0.509788924717366	0.522565576163622	0.448726285796937	0.553731862031127	0.133884030570699	0.260282725257123	0.569419976137338	0.213608264696026	0.517723177249566	0.176126542313642	0.490065161501214	0.510977482890131	0.488128768832347	0.509822327767348	0.541898538851201
ZB_34	0.50257309716092	0.554812651110315	0.625932701640958	0.507814323378139	0.554262744227309	0.140087794711752	0.515511274706028	0.515177933507838	0.535440789200901	0.512948823547357	0.544964727790251	0.267968067778555	0.208441674885681	0.516063962677816	0.552946357660657	0.539067952208514	0.428721198357428	0.55749176372928	0.173385863158593	0.557745203222875	0.608446560558256	0.631154630387913	0.523532183861894	0.623942195519353	0.281394618320571	0.152716597977012	0.317221510883483	0.616056337724337	0.638061557585198	0.194360324380293	0.528794628084448	0.282274940673294	0.306976815947008	0	0.571959200880816	0.513548313130289	0.525670898454402	0.163358220923395	0.630060327036038	0.5784354978458	0.399739237486783	0.551049796082775	0.635420958297727	0.573847930179645	0.537066173758616	0.584033595866411	0.6403556452432	0.329092198522037	0.600048554950717	0.532450180886646	0.617805074564511	0.641276508132592	0.552470808207423	0.276992241694715	0.156803577405466	0.665386140680442	0.274104007230324	0.553328198563711	0.218175312394949	0.604369446891304	0.592421834121492	0.608614431645294	0.568556293367157	0.585666442585121
