ZB_1	ZB_2	ZB_3	ZB_4	ZB_5	ZB_6	ZB_7	ZB_8	ZB_9	ZB_10	ZB_11	ZB_12	ZB_13	ZB_14	ZB_15	ZB_16	ZB_17	ZB_18	ZB_19	ZB_20	ZB_21	ZB_22	ZB_23	ZB_24	ZB_25	ZB_26	ZB_27	ZB_28	ZB_29	ZB_30	ZB_31	ZB_32	ZB_33	ZB_34	ZB_35	ZB_36	ZB_37	ZB_38	ZB_39	ZB_40	ZB_41	ZB_42	ZB_43	ZB_44	ZB_45	ZB_46	ZB_47	ZB_48	ZB_49	ZB_50	ZB_51	ZB_52	ZB_53	ZB_54	ZB_55	ZB_56	ZB_57	ZB_58	ZB_59	ZB_60	ZB_61	ZB_62	ZB_63	ZB_64
ZB_1	0	0.266372079633527	0.383537882320825	0.318713358444014	0.269510138425831	0.594183923563762	0.183554300076989	0.329279020845286	0.166473121597735	0.0730045757937287	0.231829604775617	0.249302987950532	0.529383023492234	0.236684780390375	0.305991901420742	0.184491978609626	0.205839684191753	0.320579817454328	0.60984097808712	0.347388495433963	0.272490899635985	0.300979493054477	0.14752402599552	0.30588798061682	0.39786538755542	0.40614636805524	0.40359694773145	0.127905955668862	0.415847887856495	0.379835485322625	0.159297039644272	0.459396538999987	0.356416242059662	0.549803239635528	0.379003429718652	0.363913321212717	0.352849881106634	0.459221178991922	0.0515435831726682	0.159297039644272	0.193009194110598	0.195551414499211	0.224297900971019	0.22647965674728	0.225721888800815	0.222204639153792	0.380406841590594	0.442919969231798	0.228971442798193	0.274057807880479	0.137336227614544	0.391341945156481	0.0559412844474111	0.209879111420837	0.595699594467425	0.187790819849299	0.429083256969571	0.175371545286617	0.398667230331079	0.162383731835685	0.339448994365038	0.310267566747134	0.15951219781311	0.365012203188796
ZB_2	0.266372079633527	0	0.522767717807334	0.232760525501733	0.00517113182853509	0.5903542416085	0.315036140735792	0.251608431059524	0.21876785478838	0.20872142734994	0.0817679592324724	0.3279734534023	0.549518637103736	0.096606490647712	0.216893322121379	0.195526978067569	0.153795742220925	0.241298641838645	0.59913618727129	0.203389993277634	0.373245969757908	0.217126530136778	0.232615570772489	0.397692303364781	0.413167908261281	0.332209750265675	0.376488148513297	0.309171364133735	0.384549679238295	0.367415429688386	0.223501650146649	0.439804264573779	0.331285024888134	0.542971428571429	0.180304487601781	0.443702024323149	0.265440243432807	0.447304515612867	0.223493623159428	0.223501650146649	0.312194980386846	0.185797134378316	0.284710805141117	0.351289987410734	0.125188546412993	0.287433166313301	0.541185767231689	0.548118714203502	0.356589844231639	0.0126486753617962	0.286359523049079	0.510422883801409	0.230426909912416	0.284041711764216	0.587047783235983	0.358239906311144	0.406493721166706	0.234942533777856	0.509048528602415	0.221076196883121	0.189952735605844	0.226178047246407	0.223718701476506	0.158398998951605
ZB_3	0.383537882320825	0.522767717807334	0	0.560756718168375	0.518559687231351	0.826880122372	0.268725756729484	0.542911728052791	0.439261797635241	0.403889853002638	0.481154534694283	0.515534918293419	0.818955380978557	0.468161517316613	0.578940957172562	0.450116027050003	0.422016542993165	0.553429484902309	0.80358135173929	0.485265301874731	0.579818095240629	0.581411012433393	0.454381605106205	0.402096531804394	0.611027796677206	0.66427973859379	0.666723695890425	0.456298125276047	0.442767900354059	0.587855231621796	0.448221220490355	0.666282897261641	0.537574914143341	0.802810209559826	0.511425300685369	0.293215583567141	0.593957115009747	0.660446610326322	0.390297133693222	0.448221220490355	0.393668544605608	0.443857416808835	0.275189135805508	0.54763482353939	0.457389044269288	0.273015099102324	0.703322126929674	0.747498224715627	0.291232057381504	0.512396852601203	0.339194443353513	0.0181533432105128	0.382730438570932	0.419745221273686	0.827020459083998	0.519650914608256	0.641826492931856	0.434004740590246	0.599736161055706	0.451181443975324	0.500673475759333	0.570088815593396	0.448427563146144	0.534921130487787
ZB_4	0.318713358444014	0.232760525501733	0.560756718168375	0	0.236464900624806	0.533054020791327	0.320321642073511	0.0793724364090036	0.30462358647412	0.258589306029579	0.200019651915448	0.431294103266874	0.507080103668142	0.183190434817561	0.0242982871202801	0.319065199219838	0.314843295141216	0.0120483737699992	0.535010760647211	0.327889344132928	0.263631521228263	0.0336292230529005	0.288050846508084	0.223333410371799	0.31628143088103	0.29610281898977	0.344008000807203	0.365111517686008	0.412043805860109	0.381610713958283	0.279436279512826	0.356767285895441	0.384375826659933	0.472997015101812	0.363599810265158	0.517173992898249	0.0463780468947414	0.361336626304301	0.28436893429571	0.279436279512826	0.343197899625572	0.311334558046528	0.31949977001918	0.289764570988332	0.125720223852689	0.317580916077039	0.497085832969888	0.505403500352435	0.405819436035739	0.229393822308922	0.283268757394459	0.566296603982579	0.279847623696782	0.359206483571608	0.529240232969047	0.237580496033999	0.314195075308804	0.293894395416686	0.436978435686379	0.282608695652174	0.352240850162877	0.0162316646162582	0.279276903445342	0.380603657805191
ZB_5	0.269510138425831	0.00517113182853509	0.518559687231351	0.236464900624806	0	0.591848699404472	0.317918489599019	0.246996194980255	0.214545884059245	0.212172634840819	0.0769949785883529	0.324296261561503	0.551402275960945	0.0918811564617485	0.220752115927161	0.19131794494026	0.149397162816121	0.244937957206701	0.600547430626339	0.207290229894211	0.375910278926334	0.221000843588406	0.235845517256488	0.400285119719474	0.409367713924733	0.327956185795253	0.372255376336683	0.312000426302888	0.387361943127258	0.36961252432033	0.226808608502656	0.441832309913628	0.327638403173534	0.544830817365341	0.175241771851696	0.445783103205723	0.268986834789328	0.449296260084829	0.22688776903126	0.226808608502656	0.308477912831501	0.181538325126975	0.280406001518024	0.354019143863644	0.129384815119966	0.283128362690208	0.54313958546323	0.550014053874094	0.352641691669064	0.00751641189002197	0.289266998359209	0.506214853225427	0.233769353147792	0.28004277329115	0.588553628029685	0.361045069845748	0.408769631875055	0.238152962407821	0.510671754805624	0.224403802323642	0.184949610687222	0.229956854098225	0.227024735452301	0.162751028675053
ZB_6	0.594183923563762	0.5903542416085	0.826880122372	0.533054020791327	0.591848699404472	0	0.672342940779104	0.53423744836412	0.584544330004865	0.601186967382866	0.570656811753741	0.422517162884402	0.217887307880666	0.573359833628506	0.549657444557349	0.593830849591233	0.590271847501567	0.534227325441685	0.0992413049305828	0.694295578986527	0.505521184517222	0.538266158324805	0.579238558603943	0.638516257249596	0.336801427642706	0.365890342652112	0.357292243940883	0.559097838247994	0.62391373988742	0.310011261789686	0.58866874802525	0.277639393520487	0.387459210236856	0.159968066764613	0.687911665365161	0.643836053644493	0.520042418386325	0.268556352249422	0.617335602620049	0.58866874802525	0.544006088787872	0.603000040518034	0.672046133242026	0.549375300626754	0.575300444414806	0.671353865799155	0.42345647849317	0.348628511266579	0.651186312107548	0.586686950144888	0.574538470219352	0.828559747818696	0.611901376641813	0.527906857419483	0.06415652928077	0.572530243686925	0.38109442867751	0.593495544399875	0.323488389580337	0.58764923472213	0.709892229786129	0.527751441994481	0.588597846240202	0.70193201038664
ZB_7	0.183554300076989	0.315036140735792	0.268725756729484	0.320321642073511	0.317918489599019	0.672342940779104	0	0.341748420284047	0.247556764675107	0.166032731376975	0.284460106875515	0.351653959159016	0.643750291549126	0.270274722010704	0.338868358475465	0.263030386578134	0.227104444267135	0.317542090557904	0.626006681446572	0.259404739857458	0.354668682861262	0.345990598065871	0.230746894488533	0.136271913229915	0.469226153384569	0.489115909751138	0.516379371049635	0.268808117201367	0.470878696583753	0.409777733928445	0.221900068173306	0.482614271972639	0.373078045386187	0.631436197175316	0.29351946835556	0.264423013565764	0.354855346600551	0.479646621977453	0.14758492423828	0.221900068173306	0.211464543750342	0.25471091828386	0.0497183345588575	0.322735138725031	0.215572606181444	0.0468680086033716	0.508859217000954	0.561602266886189	0.124718527551686	0.311755654968871	0.142096385945904	0.278761169681771	0.143105150875657	0.232623443493426	0.648091591304367	0.278583121371262	0.446614644837652	0.207419303554443	0.444691429731837	0.224915322287282	0.282767643429523	0.332711160679459	0.222110246744253	0.309288543452676
ZB_8	0.329279020845286	0.251608431059524	0.542911728052791	0.0793724364090036	0.246996194980255	0.53423744836412	0.341748420284047	0	0.279739479550704	0.300260000987346	0.211919324197749	0.41117480488984	0.509598260154805	0.158189976433242	0.101742109279982	0.294489969362488	0.284929646169146	0.0898988361311394	0.503448000956671	0.342043667702944	0.307871443068566	0.110332426093654	0.295282503879033	0.253144017490641	0.295522468431114	0.274223496900962	0.341465295189359	0.391207270831236	0.451022398160411	0.354751924642831	0.30675960212009	0.32738774000678	0.343178202305617	0.477012678668726	0.368444743191175	0.508320374173483	0.115451767026426	0.336093265255013	0.324351281042323	0.30675960212009	0.300963214429233	0.305827279641237	0.304314119831356	0.322753559854938	0.181561702272145	0.307044326534969	0.518508833434867	0.526019065938729	0.382776860859671	0.240241384691097	0.29377914848804	0.548499925436872	0.32009935729276	0.314701975093161	0.530575159850404	0.290039000546793	0.283711045834222	0.299487737018699	0.412603362044689	0.309768710117218	0.35759383514782	0.0943157542576956	0.306614164333379	0.392157098102291
ZB_9	0.166473121597735	0.21876785478838	0.439261797635241	0.30462358647412	0.214545884059245	0.584544330004865	0.247556764675107	0.279739479550704	0	0.144235740600883	0.218911421339225	0.227605658899825	0.546832640129695	0.188788055735615	0.292137094518233	0.0292743076389539	0.188921443714827	0.311653642275534	0.592798012021611	0.335763810385108	0.356539059463661	0.292623001454509	0.0226572059126887	0.324629947950779	0.421079147905573	0.344101243455169	0.401276798805288	0.129053716495069	0.434304476580235	0.345370220522474	0.0347176891797571	0.446623730825638	0.321663473677705	0.540960686900535	0.354488098419872	0.419512761602026	0.333074101045631	0.453470788598892	0.161944437677134	0.0347176891797571	0.122944502180431	0.0408067774591134	0.210207207761135	0.216478778400452	0.210484179463359	0.212805658849036	0.444434930819596	0.498978226897569	0.198379478216806	0.219372698260165	0.191469817966019	0.445798613714454	0.168889941185017	0.176036692764276	0.581518586525587	0.28964087238748	0.380238387821756	0.0533022981928882	0.386682457196232	0.0316557245070359	0.315785281061838	0.299618098150996	0.0349381010107861	0.347423966070408
ZB_10	0.0730045757937287	0.20872142734994	0.403889853002638	0.258589306029579	0.212172634840819	0.601186967382866	0.166032731376975	0.300260000987346	0.144235740600883	0	0.174781610092485	0.232428395079518	0.564893904598773	0.214330613100113	0.244441735956075	0.162808621608924	0.149847318721491	0.266327432986851	0.609050248802243	0.32500244943663	0.243057965249626	0.244767183307516	0.124863457315929	0.281117557736328	0.43486149277955	0.386435804633214	0.426565560186813	0.132310414898843	0.404409085388072	0.362062101910828	0.114437720512706	0.460460380875399	0.363907541579111	0.558440406966005	0.356701657366165	0.382015163770158	0.28878970858493	0.467380906829922	0.0280478974549241	0.114437720512706	0.172584743445032	0.153061714816575	0.202209250509965	0.21513283264208	0.166500630935777	0.204899543037761	0.407077637231368	0.466506892298371	0.263739899961524	0.21717308429767	0.134297933899016	0.411237589117789	0.0366159927481313	0.21814340487463	0.59809489080309	0.161407219995312	0.430604791437967	0.13145624939969	0.433183234894013	0.117561185297664	0.3167592232624	0.252785090369881	0.114655441918628	0.342213418457504
ZB_11	0.231829604775617	0.0817679592324724	0.481154534694283	0.200019651915448	0.0769949785883529	0.570656811753741	0.284460106875515	0.211919324197749	0.218911421339225	0.174781610092485	0	0.334566548856692	0.552715779413369	0.0593811730111817	0.219434668042529	0.191249561184709	0.13760259173275	0.208535085872593	0.579863073366318	0.175355023430149	0.340069705311979	0.207523092447411	0.234167676271772	0.364416036358447	0.351183807234624	0.339593304277354	0.38180533075484	0.280232181481907	0.349610409259399	0.317838386115181	0.225442013064846	0.424620745219289	0.273397143905065	0.52260939553135	0.202676222979247	0.413732579605345	0.231809695763784	0.431972066260366	0.193016540213289	0.225442013064846	0.24851631688666	0.181826675885561	0.246948173844313	0.364345722615229	0.0955658681995283	0.249615777282557	0.544857530959466	0.551394590426973	0.320569807752915	0.0703283396724365	0.257398865273307	0.469052533261045	0.188951997681263	0.265622629295085	0.567455547439181	0.324507612288927	0.391456975346856	0.239940430539067	0.493312631835486	0.22842925521833	0.191447141646042	0.193253124272297	0.225650239059459	0.227214995295338
ZB_12	0.249302987950532	0.3279734534023	0.515534918293419	0.431294103266874	0.324296261561503	0.422517162884402	0.351653959159016	0.41117480488984	0.227605658899825	0.232428395079518	0.334566548856692	0	0.539122654871712	0.338223758087497	0.422581699892363	0.24644223377384	0.267162759856053	0.432577207399902	0.443552904091389	0.461542000818989	0.414841409590889	0.419164638040227	0.2457597987059	0.44551602861367	0.305358289834357	0.348573780632439	0.397415263784723	0.257618061396874	0.538798533378705	0.231884150875663	0.255740319386016	0.289134146830793	0.203935302091917	0.527626207509801	0.444805783945686	0.335042589780689	0.459150457088983	0.288904299893188	0.250648114173615	0.255740319386016	0.201503285925787	0.256028754987737	0.356266438956674	0.292141641212619	0.359250514660557	0.354834649849432	0.433012473120413	0.457882956456511	0.340259376811562	0.327915703907118	0.270672746062471	0.520495097616247	0.256329461154975	0.19698223377698	0.42344988921755	0.354570777412003	0.419105940768735	0.264977240552693	0.258066979715812	0.253787683405469	0.449496802293656	0.428097641461351	0.255922718779888	0.440028517974458
ZB_13	0.529383023492234	0.549518637103736	0.818955380978557	0.507080103668142	0.551402275960945	0.217887307880666	0.643750291549126	0.509598260154805	0.546832640129695	0.564893904598773	0.552715779413369	0.539122654871712	0	0.555833298866738	0.497436835207705	0.558273090144367	0.582440308784452	0.499166181772374	0.250206372528709	0.66695325580343	0.414804776980675	0.493632636767032	0.540265705267222	0.601460639902001	0.466192649658338	0.289754411198799	0.237495461223021	0.515925749939631	0.61123652666052	0.453120052538378	0.55096612119951	0.398550143970597	0.502526070115042	0.0683795546438458	0.658966706188588	0.749353080378543	0.491338038596318	0.398317109211542	0.557581798238291	0.55096612119951	0.531070478033943	0.568635431995588	0.643384313658025	0.471762265818911	0.549226308742225	0.642530369509038	0.294605336205977	0.209497142769949	0.620711246765058	0.554132687274222	0.557435865735303	0.820945517665071	0.55934315328385	0.48558493198818	0.209753705171788	0.496575632769864	0.309230037408754	0.556935659031707	0.444291432830369	0.549702823926948	0.662295108515227	0.500679806565508	0.550878292814424	0.651459818431513
ZB_14	0.236684780390375	0.096606490647712	0.468161517316613	0.183190434817561	0.0918811564617485	0.573359833628506	0.270274722010704	0.158189976433242	0.188788055735615	0.214330613100113	0.0593811730111817	0.338223758087497	0.555833298866738	0	0.203037508154955	0.160716677291648	0.186636410431933	0.191872396377355	0.57084155750942	0.189259318469693	0.374754256463519	0.210659105876824	0.204270170946123	0.350404692276467	0.347723941187213	0.343770936730678	0.403583048410207	0.303471047177235	0.352252706493266	0.307640248525933	0.215702293388762	0.414688851391847	0.270079625181907	0.525835127172764	0.216307783120381	0.408858081132057	0.21520114524941	0.422115742079392	0.232132312724324	0.215702293388762	0.237260508243594	0.171939871535944	0.23220858980413	0.386271645828726	0.0781240399621515	0.234892731003212	0.564184795613679	0.57034683652066	0.30394548281855	0.0849607093227738	0.231189422671724	0.463640198504499	0.227898218469467	0.25393095143125	0.569992908846444	0.36049938366173	0.380800838881167	0.2304063793735	0.484492551573734	0.218699609464983	0.205190796512414	0.196448613734954	0.215911221587104	0.240601596222192
ZB_15	0.305991901420742	0.216893322121379	0.578940957172562	0.0242982871202801	0.220752115927161	0.549657444557349	0.338868358475465	0.101742109279982	0.292137094518233	0.244441735956075	0.219434668042529	0.422581699892363	0.497436835207705	0.203037508154955	0	0.307150042116798	0.33247190517516	0.036156388492451	0.551282278773007	0.347869599808049	0.248517096162517	0.0267954324306653	0.275015189245159	0.244526692177404	0.333990873526052	0.282359811662794	0.331269078224882	0.353818614098432	0.431790474705745	0.396700431840033	0.266080292455582	0.373550520962702	0.399812423346079	0.491726669740716	0.38348963978824	0.532893351291784	0.0705872591430414	0.378077054477458	0.270767390422499	0.266080292455582	0.359157065641673	0.299144898482546	0.338068913246606	0.275774239876269	0.14696372487697	0.336202420012242	0.487043569690974	0.495693873556469	0.422642963289119	0.226335339671707	0.301264978160062	0.584251497173482	0.277639861168304	0.375977134018895	0.546042798246188	0.221365952568698	0.332089104963997	0.281034365353187	0.452196259909722	0.269311510818373	0.338910618107207	0.0405299517365383	0.265914952733868	0.367793983562244
ZB_16	0.184491978609626	0.195526978067569	0.450116027050003	0.319065199219838	0.19131794494026	0.593830849591233	0.263030386578134	0.294489969362488	0.0292743076389539	0.162808621608924	0.191249561184709	0.24644223377384	0.558273090144367	0.160716677291648	0.307150042116798	0	0.167181444343575	0.325839703096651	0.601612799947121	0.307556280481897	0.368786161810132	0.307678627614605	0.0451830607560236	0.338199932191013	0.421288424388637	0.360912332532784	0.416398950181838	0.153530837085799	0.444978302094142	0.359660231788907	0.0569302161718806	0.458907983283167	0.327669913443391	0.552271300569677	0.331236609497971	0.395649510780588	0.346802194740339	0.465553139021494	0.179701360141928	0.0569302161718806	0.14052612272958	0.0119618410115545	0.226570690869259	0.238156838726029	0.227193405463299	0.229105703779047	0.459588821825394	0.512057030839397	0.202764988667663	0.196272365534623	0.208070951426182	0.445924932158429	0.186371330717651	0.197792991309779	0.590868970104768	0.304241995438033	0.395049735247034	0.0746709395578965	0.400241325263844	0.0600101287563098	0.292247108857043	0.314326832817999	0.0567277091982249	0.323788841817579
ZB_17	0.205839684191753	0.153795742220925	0.422016542993165	0.314843295141216	0.149397162816121	0.590271847501567	0.227104444267135	0.284929646169146	0.188921443714827	0.149847318721491	0.13760259173275	0.267162759856053	0.582440308784452	0.186636410431933	0.33247190517516	0.167181444343575	0	0.321810769260177	0.574150478913817	0.290600001111834	0.35899396894649	0.322690697887283	0.208998022327892	0.305039167543552	0.422665145739173	0.376360789474335	0.423337107898646	0.249156804922574	0.444184257621584	0.364306538325747	0.200219464184953	0.431479198394856	0.330298639460283	0.547236977702264	0.265219742953545	0.361536545737022	0.343275916995309	0.4317978538009	0.163779257942752	0.200219464184953	0.197083268370492	0.157735982505272	0.188659493880836	0.287732784187967	0.22070457034098	0.191302385399928	0.467885750030481	0.520913385986435	0.266353691704664	0.142955261553783	0.202055191717376	0.41002420277135	0.159550732790365	0.160524965249034	0.593064058858316	0.291977487723418	0.39291711793546	0.190034200187868	0.398374176117297	0.197885535161975	0.303334334969339	0.309942834319379	0.200422286535976	0.287833649561716
ZB_18	0.320579817454328	0.241298641838645	0.553429484902309	0.0120483737699992	0.244937957206701	0.534227325441685	0.317542090557904	0.0898988361311394	0.311653642275534	0.266327432986851	0.208535085872593	0.432577207399902	0.499166181772374	0.191872396377355	0.036156388492451	0.325839703096651	0.321810769260177	0	0.532572187592682	0.335805473412212	0.271906859464255	0.0371355186186764	0.295312199754373	0.220157224502194	0.308386307594807	0.293232813530196	0.345875452759168	0.366770036224603	0.413801784665305	0.387253961644451	0.286835600724889	0.354252023060934	0.382062381261573	0.465059733667016	0.371245599580556	0.510722520854462	0.0580207460184409	0.354007114459092	0.291655473035626	0.286835600724889	0.340806138026026	0.318228968802455	0.316716857449498	0.297551828502387	0.12253651175028	0.314790156334764	0.49855706218469	0.506826535708838	0.398584744470672	0.237912890420193	0.275141114232921	0.559079532189997	0.287160688545521	0.35646123052642	0.526722073162751	0.246321657590307	0.311513340376837	0.301084354706443	0.430519272139487	0.289989374684693	0.359960552268245	0.0281529332231653	0.286678788391334	0.388175121594797
ZB_19	0.60984097808712	0.59913618727129	0.80358135173929	0.535010760647211	0.600547430626339	0.0992413049305828	0.626006681446572	0.503448000956671	0.592798012021611	0.609050248802243	0.579863073366318	0.443552904091389	0.250206372528709	0.57084155750942	0.551282278773007	0.601612799947121	0.574150478913817	0.532572187592682	0	0.678355181806982	0.491943158741379	0.557530805362833	0.587767463830533	0.587147383655238	0.342367644288137	0.382997624158556	0.387510184366897	0.597889714731879	0.663089364002306	0.276875124035442	0.596889714384643	0.198247823730111	0.3329027338063	0.234896232708049	0.671766886134419	0.623263027816774	0.518730687322532	0.198633121817969	0.603633991434288	0.596889714384643	0.517596076003619	0.610491424086905	0.622747885502586	0.539003754953796	0.565715935765118	0.624871120508877	0.452598332639075	0.382693636089906	0.630720716032679	0.595391504518021	0.576003545405065	0.805463354512421	0.600239124316281	0.478524948692501	0.0511899487813662	0.561369918196092	0.305616481988363	0.583086777620306	0.290624238902138	0.59592328194229	0.69370314330895	0.545880408524359	0.596822499032684	0.685460072385376
ZB_20	0.347388495433963	0.203389993277634	0.485265301874731	0.327889344132928	0.207290229894211	0.694295578986527	0.259404739857458	0.342043667702944	0.335763810385108	0.32500244943663	0.175355023430149	0.461542000818989	0.66695325580343	0.189259318469693	0.347869599808049	0.307556280481897	0.290600001111834	0.335805473412212	0.678355181806982	0	0.453964578718288	0.337072050930848	0.344472222597603	0.347986783722789	0.460809477795225	0.485602205034335	0.499318592759914	0.421405471756014	0.474557086026258	0.439713376444484	0.336822274538112	0.52248213674131	0.379947731166856	0.659880750675789	0.0444494365195253	0.404529119334986	0.360569062064002	0.529548575111385	0.30620866115816	0.336822274538112	0.385078041489923	0.299296963492202	0.225273084144052	0.474546179985593	0.219695377986559	0.228235559456758	0.660953568089748	0.665944909744786	0.308244324378325	0.200429325341342	0.36657085063345	0.471858228149205	0.302017724844257	0.376282808686724	0.669184586268084	0.441223357823005	0.494318746397981	0.346425905615991	0.584097177722676	0.339881933792145	0.0365346922775382	0.322398143092951	0.337035548373514	0.0628876344835118
ZB_21	0.272490899635985	0.373245969757908	0.579818095240629	0.263631521228263	0.375910278926334	0.505521184517222	0.354668682861262	0.307871443068566	0.356539059463661	0.243057965249626	0.340069705311979	0.414841409590889	0.414804776980675	0.374754256463519	0.248517096162517	0.368786161810132	0.35899396894649	0.271906859464255	0.491943158741379	0.453964578718288	0	0.248884835366696	0.34207190581915	0.31161097355413	0.418780855220964	0.264493733264721	0.276139521012894	0.300886588317001	0.421761144646707	0.414136637136704	0.334680953546584	0.362799019117206	0.468223246377703	0.443790410951045	0.484929434226825	0.536104418881286	0.233382603752132	0.37110983839239	0.229100272139731	0.334680953546584	0.367015265860949	0.362111909394423	0.385642027176964	0.237580615495974	0.337432545498447	0.388228282242379	0.386282801691545	0.396635431676135	0.432312553466086	0.379771642808453	0.349593958516526	0.58479838073708	0.23603933370261	0.38484968256713	0.474567428242147	0.113960633287707	0.322552926591788	0.343960467476246	0.380993229591294	0.33762624069234	0.450869622736574	0.257449525759213	0.33454433448905	0.473398363019772
ZB_22	0.300979493054477	0.217126530136778	0.581411012433393	0.0336292230529005	0.221000843588406	0.538266158324805	0.345990598065871	0.110332426093654	0.292623001454509	0.244767183307516	0.207523092447411	0.419164638040227	0.493632636767032	0.210659105876824	0.0267954324306653	0.307678627614605	0.322690697887283	0.0371355186186764	0.557530805362833	0.337072050930848	0.248884835366696	0	0.275444900997895	0.252665255762202	0.335634957754353	0.282848242372415	0.326244658347608	0.349374462908608	0.41645811119935	0.402495127988735	0.26648056190882	0.379995555148837	0.405740326575764	0.478040125399366	0.37314532988505	0.534900681929243	0.0798839888816392	0.379760410127642	0.270918999919722	0.26648056190882	0.365285643960678	0.299649880295042	0.345199765101351	0.276239808212593	0.155121573455387	0.343353379227116	0.483079778179732	0.491863141773314	0.424466256249573	0.213753066862431	0.302832409446427	0.586707035108198	0.266292632599239	0.382189089046716	0.538752008286826	0.221625777079645	0.338960702268882	0.281484793765985	0.453923957355266	0.269724350445115	0.339669905788562	0.0229716557551941	0.266314669357387	0.368682472552186
ZB_23	0.14752402599552	0.232615570772489	0.454381605106205	0.288050846508084	0.235845517256488	0.579238558603943	0.230746894488533	0.295282503879033	0.0226572059126887	0.124863457315929	0.234167676271772	0.2457597987059	0.540265705267222	0.204270170946123	0.275015189245159	0.0451830607560236	0.208998022327892	0.295312199754373	0.587767463830533	0.344472222597603	0.34207190581915	0.275444900997895	0	0.308892338698695	0.434137546963922	0.363206307490145	0.419939442954079	0.115167547527888	0.420913973046915	0.337212611462771	0.0123002789753994	0.439606966494749	0.338524202159865	0.534474624085423	0.375001345779098	0.4271694026031	0.317051171441697	0.446570363202261	0.142909159117741	0.0123002789753994	0.137314961687062	0.0567155305761831	0.225658902501945	0.203986494687248	0.192198974604616	0.228257353589846	0.435707821379361	0.491460435558025	0.213323026249454	0.240527138028077	0.173876836912149	0.460742161747102	0.150103488451785	0.195886833348985	0.576176404330599	0.273035716256027	0.371754976767978	0.0316377013108747	0.378938768734067	0.0155252115371314	0.336774681173271	0.282779150148697	0.0125250732022226	0.36141957484256
ZB_24	0.30588798061682	0.397692303364781	0.402096531804394	0.223333410371799	0.400285119719474	0.638516257249596	0.136271913229915	0.253144017490641	0.324629947950779	0.281117557736328	0.364416036358447	0.44551602861367	0.601460639902001	0.350404692276467	0.244526692177404	0.338199932191013	0.305039167543552	0.220157224502194	0.587147383655238	0.347986783722789	0.31161097355413	0.252665255762202	0.308892338698695	0	0.410416079165278	0.42941653598659	0.459674071984135	0.383307282697963	0.55584825986208	0.475370888779222	0.300764393693063	0.427521163682234	0.441363918051493	0.588734689938586	0.382540292102504	0.378336421453253	0.263089474775466	0.424104496779547	0.271628544524148	0.300764393693063	0.318919779023107	0.330888091973421	0.135132063319673	0.276523553965414	0.299487576081374	0.132469835639864	0.48171870184958	0.541108635225472	0.247290207311194	0.393980556963727	0.255891736709599	0.410301672713107	0.267147764937612	0.302376154871956	0.611137972170862	0.223838796497922	0.383706127430351	0.285955988118004	0.386823774493848	0.30384787077503	0.371519396288982	0.237490879195983	0.300614071836483	0.399124835026197
ZB_25	0.39786538755542	0.413167908261281	0.611027796677206	0.31628143088103	0.409367713924733	0.336801427642706	0.469226153384569	0.295522468431114	0.421079147905573	0.43486149277955	0.351183807234624	0.305358289834357	0.466192649658338	0.347723941187213	0.333990873526052	0.421288424388637	0.422665145739173	0.308386307594807	0.342367644288137	0.460809477795225	0.418780855220964	0.335634957754353	0.434137546963922	0.410416079165278	0	0.342150623345171	0.311619133050154	0.453746439811573	0.55965693880484	0.252443107578397	0.44377997727206	0.215379011492809	0.15602699813342	0.449520967854729	0.482948826347788	0.406986175029777	0.349271119377934	0.206303348653972	0.426207674626544	0.44377997727206	0.381675410786192	0.430885932861892	0.443913111863897	0.402522166616302	0.372668281601044	0.442641311432208	0.54170536262554	0.48250853911779	0.432867032834791	0.403802172316684	0.386953774093418	0.600412465304181	0.419995264119138	0.36555785518764	0.338822418379748	0.402586253152331	0.316611507440367	0.450452119526519	0.263860814491932	0.446308065255848	0.476781772014557	0.324899728278146	0.443681942564552	0.502833474252124
ZB_26	0.40614636805524	0.332209750265675	0.66427973859379	0.29610281898977	0.327956185795253	0.365890342652112	0.489115909751138	0.274223496900962	0.344101243455169	0.386435804633214	0.339593304277354	0.348573780632439	0.289754411198799	0.343770936730678	0.282359811662794	0.360912332532784	0.376360789474335	0.293232813530196	0.382997624158556	0.485602205034335	0.264493733264721	0.282848242372415	0.363206307490145	0.42941653598659	0.342150623345171	0	0.104954042784055	0.3858632647633	0.463445312673924	0.319808641464692	0.373888993179401	0.234520559474401	0.36243766957542	0.270022479970563	0.466964365843643	0.618519244620414	0.299307019273053	0.230377964465961	0.40524054420261	0.373888993179401	0.326983370568099	0.371470349468413	0.462900757338643	0.305666079771527	0.358585695268584	0.461611053605441	0.441772840612516	0.418080021050477	0.474350231645845	0.33211677828353	0.405925994418071	0.667910787874136	0.407562203033511	0.291526373430456	0.364724559368011	0.347918258266216	0.173546352553579	0.382199017532767	0.316009133822006	0.372130439802613	0.472155120177742	0.286981381250699	0.373766732507692	0.461828617605384
ZB_27	0.40359694773145	0.376488148513297	0.666723695890425	0.344008000807203	0.372255376336683	0.357292243940883	0.516379371049635	0.341465295189359	0.401276798805288	0.426565560186813	0.38180533075484	0.397415263784723	0.237495461223021	0.403583048410207	0.331269078224882	0.416398950181838	0.423337107898646	0.345875452759168	0.387510184366897	0.499318592759914	0.276139521012894	0.326244658347608	0.419939442954079	0.459674071984135	0.311619133050154	0.104954042784055	0	0.394376568611214	0.474232581836709	0.334509206366877	0.413770246698231	0.273866256120814	0.366060052687603	0.26865610155688	0.480800059598867	0.619757883139827	0.347983469578595	0.273590004617774	0.416988752112489	0.413770246698231	0.396064198725704	0.410445562753963	0.490576299343406	0.317377148822773	0.410469017532817	0.489349259057343	0.419621331058537	0.344136068674158	0.472579648793476	0.37612283438706	0.430121751718438	0.670408596138898	0.419295453042917	0.337483221391683	0.360240836941637	0.360467146099055	0.174183577437468	0.421516989037903	0.328165456191139	0.41213101071765	0.485929094987146	0.335552696601519	0.413656280064403	0.475835397603761
ZB_28	0.127905955668862	0.309171364133735	0.456298125276047	0.365111517686008	0.312000426302888	0.559097838247994	0.268808117201367	0.391207270831236	0.129053716495069	0.132310414898843	0.280232181481907	0.257618061396874	0.515925749939631	0.303471047177235	0.353818614098432	0.153530837085799	0.249156804922574	0.366770036224603	0.597889714731879	0.421405471756014	0.300886588317001	0.349374462908608	0.115167547527888	0.383307282697963	0.453746439811573	0.3858632647633	0.394376568611214	0	0.408840670916902	0.384913489225438	0.104626300745835	0.48656279229518	0.387201460262266	0.510561875058494	0.446184681085188	0.428433605291354	0.346696811535735	0.486401922270769	0.150292293175359	0.104626300745835	0.163845614523612	0.143678222288665	0.305254307223991	0.201881150590316	0.276033945992067	0.303497420447539	0.34695472022754	0.41104357708721	0.211136555444839	0.316102137081503	0.170975982556089	0.462743623652889	0.1539673891894	0.25112527663571	0.583460128291921	0.221190950372732	0.423503682276164	0.121810123629578	0.393803444141402	0.101820869862266	0.410199296600234	0.357611953455571	0.104844022151757	0.434476688345912
ZB_29	0.415847887856495	0.384549679238295	0.442767900354059	0.412043805860109	0.387361943127258	0.62391373988742	0.470878696583753	0.451022398160411	0.434304476580235	0.404409085388072	0.349610409259399	0.538798533378705	0.61123652666052	0.352252706493266	0.431790474705745	0.444978302094142	0.444184257621584	0.413801784665305	0.663089364002306	0.474557086026258	0.421761144646707	0.41645811119935	0.420913973046915	0.55584825986208	0.55965693880484	0.463445312673924	0.474232581836709	0.408840670916902	0	0.426198138644864	0.414247722209336	0.539727261401643	0.507763375336855	0.577123629939223	0.507683617498848	0.503517039206631	0.392434912024122	0.539567310803329	0.421893295040318	0.414247722209336	0.472654268708406	0.438970580637161	0.470276626904838	0.574093301907363	0.309727763435813	0.468871287344902	0.687456023225277	0.692158253751705	0.506971205614462	0.380929733457385	0.401696440115502	0.450654621587602	0.414790347433737	0.496514372043881	0.649630134464901	0.501501956401821	0.511967362201324	0.42581846837166	0.571372475524975	0.417265895984939	0.496933390810578	0.40407784107605	0.414124464491901	0.524433440453009
ZB_30	0.379835485322625	0.367415429688386	0.587855231621796	0.381610713958283	0.36961252432033	0.310011261789686	0.409777733928445	0.354751924642831	0.345370220522474	0.362062101910828	0.317838386115181	0.231884150875663	0.453120052538378	0.307640248525933	0.396700431840033	0.359660231788907	0.364306538325747	0.387253961644451	0.276875124035442	0.439713376444484	0.414136637136704	0.402495127988735	0.337212611462771	0.475370888779222	0.252443107578397	0.319808641464692	0.334509206366877	0.384913489225438	0.426198138644864	0	0.346414218941341	0.150428633415815	0.108374205020112	0.419848005510092	0.461068264144207	0.414527976408657	0.405948437782829	0.159187961849617	0.37594183454872	0.346414218941341	0.288771514999679	0.368652768811046	0.405921872075688	0.4530313520769	0.300638167467495	0.408012855676956	0.583825548631161	0.534545964462429	0.42384601814206	0.364525875023445	0.343290944850647	0.591745856284191	0.372574816610045	0.30079428734056	0.306664633931817	0.478021335987709	0.254366184324645	0.334828127425447	0.244176827308376	0.344833622569498	0.452897085175954	0.39169089938856	0.346304290636846	0.473623223898738
ZB_31	0.159297039644272	0.223501650146649	0.448221220490355	0.279436279512826	0.226808608502656	0.58866874802525	0.221900068173306	0.30675960212009	0.0347176891797571	0.114437720512706	0.225442013064846	0.255740319386016	0.55096612119951	0.215702293388762	0.266080292455582	0.0569302161718806	0.200219464184953	0.286835600724889	0.596889714384643	0.336822274538112	0.334680953546584	0.26648056190882	0.0123002789753994	0.300764393693063	0.44377997727206	0.373888993179401	0.413770246698231	0.104626300745835	0.414247722209336	0.346414218941341	0	0.448969921397686	0.347921047127335	0.544908071743398	0.367738193778862	0.421527861105214	0.308787507654623	0.455893435622088	0.132698405609397	0	0.147926228326214	0.0455029048555371	0.216721966679376	0.194503371890492	0.182482039835068	0.219350407381267	0.429085609799689	0.485762812418786	0.204545632788788	0.231601266694204	0.164509375714005	0.454725361483422	0.140041663546062	0.206719238178389	0.585602657372929	0.264375195391005	0.381862445590652	0.0197904573533416	0.388261841153894	0.00326509413041702	0.328931363068338	0.274011485528521	0.000227593692736843	0.353835408306944
ZB_32	0.459396538999987	0.439804264573779	0.666282897261641	0.356767285895441	0.441832309913628	0.277639393520487	0.482614271972639	0.32738774000678	0.446623730825638	0.460460380875399	0.424620745219289	0.289134146830793	0.398550143970597	0.414688851391847	0.373550520962702	0.458907983283167	0.431479198394856	0.354252023060934	0.198247823730111	0.52248213674131	0.362799019117206	0.379995555148837	0.439606966494749	0.427521163682234	0.215379011492809	0.234520559474401	0.273866256120814	0.48656279229518	0.539727261401643	0.150428633415815	0.448969921397686	0	0.216083932244125	0.391152159794258	0.512419280663767	0.484936124530327	0.383836429477207	0.0110442479809094	0.452738113109468	0.448969921397686	0.379108435416442	0.468036350775239	0.478836936079729	0.373203855140187	0.403274108999607	0.481007964906168	0.521597326983256	0.501638777814779	0.493905563339407	0.436530312773079	0.433282975883399	0.669550413452852	0.449251754942182	0.327162535954199	0.231763279217484	0.43602994797997	0.174711976942618	0.434553501188818	0.123113348606961	0.447613916256158	0.538693309815499	0.367978769299152	0.448875616825485	0.525919621885811
ZB_33	0.356416242059662	0.331285024888134	0.537574914143341	0.384375826659933	0.327638403173534	0.387459210236856	0.373078045386187	0.343178202305617	0.321663473677705	0.363907541579111	0.273397143905065	0.203935302091917	0.502526070115042	0.270079625181907	0.399812423346079	0.327669913443391	0.330298639460283	0.382062381261573	0.3329027338063	0.379947731166856	0.468223246377703	0.405740326575764	0.338524202159865	0.441363918051493	0.15602699813342	0.36243766957542	0.366060052687603	0.387201460262266	0.507763375336855	0.108374205020112	0.347921047127335	0.216083932244125	0	0.487187889565154	0.396802799058937	0.34399327857435	0.409273020224611	0.216419014165877	0.352660995263855	0.347921047127335	0.248586739791439	0.33675944204612	0.343485807193705	0.433017924997688	0.293021186542578	0.345708542667603	0.568260833365212	0.516665857700549	0.349091348318308	0.322297775015066	0.329965905902057	0.527453929204732	0.349168368835716	0.231253152368288	0.35708312855356	0.458548629660389	0.309373764305808	0.336089124715155	0.295948800135854	0.346310552754946	0.388077456717138	0.394687732967799	0.34809277953302	0.415870181576884
ZB_34	0.549803239635528	0.542971428571429	0.802810209559826	0.472997015101812	0.544830817365341	0.159968066764613	0.631436197175316	0.477012678668726	0.540960686900535	0.558440406966005	0.52260939553135	0.527626207509801	0.0683795546438458	0.525835127172764	0.491726669740716	0.552271300569677	0.547236977702264	0.465059733667016	0.234896232708049	0.659880750675789	0.443790410951045	0.478040125399366	0.534474624085423	0.588734689938586	0.449520967854729	0.270022479970563	0.26865610155688	0.510561875058494	0.577123629939223	0.419848005510092	0.544908071743398	0.391152159794258	0.487187889565154	0	0.651959966859633	0.736435147654277	0.456363542133487	0.382692801955426	0.576372285683363	0.544908071743398	0.49128155496411	0.562386138450942	0.631065719830416	0.496400584550472	0.51798019093015	0.630201340664161	0.336713245614642	0.246481309320476	0.609242962876625	0.539081253754886	0.521653097589069	0.80493152645894	0.57029073162079	0.469258966755577	0.206052761140256	0.52076388386472	0.293901726870777	0.550809158316101	0.429053095262929	0.543659762225763	0.677332838191908	0.466232841039026	0.544821279685861	0.667455149501661
