ZB_1	ZB_2	ZB_3	ZB_4	ZB_5	ZB_6	ZB_7	ZB_8	ZB_9	ZB_10	ZB_11	ZB_12	ZB_13	ZB_14	ZB_15	ZB_16	ZB_17	ZB_18	ZB_19	ZB_20	ZB_21	ZB_22	ZB_23	ZB_24	ZB_25	ZB_26	ZB_27	ZB_28	ZB_29	ZB_30	ZB_31	ZB_32	ZB_33	ZB_34	ZB_35	ZB_36	ZB_37	ZB_38	ZB_39	ZB_40	ZB_41	ZB_42	ZB_43	ZB_44	ZB_45	ZB_46	ZB_47	ZB_48	ZB_49	ZB_50	ZB_51	ZB_52	ZB_53	ZB_54	ZB_55	ZB_56	ZB_57	ZB_58	ZB_59	ZB_60	ZB_61	ZB_62	ZB_63	ZB_64
ZB_1	0	0.281593892785894	0.838548771969303	0.326349829553091	0.294201094580444	0.433666581049664	0.404248774044116	0.370153259685701	0.247580933925901	0.164632258863346	0.322120931503522	0.313512932523627	0.450328145376198	0.271108284305931	0.178696401885274	0.240955663308019	0.258953233359018	0.293364324127245	0.396382796557251	0.30225208508311	0.182959799075363	0.125539154488262	0.219239578962093	0.873949579831933	0.273192887514496	0.475451945598302	0.378978416694078	0.211210781578609	0.454041581426328	0.428946402056424	0.258227017508887	0.424366888149117	0.295401944724147	0.42300721029359	0.303928824248665	0.21954343335949	0.308738296923763	0.451208726415094	0.0922106568541747	0.205903274854841	0.305556789904017	0.269652721838084	0.157398234108669	0.132887671977707	0.242288749273524	0.355095884507649	0.461510731095552	0.362840358697829	0.275665657682478	0.253829797011359	0.457227637144433	0.406798136953721	0.171299963294245	0.261941561787002	0.408987107925272	0.220438669237696	0.430292621925802	0.237527480736804	0.45651077609088	0.261098874625736	0.232500913416883	0.296301607996523	0.25967205776293	0.316144073656966
ZB_2	0.281593892785894	0	0.829616361699388	0.394669975977454	0.0181900100350202	0.469209129665613	0.483032623518305	0.334316116944179	0.189419663229868	0.298217801955745	0.0583891141070362	0.42172543453759	0.535187158093824	0.184069118111895	0.259722259966845	0.197432843209294	0.0527967123071148	0.31459125062219	0.439825156191534	0.0297937789650497	0.360786636852118	0.260727550404395	0.193868888539538	0.871882947583934	0.412242540269343	0.546153739323658	0.483919324066503	0.328146093135548	0.510235523706437	0.443685596863176	0.199349350113787	0.46270779914056	0.360216796545778	0.497915900977518	0.0231660714881687	0.29199481835586	0.324704265487481	0.541610445273434	0.216383539698962	0.29878972949969	0.311151162559553	0.192715244377697	0.266750907724052	0.177877715849548	0.237952068893883	0.448203746061197	0.537296714067448	0.476101976426133	0.358681798871154	0.133616240849834	0.53250763968996	0.484866019098531	0.256942983378919	0.384878317872771	0.447442003916354	0.323173580749591	0.487581313687888	0.193679573977184	0.475863491081555	0.214182021654152	0.107282314854988	0.390445407505109	0.152917284583449	0.0409346904503471
ZB_3	0.838548771969303	0.829616361699388	0	0.74794167376688	0.832518853232476	0.919156158466961	0.706796851694623	0.852558781761034	0.785859987803083	0.882351789969127	0.792537725644232	0.883390531676192	0.957020722512138	0.757482765515383	0.747565214960065	0.783977462207193	0.838059773457262	0.858647012371677	0.887327915425438	0.800891292725662	0.955731472828773	0.749688094760481	0.799465882494149	0.295673835423067	0.8550914482502	0.937815977294416	0.887073688879955	0.778199659754925	0.59371241932385	0.914694792227774	0.794498441981882	0.94498146104339	0.801591410641962	0.891400060574179	0.825842427723531	0.763788625250723	0.861762328213419	0.933574002623168	0.786377936190304	0.721234595335315	0.822470059293118	0.792131918559315	0.748034213315586	0.811871083341415	0.751676626392839	0.675426118322453	0.749820324341249	0.910745555482352	0.716221697204449	0.823235063115876	0.643653039754627	0.661170417245764	0.789231532646975	0.839028650747852	0.911270238527146	0.925897849410447	0.935305644091129	0.78880038005073	0.932139595296259	0.825933762142406	0.810610693976343	0.865902041096125	0.804196147196233	0.828873777655843
ZB_4	0.326349829553091	0.394669975977454	0.74794167376688	0	0.403847466885156	0.441670170051241	0.413580120917207	0.287568658306573	0.251093393195804	0.34487830236126	0.368264372524921	0.352960952717644	0.43929823635542	0.308078657739362	0.249918969289361	0.245038978064597	0.421465014577259	0.350503487226901	0.397781237718959	0.386597301764758	0.408265042622701	0.230280925231709	0.27533987533365	0.826539937047223	0.258975367612625	0.433842808920404	0.388615327286883	0.160429722470904	0.38490599820949	0.414331116438068	0.28857337257865	0.423841349841131	0.260420294077933	0.40155053796409	0.413919210757109	0.246825781291344	0.362999467760058	0.414081700220295	0.26197429536243	0.167079631251825	0.357172107269489	0.271326032597234	0.279459015784893	0.309786344542038	0.202988851679034	0.449242898260543	0.503993042526234	0.378440998114522	0.161743606496585	0.35974137681788	0.471377676927763	0.375001042839862	0.271398843159251	0.306773098624662	0.452760886666208	0.388663257119936	0.429355846861707	0.270650758048728	0.445735820964965	0.283947873286229	0.361989933489125	0.260907734889713	0.281891592336518	0.422804861395603
ZB_5	0.294201094580444	0.0181900100350202	0.832518853232476	0.403847466885156	0	0.456329572808213	0.491493007572826	0.318616325520557	0.203106286713686	0.310983227180569	0.0409438735426291	0.407465087678174	0.521896958306899	0.197968530636982	0.242480947592777	0.21098416440127	0.0352478612214253	0.326408596974132	0.427236288594333	0.0469253218611087	0.372413934342297	0.273624336130228	0.207697745296101	0.874118428238585	0.397583839450753	0.533818484827443	0.470470306774477	0.339621698127721	0.518679706031936	0.430984433137997	0.182391978372764	0.449573680895048	0.345820961321525	0.48526315489571	0.0409346904503471	0.303809359194992	0.307462953113414	0.529021577676233	0.230637530975445	0.310225290564236	0.296437777056263	0.175830275839781	0.279545177728796	0.192832128448258	0.250523781928409	0.457831893350935	0.545607124369095	0.462391716422057	0.369306121839947	0.115986788827667	0.540762447019157	0.493266988597764	0.238974574762498	0.369848688418623	0.434520363004711	0.335485060107723	0.474735992641636	0.207352649183633	0.462781140912907	0.227604190704758	0.123520858506216	0.400099139483548	0.167385886370979	0.022744680415327
ZB_6	0.433666581049664	0.469209129665613	0.919156158466961	0.441670170051241	0.456329572808213	0	0.605934340328175	0.375120006254398	0.419223554683795	0.494527028364442	0.453817904162785	0.211093219889737	0.156955189923729	0.426459012878823	0.443824431570735	0.438621673292265	0.430460253472927	0.468377121007444	0.136475670023527	0.46177524724872	0.468215515326522	0.470818388274217	0.433082038816983	0.924754723364389	0.327110894849426	0.119289740773142	0.18089681403732	0.509104813484527	0.666725151878785	0.0977397992430687	0.436790731371506	0.158876839182319	0.261473414799388	0.0561631947375708	0.485313650996201	0.503843098881651	0.442647154260497	0.17849018383269	0.464518335231324	0.478650946214689	0.322027121680811	0.410563529875884	0.488608134895742	0.458238137152408	0.453546480548264	0.619166927654244	0.674093371485264	0.162438682075673	0.548077242261741	0.396248704983687	0.687335513708256	0.629070563986806	0.468851840965149	0.307162432412414	0.0780194305565646	0.48435102172684	0.16748886978612	0.434129590831603	0.165802756085464	0.410843635196011	0.447167973280141	0.390864220920699	0.434394176392733	0.472434094138801
ZB_7	0.404248774044116	0.483032623518305	0.706796851694623	0.413580120917207	0.491493007572826	0.605934340328175	0	0.520555557627542	0.337622194540042	0.428190937718025	0.4875335980342	0.507542490256498	0.635920479123798	0.41702644688348	0.364420055837075	0.331775601402385	0.507676115382557	0.472024194353205	0.53225448287348	0.455455485456534	0.498892199196727	0.348490470104849	0.342634677960849	0.743291911555526	0.444168895930684	0.573436884318635	0.558221680876979	0.337021288631607	0.632132057476823	0.576028693047454	0.354707990635812	0.579377207226463	0.432766193989994	0.59728892331526	0.472049309219462	0.247152941176471	0.482971952053776	0.59000538378711	0.358348523175359	0.276884065504414	0.41314302380692	0.357098065896413	0.295482173723099	0.384754286937214	0.332952027794197	0.101978681806901	0.67683800652424	0.581151531154578	0.339186031416331	0.416774038653915	0.605506852100165	0.0665842046303211	0.397443566413752	0.471411166819115	0.588363168996329	0.475910988647841	0.569382982321242	0.336743211474907	0.630655643430889	0.374198052763552	0.427916984511293	0.415919686011038	0.368698784996492	0.480869938151776
ZB_8	0.370153259685701	0.334316116944179	0.852558781761034	0.287568658306573	0.318616325520557	0.375120006254398	0.520555557627542	0	0.27812033199681	0.273247273921233	0.281769010499523	0.35773244572217	0.373205418141376	0.272021743896815	0.226857672469375	0.274469087414498	0.339446177045135	0.192385124509651	0.377476506853415	0.326743336282165	0.338042407589818	0.280129754996776	0.318895643363728	0.910060132362832	0.352133588464716	0.377104281646128	0.390480611134174	0.386970363042148	0.53085023338803	0.395142912755094	0.268444537457117	0.344785188732358	0.268411162920175	0.36802731998151	0.353947042811185	0.367897119601811	0.171302296645757	0.391878756305511	0.33002501154992	0.316627793243548	0.338976988196018	0.251262583719877	0.30782516644845	0.27315441650548	0.26717511069434	0.488409298031272	0.619295683284317	0.41964608396959	0.4031750808818	0.283957084159924	0.589894101775318	0.487504564542633	0.297183268858801	0.337321591900113	0.383787359062313	0.29909101906095	0.365658086110423	0.30957702697702	0.337034944296199	0.260383671821626	0.295981485377656	0.209111448876474	0.290202236918744	0.338247251387563
ZB_9	0.247580933925901	0.189419663229868	0.785859987803083	0.251093393195804	0.203106286713686	0.419223554683795	0.337622194540042	0.27812033199681	0	0.26369465782505	0.205645700530469	0.369975665301163	0.493143735781759	0.136511740518536	0.172129810487396	0.0326040882706598	0.229245959512383	0.229665112552526	0.379231562397602	0.182870768419484	0.329341474624122	0.193875028766738	0.0641451913776427	0.830333701810142	0.304583659637739	0.447538161228919	0.438601528899779	0.17904274177664	0.440727734544804	0.382754225715413	0.0719515157607284	0.38690840578423	0.279387618795831	0.450411138273399	0.210895140269323	0.165369150123155	0.262004796956414	0.474642030092508	0.177834679272536	0.130628982398587	0.211291711517761	0.0304448754238475	0.176881822578416	0.137434617994003	0.0597495802187124	0.372823683846898	0.514841267099627	0.444676234172828	0.227388387693731	0.140458930836214	0.482939235871217	0.340268752760078	0.198552205610847	0.327950025295926	0.416703039561585	0.289878099490075	0.428628465077425	0.040451844687025	0.45969008289613	0.0745940708829661	0.134046617942889	0.301798798186297	0.0566424453544423	0.224219150998992
ZB_10	0.164632258863346	0.298217801955745	0.882351789969127	0.34487830236126	0.310983227180569	0.494527028364442	0.428190937718025	0.273247273921233	0.26369465782505	0	0.339194242795638	0.421485211770454	0.458072036711868	0.288022359190131	0.19340222003788	0.256955824605884	0.335269594768143	0.167480186576406	0.489177584776375	0.319126545645883	0.0891570562358816	0.13881280876443	0.234834976893126	0.921411892423342	0.387219614391028	0.48343288590604	0.479479720656337	0.227931324743115	0.481482585581557	0.520377882953948	0.274513524703285	0.434623509488643	0.367964652309172	0.484342366072022	0.321383873443914	0.235666425463533	0.18792780641005	0.462372831938577	0.104431525373198	0.22122533633325	0.377073705415334	0.28611138224148	0.171928424603916	0.146377355809729	0.258312133223401	0.378858483029844	0.491238146901309	0.470201963463204	0.294233202999566	0.270046386898847	0.486100492528852	0.430740278390479	0.186446409464397	0.377945232860284	0.50395612649245	0.0667848388587608	0.440652613979453	0.253467060154881	0.463978642783328	0.223665689826245	0.248752571603994	0.177360040686984	0.275981096831395	0.333727907595896
ZB_11	0.322120931503522	0.0583891141070362	0.792537725644232	0.368264372524921	0.0409438735426291	0.453817904162785	0.4875335980342	0.281769010499523	0.205645700530469	0.339194242795638	0	0.426654362645489	0.536358861102969	0.157987403048738	0.20201569227305	0.213342694542267	0.073411312849162	0.285943341654405	0.44367350872121	0.0533243819051795	0.398109738851702	0.232680462587599	0.238362593945875	0.860831306722721	0.417619973004279	0.530103275205759	0.486673340516039	0.339019854612394	0.478214450712209	0.447455537164376	0.21368635587463	0.466033567637355	0.345190086216485	0.455567236766755	0.0802025392036705	0.304033931292804	0.266997697793687	0.542537755200375	0.262138210615631	0.271949764060004	0.319922371636184	0.178995973194253	0.280355046835802	0.225880707708746	0.211804781646087	0.454414686725637	0.563986541812354	0.479151524940106	0.356432807594147	0.151110619789503	0.535316100540578	0.454991462093531	0.269769662899538	0.391319555680503	0.451164892265115	0.36269287577386	0.490108156068196	0.237691643868314	0.478784639656119	0.229603471269981	0.159407309638289	0.398235831873661	0.170783477656517	0.0627572986392634
ZB_12	0.313512932523627	0.42172543453759	0.883390531676192	0.352960952717644	0.407465087678174	0.211093219889737	0.507542490256498	0.35773244572217	0.369975665301163	0.421485211770454	0.426654362645489	0	0.23965367175326	0.360580984101913	0.33511625131549	0.382317122675976	0.378822373427782	0.434041459653932	0.210958372560495	0.419615731867645	0.391510164530772	0.382925938382644	0.350372137271087	0.875455313358789	0.200754535238401	0.217350345695369	0.125446036852881	0.427558094174657	0.607131482230342	0.219117166840612	0.349961791957207	0.248204246573989	0.123138857786812	0.215687312452648	0.439556487478446	0.391115098584836	0.395381727294758	0.272742778794618	0.365724460437003	0.378588114597847	0.241639570733022	0.360831814482773	0.368252584700914	0.377317224825033	0.408979396453717	0.519709098441916	0.573061995174656	0.150292970893104	0.435320810468552	0.336850962864868	0.61404125297782	0.536516362159399	0.335487992784396	0.121563418884786	0.166439304338476	0.408180448121549	0.243907723011476	0.345508890676579	0.276223992499292	0.413864785165574	0.393633090547923	0.312094017726351	0.394353445273921	0.425296140619029
ZB_13	0.450328145376198	0.535187158093824	0.957020722512138	0.43929823635542	0.521896958306899	0.156955189923729	0.635920479123798	0.373205418141376	0.493143735781759	0.458072036711868	0.536358861102969	0.23965367175326	0	0.500662289250099	0.46301630790177	0.499294030142392	0.49520283939238	0.468601185257916	0.217430854176738	0.545205655940993	0.430714833664978	0.507349119212338	0.493687613866721	0.954282073948942	0.298041566885118	0.119643870476566	0.176441602125312	0.512850507015241	0.68346855087149	0.201647025231025	0.490068467383944	0.205953654671777	0.314643739138388	0.155177860184041	0.551805144902381	0.526353972199921	0.431082814315305	0.134247452382223	0.494640522875817	0.513444420685099	0.398044938072242	0.483597672028415	0.51097517575725	0.502101840367403	0.522272315725501	0.65101630768084	0.672638797530227	0.146918803576027	0.534139364885981	0.464267782961999	0.706616963083288	0.660022615760801	0.429635935557637	0.299701327973985	0.173276974356217	0.445843486657966	0.186931880034836	0.488095238095238	0.145655574891455	0.501338156909741	0.516921915823742	0.350101334418108	0.51319611918757	0.538514945115455
ZB_14	0.271108284305931	0.184069118111895	0.757482765515383	0.308078657739362	0.197968530636982	0.426459012878823	0.41702644688348	0.272021743896815	0.136511740518536	0.288022359190131	0.157987403048738	0.360580984101913	0.500662289250099	0	0.148441597762076	0.165587880804646	0.224502815093948	0.187649353387686	0.435208202040007	0.15534404913817	0.320947877380441	0.170162825673079	0.171872819940415	0.812042137732061	0.391482120651586	0.48220149587294	0.430531228932607	0.290290012785554	0.42193408733298	0.442373578585491	0.176221797018257	0.460395451847116	0.295201020528429	0.428339535382307	0.205738770062867	0.208739691905379	0.2069110667268	0.52823585119305	0.202758386869626	0.172588433417881	0.295441571928666	0.161205453240851	0.177095739409377	0.17852879962425	0.143315578244134	0.374333875216246	0.488240169118201	0.452324474350906	0.267780816703148	0.153510441041918	0.485177908563778	0.378833080242801	0.222862820518288	0.344083714977244	0.418532656341321	0.280990600112568	0.484294059296815	0.133987644768474	0.469285533986783	0.190244341521693	0.127660752463778	0.339763853989354	0.14144607355764	0.219269039271494
ZB_15	0.178696401885274	0.259722259966845	0.747565214960065	0.249918969289361	0.242480947592777	0.443824431570735	0.364420055837075	0.226857672469375	0.172129810487396	0.19340222003788	0.20201569227305	0.33511625131549	0.46301630790177	0.148441597762076	0	0.180187191170133	0.267835901823271	0.194834062869428	0.42853078704054	0.252307267412869	0.2653161036657	0.0633885545779291	0.197889981196603	0.814374935041621	0.298230814914567	0.465835392818966	0.395809414466131	0.200883854441073	0.364059788442351	0.458924355207901	0.182269547452486	0.456181422401673	0.256898621927979	0.402590920507751	0.281280694466552	0.185854143762107	0.141090166217848	0.481188075253984	0.125624766525281	0.123196958645536	0.293574023695854	0.163121329914813	0.123545298076878	0.14860170980743	0.150512328161906	0.313831646777592	0.469207366044011	0.401834989200864	0.224896669097982	0.199953257041171	0.434304638264501	0.321849066912683	0.0836805638800316	0.28803444716068	0.441170630611624	0.244949638380855	0.461434006658156	0.193622787771806	0.468119023990675	0.207016937289443	0.210503803086514	0.261384013132971	0.20755361317207	0.264039382092484
ZB_16	0.240955663308019	0.197432843209294	0.783977462207193	0.245038978064597	0.21098416440127	0.438621673292265	0.331775601402385	0.274469087414498	0.0326040882706598	0.256955824605884	0.213342694542267	0.382317122675976	0.499294030142392	0.165587880804646	0.180187191170133	0	0.23686542739993	0.222802204889627	0.376843174173348	0.190788442946506	0.323203455937242	0.186693267519155	0.0811047899170505	0.828801979852905	0.311573825055142	0.458337237029403	0.449994433753718	0.171529155053381	0.435745182178575	0.375171784755614	0.0806297590028397	0.407287329719123	0.292339695251963	0.456262879320392	0.218908320248749	0.158023726495436	0.250218612843975	0.485361895292294	0.170310036087688	0.122986257546894	0.207367098297789	0.039237986920671	0.169450834814737	0.129540224300221	0.0660578646411197	0.36716162989299	0.510461326640873	0.456170406989078	0.220596284149296	0.148854698915277	0.478271288647217	0.334468991442258	0.206832570245591	0.341140209105082	0.427592230486305	0.283378903057957	0.421353622910038	0.0721501214167132	0.478648626624856	0.0835560861253125	0.142784846427321	0.296077919612775	0.050864021278675	0.232097028686577
ZB_17	0.258953233359018	0.0527967123071148	0.838059773457262	0.421465014577259	0.0352478612214253	0.430460253472927	0.507676115382557	0.339446177045135	0.229245959512383	0.335269594768143	0.073411312849162	0.378822373427782	0.49520283939238	0.224502815093948	0.267835901823271	0.23686542739993	0	0.348954405082195	0.401950835100291	0.0795696282245244	0.3945350008891	0.298214719455915	0.234087998177751	0.878380789334831	0.368141008714022	0.509042427609194	0.443457193906908	0.361525932977347	0.534789999212005	0.405473426511427	0.209322334313103	0.423193060595575	0.316906111017466	0.459849397847808	0.0747396913836366	0.32638681858835	0.330642891718168	0.503736124182191	0.257755912512596	0.33210304549576	0.266885109033442	0.202864655156563	0.303939841404207	0.221283069567107	0.274561693681773	0.476189753147811	0.561428504512382	0.434853882772801	0.389616344095338	0.146218964221633	0.556492055324737	0.509339164755454	0.265483684531155	0.33966082651117	0.408566515463198	0.35890779048861	0.448935437871859	0.233460851070115	0.436504499727512	0.253223959185495	0.154414873649062	0.418593800223272	0.195003049188618	0.0571908402979472
ZB_18	0.293364324127245	0.31459125062219	0.858647012371677	0.350503487226901	0.326408596974132	0.468377121007444	0.472024194353205	0.192385124509651	0.229665112552526	0.167480186576406	0.285943341654405	0.434041459653932	0.468601185257916	0.187649353387686	0.194834062869428	0.222802204889627	0.348954405082195	0	0.510746992278686	0.306379923280145	0.180354878916426	0.183980997624703	0.276327442065432	0.890688180780467	0.442084738425496	0.471128233780746	0.48859506140342	0.313965162504446	0.480259952020391	0.492753667641024	0.271491363833344	0.452692853072529	0.382700229159676	0.45635708196956	0.336527901776896	0.294639573969207	0.0895999677189938	0.520490529398759	0.243997863408052	0.233945476858345	0.370651511207932	0.252518402117277	0.217962821659122	0.175757719714964	0.175788225231144	0.430383065176787	0.537296612300965	0.49558419044629	0.334778225806452	0.288592667915879	0.54975915063735	0.432319877817045	0.274491188512431	0.434293470843615	0.475747421945088	0.13212472651214	0.480336697289225	0.266052614976973	0.468810967571843	0.228826947043233	0.269510494943522	0.243336639395395	0.26409946425762	0.347967031473839
ZB_19	0.396382796557251	0.439825156191534	0.887327915425438	0.397781237718959	0.427236288594333	0.136475670023527	0.53225448287348	0.377476506853415	0.379231562397602	0.489177584776375	0.44367350872121	0.210958372560495	0.217430854176738	0.435208202040007	0.42853078704054	0.376843174173348	0.401950835100291	0.510746992278686	0	0.437744738301579	0.506820478817569	0.454456878962994	0.360689676482403	0.910993294965981	0.244303580061576	0.134633610544485	0.181970560545533	0.44892177708321	0.655740852405509	0.0614941496418566	0.347921938326528	0.119535532170891	0.236821352374082	0.153881288403198	0.455566201399204	0.431188381214884	0.479188293509677	0.115574767768973	0.441668620371673	0.419962860631369	0.222115411108832	0.35766528683387	0.444265561292153	0.416780478070258	0.413691231591063	0.584216954421807	0.655578725538755	0.182720595335423	0.469502912515155	0.366715260611439	0.650333257581182	0.55683610005599	0.431882672066802	0.256345258390372	0.077103881274908	0.508049378353908	0.0885117258161078	0.357791053921569	0.194190043582346	0.390362938793948	0.41641086934869	0.411116662657217	0.373171396644028	0.442977333802002
ZB_20	0.30225208508311	0.0297937789650497	0.800891292725662	0.386597301764758	0.0469253218611087	0.46177524724872	0.455455485456534	0.326743336282165	0.182870768419484	0.319126545645883	0.0533243819051795	0.419615731867645	0.545205655940993	0.15534404913817	0.252307267412869	0.190788442946506	0.0795696282245244	0.306379923280145	0.437744738301579	0	0.379831218505252	0.2530819835259	0.195030964659311	0.842447895839665	0.426184499276556	0.525707936948823	0.481139296520876	0.319848307961126	0.499642936583196	0.455155820219935	0.20039153208534	0.47415539758255	0.336355561894636	0.490358928016718	0.0522696456398114	0.263866438918886	0.316511825944196	0.53832062608189	0.239730435310546	0.271310392199318	0.310507847724095	0.186237008424328	0.237315855979782	0.202371845465768	0.230989196413239	0.418768694316928	0.532616922672171	0.487742959861627	0.357194053920873	0.158214055671908	0.50271386072491	0.457386681798159	0.278433267718856	0.383177913086996	0.445214397190231	0.343338797482444	0.484880175785994	0.194831348182794	0.486987711417253	0.207258332624612	0.133879748244389	0.382058181740006	0.146732281333838	0.0690043179884376
ZB_21	0.182959799075363	0.360786636852118	0.955731472828773	0.408265042622701	0.372413934342297	0.468215515326522	0.498892199196727	0.338042407589818	0.329341474624122	0.0891570562358816	0.398109738851702	0.391510164530772	0.430714833664978	0.320947877380441	0.2653161036657	0.323203455937242	0.3945350008891	0.180354878916426	0.506820478817569	0.379831218505252	0	0.215593723603041	0.303054837887995	0.951507355896776	0.411347603401624	0.459947764850185	0.454401940660571	0.302633348441757	0.555999403785959	0.496751689843858	0.339195763179685	0.452966125899692	0.424315063346308	0.46707986393706	0.383952708340286	0.306138463128812	0.201207400803891	0.48122453904132	0.184277774228582	0.290658592816866	0.432611980092428	0.349759589881132	0.247675516790319	0.222483837902023	0.324438840071074	0.455659449826919	0.501684027390538	0.439751210034375	0.365057327968871	0.335126902231692	0.564104164391256	0.501126326953943	0.26214341953849	0.402234979514732	0.478641668651536	0.0555726771779731	0.458929384885392	0.32002573945459	0.486530437348094	0.292881371576251	0.317472245004559	0.250704197801338	0.34053249089704	0.395158614757623
ZB_22	0.125539154488262	0.260727550404395	0.749688094760481	0.230280925231709	0.273624336130228	0.470818388274217	0.348490470104849	0.280129754996776	0.193875028766738	0.13881280876443	0.232680462587599	0.382925938382644	0.507349119212338	0.170162825673079	0.0633885545779291	0.186693267519155	0.298214719455915	0.183980997624703	0.454456878962994	0.2530819835259	0.215593723603041	0	0.196980948534553	0.819914129005038	0.348238569520992	0.507035493793495	0.440981903668471	0.149836677103869	0.346763054603269	0.484932719385729	0.236831135599166	0.483522056712705	0.305441420005361	0.429938055831044	0.282928272437602	0.161650753642644	0.202470052929706	0.508619431631442	0.0673210295623402	0.0956964158403007	0.340709021610077	0.217790091803821	0.0944696398311311	0.108810587549219	0.138761149347242	0.294006403097312	0.433848650065002	0.431195960386082	0.202202716591206	0.232335309453827	0.396620879397745	0.303488797739837	0.147069118457961	0.338768790319795	0.467873014083448	0.194549916183629	0.488558009077787	0.215670305991737	0.509767969377629	0.2064017900286	0.209999475230898	0.241461816230576	0.206977943426839	0.295437761226863
ZB_23	0.219239578962093	0.193868888539538	0.799465882494149	0.27533987533365	0.207697745296101	0.433082038816983	0.342634677960849	0.318895643363728	0.0641451913776427	0.234834976893126	0.238362593945875	0.350372137271087	0.493687613866721	0.171872819940415	0.197889981196603	0.0811047899170505	0.234087998177751	0.276327442065432	0.360689676482403	0.195030964659311	0.303054837887995	0.196980948534553	0	0.845187823919754	0.301314611749366	0.452630802653695	0.422171754134354	0.181944754339774	0.468548795020619	0.379896795723511	0.073820123147248	0.393170853996792	0.29891285325269	0.456003140567798	0.215693287218991	0.167052896293054	0.287982000865023	0.445461688352505	0.14560969397038	0.131643247228676	0.203482317046338	0.092264971226095	0.200367247125987	0.126776447329993	0.121443442054129	0.378646505299404	0.474755285469961	0.428806420588333	0.197485155431366	0.144290088478799	0.470659110178946	0.345311682855943	0.192032556093269	0.305830888671586	0.399056395042646	0.283261069799834	0.397326918788033	0.0417916619014524	0.468010616940301	0.112746751057041	0.137923042255939	0.326645214209098	0.0795545759170308	0.229147755146187
ZB_24	0.873949579831933	0.871882947583934	0.295673835423067	0.826539937047223	0.874118428238585	0.924754723364389	0.743291911555526	0.910060132362832	0.830333701810142	0.921411892423342	0.860831306722721	0.875455313358789	0.954282073948942	0.812042137732061	0.814374935041621	0.828801979852905	0.878380789334831	0.890688180780467	0.910993294965981	0.842447895839665	0.951507355896776	0.819914129005038	0.845187823919754	0	0.884114398980603	0.934197841127085	0.879647789264516	0.812685218648356	0.720403327379724	0.919847292588521	0.838345036719551	0.971134980970398	0.840653601647154	0.924604131762681	0.868973470798248	0.795381846778824	0.893208838149961	0.960110681629669	0.838356675815305	0.803658231715786	0.860844361806847	0.835431692341199	0.781093217714463	0.845549031517851	0.829110235467063	0.714140318003815	0.713526770800231	0.904872775652752	0.806486448119569	0.866961486556628	0.686986089153353	0.744759600628306	0.823393663334408	0.868270517417722	0.906131888291125	0.918928484643585	0.961180753413076	0.833742056042199	0.95843474639143	0.871857392909704	0.857198252807987	0.899241637278811	0.847860545472844	0.871310711588824
ZB_25	0.273192887514496	0.412242540269343	0.8550914482502	0.258975367612625	0.397583839450753	0.327110894849426	0.444168895930684	0.352133588464716	0.304583659637739	0.387219614391028	0.417619973004279	0.200754535238401	0.298041566885118	0.391482120651586	0.298230814914567	0.311573825055142	0.368141008714022	0.442084738425496	0.244303580061576	0.426184499276556	0.411347603401624	0.348238569520992	0.301314611749366	0.884114398980603	0	0.301435097118159	0.213417757541263	0.292316513304851	0.544748591760357	0.277675920111332	0.285891784002695	0.264909455133538	0.21263009597605	0.316057787528618	0.430571692632691	0.321250813942175	0.402781875036875	0.251659084056871	0.329210464844662	0.308707036190561	0.248459522871675	0.295505063861114	0.352121478406448	0.342386660112678	0.325613502966919	0.508647248150572	0.57296041211714	0.201910508888114	0.323924964593198	0.324093710591286	0.567712020387937	0.476570035666485	0.248628025936891	0.093004177502021	0.303065948002536	0.427600690426373	0.272383819552637	0.296638597182831	0.289714760235151	0.335575542836377	0.382582902612742	0.273241716954969	0.332053905014772	0.415912991814101
ZB_26	0.475451945598302	0.546153739323658	0.937815977294416	0.433842808920404	0.533818484827443	0.119289740773142	0.573436884318635	0.377104281646128	0.447538161228919	0.48343288590604	0.530103275205759	0.217350345695369	0.119643870476566	0.48220149587294	0.465835392818966	0.458337237029403	0.509042427609194	0.471128233780746	0.134633610544485	0.525707936948823	0.459947764850185	0.507035493793495	0.452630802653695	0.934197841127085	0.301435097118159	0	0.187011707372282	0.502418237514776	0.699404256370504	0.142188881869867	0.450050954609814	0.137442229996465	0.28343317734982	0.123980675947729	0.561577668217485	0.468602333654593	0.436437766123596	0.0900771503611294	0.515336129162259	0.456678103873723	0.326402383924227	0.438726705927269	0.495767290782555	0.521695682387017	0.481021847859398	0.626974946932238	0.695424405133451	0.210336574470139	0.527728793040084	0.481348022565496	0.708009736504264	0.597956200739857	0.491159610031396	0.31368324339713	0.142402305245656	0.472850988637687	0.105540350419896	0.447581493646103	0.176786178228111	0.454552473663567	0.529979029447382	0.361728187919463	0.467776510967803	0.549242413721269
ZB_27	0.378978416694078	0.483919324066503	0.887073688879955	0.388615327286883	0.470470306774477	0.18089681403732	0.558221680876979	0.390480611134174	0.438601528899779	0.479479720656337	0.486673340516039	0.125446036852881	0.176441602125312	0.430531228932607	0.395809414466131	0.449994433753718	0.443457193906908	0.48859506140342	0.181970560545533	0.481139296520876	0.454401940660571	0.440981903668471	0.422171754134354	0.879647789264516	0.213417757541263	0.187011707372282	0	0.445640156516977	0.619540393206054	0.189939108330826	0.406618705035971	0.244169592958725	0.21355264674182	0.185534164634731	0.50073589533933	0.447033146367433	0.452759645945115	0.185268620868381	0.426280961014459	0.434585528367223	0.273322081630131	0.429407801721275	0.427823037981687	0.43566043987198	0.461255974634423	0.571309887424732	0.587662520402994	0.0958554013669852	0.452862021718236	0.408531035934641	0.62662911617987	0.584607328801853	0.357494803854595	0.169210766021215	0.135815950755336	0.468208259879602	0.254348056248015	0.417027205635802	0.189540770021983	0.466803633912234	0.461858107561011	0.375394013439218	0.460073802120406	0.487286878047303
ZB_28	0.211210781578609	0.328146093135548	0.778199659754925	0.160429722470904	0.339621698127721	0.509104813484527	0.337021288631607	0.386970363042148	0.17904274177664	0.227931324743115	0.339019854612394	0.427558094174657	0.512850507015241	0.290290012785554	0.200883854441073	0.171529155053381	0.361525932977347	0.313965162504446	0.44892177708321	0.319848307961126	0.302633348441757	0.149836677103869	0.181944754339774	0.812685218648356	0.292316513304851	0.502418237514776	0.445640156516977	0	0.372503455598069	0.48002199526731	0.223603852376394	0.47832127784882	0.351568261995851	0.499545196134167	0.349874590609752	0.14479236169193	0.328713595333859	0.469129956822336	0.157068165639805	0.131690786367045	0.331663567756754	0.204036683231553	0.180976824509346	0.193608077961724	0.173041396429563	0.376407073914578	0.410763639414933	0.43581503619273	0.123425133755763	0.285285913528591	0.372017893947419	0.339977098018603	0.170374271605415	0.342365703768405	0.50581133715066	0.280989542380877	0.48350922632854	0.201496665606746	0.514963771585432	0.19158882685563	0.284774548498983	0.297405163615834	0.192741734167735	0.360979061860587
ZB_29	0.454041581426328	0.510235523706437	0.59371241932385	0.38490599820949	0.518679706031936	0.666725151878785	0.632132057476823	0.53085023338803	0.440727734544804	0.481482585581557	0.478214450712209	0.607131482230342	0.68346855087149	0.42193408733298	0.364059788442351	0.435745182178575	0.534789999212005	0.480259952020391	0.655740852405509	0.499642936583196	0.555999403785959	0.346763054603269	0.468548795020619	0.720403327379724	0.544748591760357	0.699404256370504	0.619540393206054	0.372503455598069	0	0.672632457990135	0.475890959367713	0.693020707790074	0.518130110855301	0.631680974799225	0.532172174861143	0.446872169677416	0.491878298153034	0.687820733213635	0.38402146370547	0.363851004138774	0.547229481835912	0.457319493838392	0.401050669705368	0.432800434815203	0.394145683334289	0.601808316494527	0.200496687563598	0.628225891260911	0.370709337015212	0.49165802195279	0.147924657193075	0.594608483097692	0.393176815847395	0.538028136063758	0.673920663128832	0.53103384039179	0.69595885059467	0.461358681359699	0.675117295968849	0.4784942078306	0.483272402377386	0.515317975552033	0.469143060604304	0.540238140531643
ZB_30	0.428946402056424	0.443685596863176	0.914694792227774	0.414331116438068	0.430984433137997	0.0977397992430687	0.576028693047454	0.395142912755094	0.382754225715413	0.520377882953948	0.447455537164376	0.219117166840612	0.201647025231025	0.442373578585491	0.458924355207901	0.375171784755614	0.405473426511427	0.492753667641024	0.0614941496418566	0.455155820219935	0.496751689843858	0.484932719385729	0.379896795723511	0.919847292588521	0.277675920111332	0.142188881869867	0.189939108330826	0.48002199526731	0.672632457990135	0	0.366849671292025	0.149991455101305	0.275456883550983	0.130886564346088	0.459567056481712	0.475876899066885	0.477785582175709	0.17464729257463	0.458975033180577	0.451054559739537	0.241145477756926	0.360983825448366	0.489534192750336	0.430082888838805	0.41251822723687	0.627108623679647	0.662117215276981	0.172319999476291	0.500592268856906	0.370133273207027	0.692486804864989	0.599395268691763	0.463232808744864	0.311816904786377	0.0612639000492496	0.498209257799302	0.142021094965284	0.386754849927072	0.212198080614203	0.403918301844609	0.420301159665812	0.442217576679512	0.376624711951953	0.446865892756533
ZB_31	0.258227017508887	0.199349350113787	0.794498441981882	0.28857337257865	0.182391978372764	0.436790731371506	0.354707990635812	0.268444537457117	0.0719515157607284	0.274513524703285	0.21368635587463	0.349961791957207	0.490068467383944	0.176221797018257	0.182269547452486	0.0806297590028397	0.209322334313103	0.271491363833344	0.347921938326528	0.20039153208534	0.339195763179685	0.236831135599166	0.073820123147248	0.838345036719551	0.285891784002695	0.450050954609814	0.406618705035971	0.223603852376394	0.475890959367713	0.366849671292025	0	0.384352485633408	0.268072069189761	0.467119204320751	0.220552746933851	0.185630177453674	0.251350626302648	0.444737431813926	0.189915125586531	0.151517777915351	0.153443163339637	0.0419043550373181	0.197430054973445	0.150108680651394	0.106939887327431	0.389612644739406	0.501992478608888	0.428451731243914	0.215220980201888	0.118090268166794	0.497615558586107	0.357238077550094	0.175825455423682	0.306556466276083	0.399053613351725	0.300312241236544	0.397284698970638	0.0504229988572208	0.44442714534298	0.100252420440973	0.145626505072015	0.338290231800059	0.102763212208649	0.203595375192828
ZB_32	0.424366888149117	0.46270779914056	0.94498146104339	0.423841349841131	0.449573680895048	0.158876839182319	0.579377207226463	0.344785188732358	0.38690840578423	0.434623509488643	0.466033567637355	0.248204246573989	0.205953654671777	0.460395451847116	0.456181422401673	0.407287329719123	0.423193060595575	0.452692853072529	0.119535532170891	0.47415539758255	0.452966125899692	0.483522056712705	0.393170853996792	0.971134980970398	0.264909455133538	0.137442229996465	0.244169592958725	0.47832127784882	0.693020707790074	0.149991455101305	0.384352485633408	0	0.273447056257764	0.196975953749881	0.479130622517575	0.474027803869998	0.440276703617771	0.117428521990493	0.47086542640624	0.462004439429075	0.263878238202985	0.378212223745613	0.488363709448445	0.436016440834628	0.423083384144445	0.63312586335055	0.70815725361358	0.20070218472445	0.513781642487795	0.387767153395311	0.702011286914395	0.603876235765236	0.460626988742168	0.295201773193296	0.168753190403267	0.455510745648492	0.0774214027530796	0.380760617797726	0.16080731742703	0.377248599474088	0.439761014551334	0.34977932763036	0.403192132471628	0.465996504272063
ZB_33	0.295401944724147	0.360216796545778	0.801591410641962	0.260420294077933	0.345820961321525	0.261473414799388	0.432766193989994	0.268411162920175	0.279387618795831	0.367964652309172	0.345190086216485	0.123138857786812	0.314643739138388	0.295201020528429	0.256898621927979	0.292339695251963	0.316906111017466	0.382700229159676	0.236821352374082	0.336355561894636	0.424315063346308	0.305441420005361	0.29891285325269	0.840653601647154	0.21263009597605	0.28343317734982	0.21355264674182	0.351568261995851	0.518130110855301	0.275456883550983	0.268072069189761	0.273447056257764	0	0.255767431457113	0.378217263332599	0.316184263876342	0.359472277745538	0.29729389434321	0.294263514630517	0.286694004022429	0.177317597150083	0.270870879149279	0.272081035182374	0.30924215159888	0.305998178725451	0.44257127398969	0.566141661281354	0.218657733752577	0.368443121006886	0.26987809933911	0.538383504410947	0.4638123529788	0.281988758472475	0.174846814724629	0.244727563349161	0.390440192969537	0.283932336816457	0.278255173211052	0.300458758601724	0.309084223428471	0.327240042224522	0.259162952414418	0.30647922923263	0.363821428108346
ZB_34	0.42300721029359	0.497915900977518	0.891400060574179	0.40155053796409	0.48526315489571	0.0561631947375708	0.59728892331526	0.36802731998151	0.450411138273399	0.484342366072022	0.455567236766755	0.215687312452648	0.155177860184041	0.428339535382307	0.402590920507751	0.456262879320392	0.459849397847808	0.45635708196956	0.153881288403198	0.490358928016718	0.46707986393706	0.429938055831044	0.456003140567798	0.924604131762681	0.316057787528618	0.123980675947729	0.185534164634731	0.499545196134167	0.631680974799225	0.130886564346088	0.467119204320751	0.196975953749881	0.255767431457113	0	0.513736819462607	0.494594898850218	0.421430665011247	0.172226267406935	0.454322272261694	0.43990704879938	0.345827498635274	0.441656663022659	0.478883122301522	0.476494094048776	0.450518330616905	0.610374125261027	0.673434655658809	0.167210539856201	0.511188226181255	0.428192974363954	0.678993349514251	0.59434546862897	0.458788714071345	0.301509407106441	0.118829372462103	0.48328331028901	0.179095381827232	0.464937591666916	0.203783742555504	0.443071003761093	0.478157166440085	0.379946986285583	0.456736578052871	0.501084073380799
