ZB_1	ZB_2	ZB_3	ZB_4	ZB_5	ZB_6	ZB_7	ZB_8	ZB_9	ZB_10	ZB_11	ZB_12	ZB_13	ZB_14	ZB_15	ZB_16	ZB_17	ZB_18	ZB_19	ZB_20	ZB_21	ZB_22	ZB_23	ZB_24	ZB_25	ZB_26	ZB_27	ZB_28	ZB_29	ZB_30	ZB_31	ZB_32	ZB_33	ZB_34	ZB_35	ZB_36	ZB_37	ZB_38	ZB_39	ZB_40	ZB_41	ZB_42	ZB_43	ZB_44	ZB_45	ZB_46	ZB_47	ZB_48	ZB_49	ZB_50	ZB_51	ZB_52	ZB_53	ZB_54	ZB_55	ZB_56	ZB_57	ZB_58	ZB_59	ZB_60	ZB_61	ZB_62	ZB_63	ZB_64
ZB_1	0	0.586418093977409	0.588163993097311	0.61147405873721	0.503071967189291	0.535673788414985	0.511136536215451	0.518986356798257	0.531154931516278	0.536648399110696	0.527640046595475	0.358994319514292	0.481726624832323	0.60294523114338	0.602903120890309	0.300372233357408	0.527832036763129	0.642165442393853	0.590664457664985	0.707410917629751	0.55770970281801	0.544302010067511	0.50152717054568	0.490728986131196	0.407239358967283	0.584741069686246	0.466072613262478	0.562727864247131	0.611936798288043	0.544539354035822	0.396746455334519	0.618605112876496	0.569562709325252	0.599667134401739	0.588297854550927	0.523020811726475	0.583789712388561	0.627378188811232	0.508138019574557	0.517397205402525	0.574912726917417	0.431027012688448	0.723581032754065	0.526177651014347	0.536753163980697	0.712487769035745	0.481868360364448	0.418593032296744	0.482472383022827	0.512318705654442	0.533278709819243	0.495205780489091	0.468845315904139	0.56228337591096	0.501845706304282	0.555122066786141	0.599504746889673	0.454810436694993	0.548930175690402	0.48051257099463	0.503071967189291	0.566504248659877	0.480262774936593	0.483493516281166
ZB_2	0.586418093977409	0	0.390810082821663	0.262624331306063	0.264257875272166	0.641570270865027	0.421736201742938	0.471352409482215	0.36483182817785	0.3640396188662	0.337494381111692	0.497735424247978	0.612961191230557	0.42429733227732	0.424230598326926	0.486525963247933	0.412288184712145	0.432676382281985	0.626141272481422	0.451196834654958	0.422401279274664	0.410204583872933	0.39171206331138	0.463006049325268	0.527765383949146	0.624874518413562	0.407408541460411	0.330631952368754	0.426983495485069	0.629883080995186	0.436042869478354	0.58624980043052	0.410738831080787	0.643643741063207	0.285559354652974	0.388417670270726	0.393804283709294	0.614539025499937	0.304675100314453	0.407528555544324	0.33280901910484	0.380853566660939	0.521323383886881	0.323119777158774	0.438499973622928	0.614428641083112	0.530642363266769	0.566786315818538	0.426189829967271	0.279575373432029	0.452490434544958	0.468649640617831	0.375877465353384	0.540050461398776	0.624445765174242	0.35090125639911	0.627021715096838	0.505980422205321	0.55624741521919	0.433589903424849	0.264257875272166	0.317578562186962	0.334038250571644	0.333431206319011
ZB_3	0.588163993097311	0.390810082821663	0	0.378846258012097	0.44780812107704	0.557333059369443	0.202876300049526	0.412483500733098	0.446266600651396	0.323206529878688	0.260553514896809	0.601330845900413	0.594587263001815	0.278300866234484	0.310221288878926	0.551135620778089	0.366649726957344	0.275705366316289	0.508322903629537	0.427163163792934	0.361944279786603	0.374476300650325	0.488688488532523	0.253861227503171	0.477766198352936	0.53622445580027	0.508455021719741	0.342589027382039	0.374661302564466	0.539784235703102	0.482527976176628	0.434461122838615	0.348023807309588	0.533370167752244	0.269185718130575	0.153766489261737	0.330467253772247	0.358145732858765	0.392699390022372	0.493746331495156	0.261288593590405	0.527942232807833	0.452980074638266	0.431439661930895	0.284356406051525	0.406148960265227	0.348930901435436	0.538317908532054	0.301525760405462	0.457565269731397	0.148515816603047	0.238204447356691	0.469932056998973	0.400917520861077	0.551704247634685	0.492376271991523	0.465448580751553	0.602221268088475	0.442525558805377	0.525764331846994	0.44780812107704	0.371200467690959	0.481933106382333	0.493518190199277
ZB_4	0.61147405873721	0.262624331306063	0.378846258012097	0	0.382887769321471	0.620429529080293	0.358631739817422	0.267090341828177	0.304013814004299	0.252253002615315	0.323888851216443	0.557946065128901	0.602789064875473	0.202615841867793	0.215855213753449	0.52914750863704	0.391014249790444	0.273812947206387	0.577876243625324	0.405685496837818	0.283121028672928	0.25158264947245	0.44109807627164	0.317679658435898	0.499085344403011	0.602249736157945	0.497106910870726	0.25123788931619	0.209386986540205	0.600538385852817	0.443871736205729	0.528190487795679	0.387795451641753	0.600190727814212	0.269723636862957	0.362842351306344	0.153269197862996	0.551456543275425	0.354063390657203	0.465129265278966	0.267546586609348	0.476438730576505	0.420978136840557	0.371233408235229	0.225317996999413	0.478596855720385	0.41481547693073	0.558030843297601	0.324780174758485	0.395070653407419	0.34871169272855	0.352751754219609	0.360038528346143	0.432944034619327	0.589687430486466	0.397589206447122	0.517995679365989	0.513734550782072	0.515285040259164	0.417007229699886	0.382887769321471	0.12255100297611	0.449531529503008	0.438954517908721
ZB_5	0.503071967189291	0.264257875272166	0.44780812107704	0.382887769321471	0	0.754609560766381	0.423813446100127	0.452636837588225	0.504045994139357	0.507846630611184	0.298752336983479	0.659440633791282	0.740965694720084	0.397183287806189	0.397102293084916	0.370637274404138	0.494774764693449	0.457659601472268	0.758181641564374	0.42675403486739	0.569743746088798	0.410971870786621	0.214603989268634	0.470466618808327	0.673509118943417	0.743117672819527	0.58284873869844	0.474896102437381	0.399046485026908	0.758431891909352	0.28494606343584	0.716109685083194	0.584597440068756	0.761610870263327	0.235186476124085	0.447469531253111	0.359860193066717	0.692276801906835	0.524389004623749	0.219562572796687	0.457787132942917	0.206280534297252	0.663325569788721	0.483966791073197	0.414353271816825	0.642540531735213	0.546347731698752	0.685735816496902	0.526353610459604	0.0273941444068587	0.488797156547365	0.476431153697659	0.523567039469406	0.626454849498328	0.73580661295331	0.50897040488221	0.711489565024488	0.390927284856571	0.6779755731778	0.268674909599907	0	0.464758378351751	0.146265284798509	0.118560161995098
ZB_6	0.535673788414985	0.641570270865027	0.557333059369443	0.620429529080293	0.754609560766381	0	0.596586611081627	0.57956815247911	0.507848285543453	0.566913048702851	0.62536374730123	0.291358154306487	0.159866298817587	0.641429423050912	0.608426470437308	0.597055430819618	0.434511351771476	0.573934342345525	0.141751239084258	0.764895636587904	0.544174631878068	0.61874314084139	0.72185081937316	0.604249884173752	0.277279764190085	0.0529765311148503	0.459742735853155	0.576311357195445	0.627859837318627	0.117018421182927	0.681926349757585	0.280227026080404	0.402395446671616	0.101669102290606	0.664050032854595	0.576089004353043	0.647554155521321	0.407355266292695	0.556473127832053	0.67874887166908	0.547522805168632	0.729916795895703	0.683557839358904	0.594753534376176	0.59756424700896	0.709676754880605	0.529012023000523	0.191176348496044	0.502410754351292	0.743316768006078	0.554885442672143	0.587403690522681	0.535849651714165	0.381418907745811	0.11553193891294	0.594253860954782	0.3035312275473	0.626118550814907	0.253237196126958	0.714966133506337	0.754609560766381	0.574948901086283	0.736986935817244	0.707618367557925
ZB_7	0.511136536215451	0.421736201742938	0.202876300049526	0.358631739817422	0.423813446100127	0.596586611081627	0	0.418948664722344	0.445885926011774	0.272376928843631	0.232316780491861	0.580083927263039	0.623779787258986	0.284154043977906	0.316254171577322	0.526182756155926	0.346569020445053	0.330976179319265	0.529176037518275	0.444768049058284	0.348558443181108	0.278784194528875	0.433885166096337	0.116126376100559	0.438865472949408	0.577717615355997	0.536235867664249	0.25623945773724	0.381277207017377	0.561054275227436	0.377376258018951	0.46875	0.36014522937662	0.575414318965188	0.240298105834591	0.209052341576173	0.336801371580148	0.399622894522781	0.458097818210197	0.511531234810618	0.158925395960857	0.385695788526699	0.429785038307228	0.419511776097957	0.290155275929255	0.357153578611956	0.335410160477413	0.567974287876317	0.241653923027267	0.434285471064403	0.164807286373231	0.062020631145143	0.459723352318959	0.31946435405302	0.543342352363974	0.44269686123348	0.456916756525536	0.505211210279966	0.420966063391903	0.472859581122779	0.423813446100127	0.377314345719497	0.39924145624176	0.472578249027804
ZB_8	0.518986356798257	0.471352409482215	0.412483500733098	0.267090341828177	0.452636837588225	0.57956815247911	0.418948664722344	0	0.299810632228282	0.417091791858706	0.385418621585305	0.572149972329828	0.555327229369682	0.201573419257647	0.215329881779673	0.554377495125801	0.405041217501585	0.225478212628151	0.558013887766197	0.475339558755086	0.402486995088185	0.281762611303302	0.483705098493627	0.354502967571752	0.527093461666476	0.558216654384672	0.545130888689291	0.42334539764033	0.151147118725291	0.604162050645751	0.513316550753083	0.507819363907925	0.502176464834197	0.555460017196905	0.335881086952149	0.424373304639972	0.150123977372274	0.477954057761987	0.507473194192306	0.441591666283479	0.451522058053023	0.509172041946547	0.582460029433461	0.486916322973791	0.225160184098908	0.530356003572796	0.355943827836836	0.534937015703418	0.358678939422401	0.463398605262497	0.409004515886639	0.398390526400177	0.478689275004752	0.497988993371647	0.593584733848009	0.509889197457467	0.491457405981381	0.504056190342785	0.511866199327785	0.461090349008065	0.452636837588225	0.300445498190164	0.517099323502174	0.442609982751801
ZB_9	0.531154931516278	0.36483182817785	0.446266600651396	0.304013814004299	0.504045994139357	0.507848285543453	0.445885926011774	0.299810632228282	0	0.382727602819464	0.462332037607435	0.500844965354986	0.511178324171401	0.40249399850252	0.306594220391063	0.506729496820837	0.381614146927453	0.396040396951922	0.491001360395581	0.577697074698474	0.351388722375415	0.383531151276188	0.471652323652678	0.44762666647361	0.449791532814786	0.482832190087499	0.412078307402769	0.359130238507261	0.373637029429936	0.525314680454441	0.500017973040439	0.469283155811104	0.383618507011084	0.522689030454533	0.423189328601937	0.470159597096239	0.370880438227908	0.530280073902175	0.385939569998883	0.439238367305523	0.374437952929472	0.496034557722347	0.440199278605354	0.402728274253127	0.388730494497072	0.551480191554201	0.411798495899626	0.462938679935607	0.303653814116839	0.486007043524681	0.475329307905382	0.427809632422044	0.359255404072816	0.458553304654841	0.546047567354189	0.427119006849315	0.433935098017499	0.492090119231203	0.460578548448661	0.450136606021207	0.504045994139357	0.295294430149901	0.465457261424047	0.492894854157533
ZB_10	0.536648399110696	0.3640396188662	0.323206529878688	0.252253002615315	0.507846630611184	0.566913048702851	0.272376928843631	0.417091791858706	0.382727602819464	0	0.352388907450718	0.487693070983574	0.541443030653557	0.390086033609391	0.39001246431587	0.568683660855109	0.401029619781327	0.421992743511024	0.506194937549757	0.488102083511751	0.161897129065392	0.340775578336673	0.447806710979133	0.256910262059126	0.453231881790137	0.545280790293139	0.444397548663752	0.14860348897814	0.365270174781417	0.55362640866472	0.442351372279102	0.467818290785595	0.341251910207093	0.542404906707846	0.395918964876522	0.3428861554968	0.35639742066859	0.484878625039463	0.270506123640481	0.527369307507936	0.245093548119479	0.457612527144001	0.442351256961269	0.180053323649708	0.307120544720215	0.521464766005442	0.340769111540752	0.510239971117284	0.261077779966689	0.516851306502127	0.340496372547559	0.308584034515745	0.280291376921219	0.355861279828629	0.551057175279989	0.269197428303113	0.473567813811945	0.549371922796114	0.480404077165063	0.489081414140515	0.507846630611184	0.229196515498718	0.462376249942972	0.550484398129828
ZB_11	0.527640046595475	0.337494381111692	0.260553514896809	0.323888851216443	0.298752336983479	0.62536374730123	0.232316780491861	0.385418621585305	0.462332037607435	0.352388907450718	0	0.592272122465649	0.604236231719819	0.290589813193697	0.334014348280437	0.445760915334466	0.32632747052171	0.390381658357875	0.597626476936454	0.355858661351935	0.368881952239632	0.344386698982688	0.445867868217376	0.269488616503615	0.523508868599825	0.608257896067119	0.512194375218139	0.268992966998995	0.333143273722494	0.597703570320926	0.389994097548404	0.555724958487223	0.458680250975546	0.618734668067506	0.122742469367269	0.253107741396222	0.298341106176627	0.505798479087452	0.460806898311289	0.430373666090975	0.2869527960207	0.434625243223262	0.534738211336872	0.422560047229904	0.251520986375845	0.515683882127633	0.330339475636903	0.552539137795774	0.360090292294009	0.312443365561273	0.303715152432214	0.267344956479343	0.46232899923306	0.433183545449062	0.601140330463114	0.4292074012279	0.546925132943848	0.544203192521386	0.532986009483112	0.484404226487875	0.298752336983479	0.341939721502834	0.391460476981635	0.352411265885227
ZB_12	0.358994319514292	0.497735424247978	0.601330845900413	0.557946065128901	0.659440633791282	0.291358154306487	0.580083927263039	0.572149972329828	0.500844965354986	0.487693070983574	0.592272122465649	0	0.200406609830035	0.650546472121125	0.650517651845458	0.535698492641276	0.402573034638398	0.63901494325502	0.331247587509904	0.734443944416394	0.503863127911099	0.622447742233514	0.664076642013769	0.565573328871887	0.192140988355772	0.340196065565165	0.289057892286202	0.499153318144729	0.644172357630654	0.297557077625571	0.598311987982593	0.362781738257133	0.408191151884083	0.35499969809379	0.639728154217576	0.553021813060165	0.637575263421977	0.500441380235105	0.431803747479913	0.616779874359763	0.544608399545971	0.631064215054809	0.676444903899778	0.474688050119085	0.600531697916813	0.748350712325259	0.517060077837258	0.209205356903869	0.46491768148853	0.663975979449841	0.546988970717784	0.579838040430229	0.39648788368336	0.406122571360038	0.263957354121289	0.499781529420705	0.408884689630456	0.533112745398961	0.370702833374809	0.654326823740084	0.659440633791282	0.52993165520821	0.646653188061751	0.597829504772839
ZB_13	0.481726624832323	0.612961191230557	0.594587263001815	0.602789064875473	0.740965694720084	0.159866298817587	0.623779787258986	0.555327229369682	0.511178324171401	0.541443030653557	0.604236231719819	0.200406609830035	0	0.645985096571543	0.636806365512291	0.57917015536329	0.436263335111774	0.615109904776355	0.264661606140719	0.765345723318576	0.514022844778708	0.631852220800056	0.720053502719329	0.604651162790698	0.246419265476288	0.212842829932438	0.402261651040342	0.546858970145714	0.629026892639541	0.205383061801535	0.674875885370746	0.286323846136032	0.45531638338129	0.199683896067806	0.670639958134064	0.586819587375861	0.632667036510523	0.409054351823338	0.520170075416654	0.671649053918356	0.58621285930259	0.729199025321687	0.718842976525048	0.548875476907865	0.595195402364384	0.749366220538389	0.49689357598838	0.107485635005607	0.521486396952255	0.744240567827929	0.592172717373738	0.614471179644347	0.481080513253064	0.390932164602433	0.195001650475637	0.527803056453384	0.294569231807235	0.611858778805088	0.338125366903659	0.712192299887021	0.740965694720084	0.550585757156048	0.737158758654647	0.682829327554505
ZB_14	0.60294523114338	0.42429733227732	0.278300866234484	0.202615841867793	0.397183287806189	0.641429423050912	0.284154043977906	0.201573419257647	0.40249399850252	0.390086033609391	0.290589813193697	0.650546472121125	0.645985096571543	0	0.142607968983058	0.53183744949389	0.418932696731197	0.165628345461491	0.593224338013721	0.420993238099503	0.336271165713836	0.189811926853348	0.426358213076744	0.196137639173947	0.559722069041579	0.623900838344749	0.618222064039163	0.345649480489211	0.131778473289458	0.628079742840558	0.46086209442498	0.538292672700373	0.486991234001976	0.622069299398299	0.189273861675295	0.287095680645588	0.0681097707703414	0.452106739542214	0.458759392591735	0.453576001847304	0.335853480894605	0.456045146726862	0.462769981696156	0.477291615947078	0.154639370945622	0.385129664439699	0.321720506254777	0.601644444192596	0.374225125754002	0.40960145960431	0.273395940624053	0.256282610339526	0.48995696118717	0.462801486326378	0.640194173337007	0.500898904075853	0.505446725391131	0.515787950761366	0.524239051590004	0.399868503631093	0.397183287806189	0.238358236014628	0.466290864171756	0.454303111704415
ZB_15	0.602903120890309	0.424230598326926	0.310221288878926	0.215855213753449	0.397102293084916	0.608426470437308	0.316254171577322	0.215329881779673	0.306594220391063	0.39001246431587	0.334014348280437	0.650517651845458	0.636806365512291	0.142607968983058	0	0.504988926448304	0.466521141368581	0.138359842809893	0.593301275886388	0.42091544249373	0.391132642889726	0.212566572567737	0.390273245336321	0.308856523719714	0.557847555374781	0.588795094047815	0.618186302978075	0.396832127317255	0.0857313270409979	0.622539163995327	0.42774008923347	0.558657881446785	0.472221085855805	0.604355218097704	0.278342533997576	0.385099922431972	0.0847082254944166	0.478056253621154	0.458692273351081	0.422392892940058	0.335960066082817	0.422515719208573	0.491708142584026	0.477225785867813	0.127628531393104	0.420401489606107	0.367480760829385	0.591995572115741	0.400464809027837	0.376065926191329	0.30566214244942	0.290147691927411	0.489897356991216	0.485858026929217	0.621042897305103	0.500837438423645	0.527195323225	0.487169298080311	0.543265617355989	0.361438285239162	0.397102293084916	0.238257185439396	0.434228465101407	0.454236066459986
ZB_16	0.300372233357408	0.486525963247933	0.551135620778089	0.52914750863704	0.370637274404138	0.597055430819618	0.526182756155926	0.554377495125801	0.506729496820837	0.568683660855109	0.445760915334466	0.535698492641276	0.57917015536329	0.53183744949389	0.504988926448304	0	0.556585071052572	0.577397631170568	0.666235806422722	0.65011328730878	0.577316680395693	0.475998981301962	0.358878320437632	0.506696253460198	0.562497995659936	0.644965188374153	0.588127436705146	0.553704032687866	0.511010242273833	0.607924880685752	0.30613901275131	0.701054950641868	0.600379733039642	0.680113505247969	0.48908699210564	0.499330328211184	0.507365192289934	0.676008103563293	0.535925738133313	0.376181259250825	0.558884019293392	0.376698287927841	0.694381521142229	0.554530991522942	0.478955571361387	0.679469536805689	0.535551819805383	0.53162207446966	0.603701810487274	0.349402329198163	0.570451500068162	0.510517923454773	0.514017267841977	0.607031850247957	0.618100369032818	0.559930601518777	0.696251945744626	0.403113094496678	0.635127971168893	0.328182855726377	0.370637274404138	0.508501756161448	0.318564082166094	0.406102124374937
ZB_17	0.527832036763129	0.412288184712145	0.366649726957344	0.391014249790444	0.494774764693449	0.434511351771476	0.346569020445053	0.405041217501585	0.381614146927453	0.401029619781327	0.32632747052171	0.402573034638398	0.436263335111774	0.418932696731197	0.466521141368581	0.556585071052572	0	0.495914906286578	0.384915459081717	0.511302174642844	0.433652311122227	0.467121810995329	0.561040065515938	0.379388686837422	0.357495848670706	0.408756801476437	0.403726742929935	0.360642525637106	0.469960336702849	0.401256101212235	0.518700390575784	0.325944676352301	0.378331314555608	0.42289212362716	0.34912512176776	0.3639453003247	0.459404180188245	0.474621076664924	0.517884605107682	0.47504878642797	0.280831837378914	0.550478990946375	0.525967154458236	0.48976522864192	0.398581943874569	0.572650590635345	0.418320587241623	0.396308618914318	0.272368275548985	0.480174568242008	0.418877017867442	0.387374560272132	0.438961725234377	0.331530483667733	0.419326960182829	0.482172136842398	0.310990944618664	0.49124670857369	0.362150467120249	0.59024190500189	0.494774764693449	0.379765753581166	0.5175887951714	0.44631677635434
ZB_18	0.642165442393853	0.432676382281985	0.275705366316289	0.273812947206387	0.457659601472268	0.573934342345525	0.330976179319265	0.225478212628151	0.396040396951922	0.421992743511024	0.390381658357875	0.63901494325502	0.615109904776355	0.165628345461491	0.138359842809893	0.577397631170568	0.495914906286578	0	0.552358130184119	0.480153995853958	0.407811062179571	0.268293245819313	0.488724635472463	0.324814294068609	0.555366037615165	0.552296732989437	0.606827746403307	0.428126385639802	0.160239410954236	0.59882223764999	0.517779309120272	0.5012481898218	0.445254206233376	0.54946321880711	0.306500022398423	0.351248991485395	0.159150336398625	0.411179883663149	0.466927877527114	0.507540448566141	0.375275326629728	0.513710777626194	0.502264716764356	0.491460984334929	0.232670059743776	0.43460115076042	0.4260191283158	0.595605845769398	0.411450460987797	0.468226675571522	0.270847523790176	0.306069820407868	0.538448138470377	0.476253597939706	0.597268411502995	0.514136845301836	0.534731954487806	0.564456697303056	0.520094990511918	0.466556920112615	0.457659601472268	0.30678868093325	0.52141022686115	0.506967469593846
ZB_19	0.590664457664985	0.626141272481422	0.508322903629537	0.577876243625324	0.758181641564374	0.141751239084258	0.529176037518275	0.558013887766197	0.491001360395581	0.506194937549757	0.597626476936454	0.331247587509904	0.264661606140719	0.593224338013721	0.593301275886388	0.666235806422722	0.384915459081717	0.552358130184119	0	0.750626708246542	0.490889934522266	0.622574537961234	0.72623303092001	0.534135282013127	0.250499318035043	0.0977247100404441	0.42055451637424	0.527213710322477	0.612472392654034	0.110451925395619	0.686955984619582	0.206862530146898	0.354168771086285	0.113645950215454	0.636683701634551	0.526848405031427	0.626615374751555	0.336716334382651	0.538949776144482	0.683609516562374	0.457478148425423	0.716156951510956	0.58561811187357	0.577387403620404	0.576433929601846	0.661766839637947	0.496227519594133	0.291218809732244	0.406843676212844	0.747053234866954	0.484191524726993	0.50785623891386	0.518543976250017	0.30136526262068	0.179990698025216	0.57696262458027	0.230716580950365	0.612150755826459	0.156018100979415	0.719566171004694	0.758181641564374	0.536148842225892	0.723577255774132	0.711874486167085
ZB_20	0.707410917629751	0.451196834654958	0.427163163792934	0.405685496837818	0.42675403486739	0.764895636587904	0.444768049058284	0.475339558755086	0.577697074698474	0.488102083511751	0.355858661351935	0.734443944416394	0.765345723318576	0.420993238099503	0.42091544249373	0.65011328730878	0.511302174642844	0.480153995853958	0.750626708246542	0	0.580544385394144	0.435522597565706	0.589852613024808	0.492277715106143	0.663695651025014	0.753862101840946	0.674628830072388	0.525556259169377	0.423971947720752	0.751081794442647	0.622838386228778	0.706447288582838	0.57105730103893	0.753662732526086	0.298274014250929	0.425973292517731	0.385144324504256	0.680401753781758	0.641378491260714	0.55925814041552	0.476255479371166	0.573529882006843	0.397632885587936	0.61006360176282	0.437485045049748	0.327021348622522	0.556918005105835	0.711234478370441	0.510302031813246	0.439376324326351	0.469670270478243	0.49716674661394	0.636199126051957	0.613930181438844	0.727880962075454	0.667638275566287	0.70146868601326	0.674544226873734	0.691795259668192	0.633313956758987	0.42675403486739	0.486584785143101	0.524989607648771	0.484837658376758
ZB_21	0.55770970281801	0.422401279274664	0.361944279786603	0.283121028672928	0.569743746088798	0.544174631878068	0.348558443181108	0.402486995088185	0.351388722375415	0.161897129065392	0.368881952239632	0.503863127911099	0.514022844778708	0.336271165713836	0.391132642889726	0.577316680395693	0.433652311122227	0.407811062179571	0.490889934522266	0.580544385394144	0	0.35357399103139	0.516607926735833	0.27154046997389	0.454802970987445	0.520148211518687	0.477315239824127	0.122678362736471	0.345859236738213	0.537154640680317	0.446025021092836	0.457465420845113	0.397848964193527	0.537592952719017	0.414166002372018	0.322067093586451	0.355786848761653	0.432038264294006	0.223943244509461	0.586990843069151	0.315470157302236	0.540354410850886	0.444043619654464	0.184447972348378	0.303944183522058	0.510639417364196	0.25354678692221	0.492829472201381	0.312882658141227	0.577700694146412	0.35641131474288	0.324099431219718	0.275220223505092	0.370510325607575	0.584320441342246	0.277659433462092	0.438567605153368	0.58854354481076	0.495747413929695	0.495529394057692	0.569743746088798	0.221773814269526	0.560373978874538	0.608025730898916
ZB_22	0.544302010067511	0.410204583872933	0.374476300650325	0.25158264947245	0.410971870786621	0.61874314084139	0.278784194528875	0.281762611303302	0.383531151276188	0.340775578336673	0.344386698982688	0.622447742233514	0.631852220800056	0.189811926853348	0.212566572567737	0.475998981301962	0.467121810995329	0.268293245819313	0.622574537961234	0.435522597565706	0.35357399103139	0	0.370157870904001	0.229676889198709	0.55250714543386	0.599258980535193	0.594521688397674	0.336665985664913	0.205308814385174	0.626694964035979	0.370387736165676	0.564033704021048	0.451330890849879	0.597021113201037	0.268367556962746	0.297907149686604	0.159616101379053	0.492678296039806	0.426056276297335	0.472745834553819	0.391234495815418	0.364177378596741	0.478220714037954	0.445186498672322	0.236910262617336	0.383182325682499	0.328689255461436	0.585452293902583	0.427013792314175	0.423475498149312	0.357749397571229	0.249628146577858	0.448789432634706	0.481112954355074	0.601862514265739	0.470962913976436	0.540836107981546	0.440402347759714	0.547873337080757	0.338605354875314	0.410971870786621	0.269591743077989	0.396158270180205	0.468499046191292
ZB_23	0.50152717054568	0.39171206331138	0.488688488532523	0.44109807627164	0.214603989268634	0.72185081937316	0.433885166096337	0.483705098493627	0.471652323652678	0.447806710979133	0.445867868217376	0.664076642013769	0.720053502719329	0.426358213076744	0.390273245336321	0.358878320437632	0.561040065515938	0.488724635472463	0.72623303092001	0.589852613024808	0.516607926735833	0.370157870904001	0	0.43020534655355	0.690719779520652	0.707679965391008	0.626109640379835	0.440990604809842	0.392047955934598	0.743579650709381	0.197341954909486	0.692800704738105	0.62370334172122	0.744012500336755	0.395423384109796	0.513886326835967	0.388448712547648	0.662309600471956	0.461962925707717	0.213418523138401	0.497321786053088	0.11342773183544	0.700166202336398	0.411745177255339	0.409199242992727	0.629355850605104	0.490648887455082	0.674463475526322	0.570456500051601	0.187209844861775	0.538719765985421	0.472866229185672	0.463862033640962	0.62932014625512	0.743253884465863	0.44209003742861	0.687104415738239	0.305905326959194	0.667060905789776	0.0665250679888922	0.214603989268634	0.467118967904008	0.136816351811706	0.306955296661936
ZB_24	0.490728986131196	0.463006049325268	0.253861227503171	0.317679658435898	0.470466618808327	0.604249884173752	0.116126376100559	0.354502967571752	0.44762666647361	0.256910262059126	0.269488616503615	0.565573328871887	0.604651162790698	0.196137639173947	0.308856523719714	0.506696253460198	0.379388686837422	0.324814294068609	0.534135282013127	0.492277715106143	0.27154046997389	0.229676889198709	0.43020534655355	0	0.473819361637226	0.58490719678065	0.516418984866712	0.271510327181934	0.306791152606424	0.585273292990666	0.358472184742887	0.471400526344579	0.380325449532021	0.582588876093415	0.279024568379623	0.177763061823986	0.255258186969868	0.398499474165441	0.397466251812919	0.513752573881549	0.256596341758135	0.415316583271545	0.462337814830036	0.415039550156312	0.204699344225853	0.390825795894752	0.257725016188215	0.544364892834343	0.335127223520558	0.480476673427992	0.180243511167784	0.0795412422010728	0.40164744645799	0.338807555441298	0.564805068519243	0.440017726931394	0.45901259682341	0.482800555941626	0.421122844423955	0.405145258923319	0.470466618808327	0.308304035165987	0.446282354234214	0.517383780679482
ZB_25	0.407239358967283	0.527765383949146	0.477766198352936	0.499085344403011	0.673509118943417	0.277279764190085	0.438865472949408	0.527093461666476	0.449791532814786	0.453231881790137	0.523508868599825	0.192140988355772	0.246419265476288	0.559722069041579	0.557847555374781	0.562497995659936	0.357495848670706	0.555366037615165	0.250499318035043	0.663695651025014	0.454802970987445	0.55250714543386	0.690719779520652	0.473819361637226	0	0.323369208476277	0.35822837141361	0.45233892811154	0.601985761347689	0.209617333216578	0.619684204095461	0.304808790557976	0.285676703738601	0.312387782712125	0.569656316216553	0.44927017373172	0.574806436299946	0.384327393707944	0.487281177292767	0.647301763543066	0.383542404136507	0.648741078373842	0.533656780093941	0.540817134710688	0.540131396416902	0.603303542659454	0.457502420135528	0.235478228599028	0.321951615302438	0.677441856290343	0.417759087762522	0.436053841283823	0.455677080358673	0.262519190201124	0.200779608676943	0.561561986590294	0.303891241076184	0.606936385357112	0.219108997752249	0.682757299239668	0.673509118943417	0.477897868723055	0.662249886251812	0.617924405428638
ZB_26	0.584741069686246	0.624874518413562	0.53622445580027	0.602249736157945	0.743117672819527	0.0529765311148503	0.577717615355997	0.558216654384672	0.482832190087499	0.545280790293139	0.608257896067119	0.340196065565165	0.212842829932438	0.623900838344749	0.588795094047815	0.644965188374153	0.408756801476437	0.552296732989437	0.0977247100404441	0.753862101840946	0.520148211518687	0.599258980535193	0.707679965391008	0.58490719678065	0.323369208476277	0	0.432767855226156	0.555455615666459	0.608874229201111	0.165506602074826	0.665657856759988	0.242844701981209	0.373550233078162	0.0523020399242744	0.648710593281687	0.555590206580749	0.629963627780222	0.37591693489299	0.532934592874012	0.663073009545788	0.527190397990727	0.7165756093935	0.668462934667802	0.573419945509021	0.577478729225454	0.695067434357311	0.504285778775943	0.242669788319814	0.479284324426937	0.731296026900096	0.533537135463117	0.567644848459891	0.511556604436993	0.350682297647342	0.164382159050037	0.572991241163714	0.267249561149327	0.607147824047689	0.216496072049013	0.700066301074302	0.743117672819527	0.553761251607372	0.724351427273103	0.693925833454981
ZB_27	0.466072613262478	0.407408541460411	0.508455021719741	0.497106910870726	0.58284873869844	0.459742735853155	0.536235867664249	0.545130888689291	0.412078307402769	0.444397548663752	0.512194375218139	0.289057892286202	0.402261651040342	0.618222064039163	0.618186302978075	0.588127436705146	0.403726742929935	0.606827746403307	0.42055451637424	0.674628830072388	0.477315239824127	0.594521688397674	0.626109640379835	0.516418984866712	0.35822837141361	0.432767855226156	0	0.473310321497893	0.626621765331443	0.438306046145397	0.549103217076384	0.379097100695266	0.324493085081889	0.423839362859066	0.567585462001294	0.444069974821653	0.60204566459692	0.473666284407253	0.348670090083908	0.55280440574151	0.489419213998754	0.602703228450941	0.620594457106161	0.442341539571842	0.560373868921505	0.725907018680077	0.473295267115345	0.350679016022396	0.409369771332962	0.589384533788765	0.47104500070534	0.53506576757603	0.311123426908257	0.408249802671794	0.393045757480413	0.41618245368492	0.426583330407201	0.536399224555295	0.39718555659414	0.613512472380509	0.58284873869844	0.478175755263201	0.565791759009025	0.509787567236331
ZB_28	0.562727864247131	0.330631952368754	0.342589027382039	0.25123788931619	0.474896102437381	0.576311357195445	0.25623945773724	0.42334539764033	0.359130238507261	0.14860348897814	0.268992966998995	0.499153318144729	0.546858970145714	0.345649480489211	0.396832127317255	0.553704032687866	0.360642525637106	0.428126385639802	0.527213710322477	0.525556259169377	0.122678362736471	0.336665985664913	0.440990604809842	0.271510327181934	0.45233892811154	0.555455615666459	0.473310321497893	0	0.372861107152139	0.541681837452305	0.405815649145718	0.474995442850355	0.404500736821268	0.566599896528395	0.322225030622363	0.334789059550009	0.364097829174953	0.47742820831756	0.283602057126972	0.521026285696976	0.230185725570541	0.456732846937997	0.465287604934863	0.195931984200243	0.315406899321049	0.528022104909186	0.316922522404443	0.521813018172022	0.269921307698559	0.484607116280352	0.366520652631885	0.310110049769699	0.313691857117001	0.378825924889898	0.577464374187535	0.229150004798618	0.466849116692336	0.563674244925208	0.487375615283827	0.481960881362524	0.474896102437381	0.238849649778731	0.463460821163171	0.513073366340685
ZB_29	0.611936798288043	0.426983495485069	0.374661302564466	0.209386986540205	0.399046485026908	0.627859837318627	0.381277207017377	0.151147118725291	0.373637029429936	0.365270174781417	0.333143273722494	0.644172357630654	0.629026892639541	0.131778473289458	0.0857313270409979	0.511010242273833	0.469960336702849	0.160239410954236	0.612472392654034	0.423971947720752	0.345859236738213	0.205308814385174	0.392047955934598	0.306791152606424	0.601985761347689	0.608874229201111	0.626621765331443	0.372861107152139	0	0.650024844075615	0.43118857405598	0.591140318124113	0.523785547726865	0.624708337103359	0.274967061923584	0.386296814485877	0.0699522530751098	0.502107954938144	0.463125991584466	0.425376072735733	0.394176895884035	0.425745494635146	0.557109045408646	0.438608433789254	0.116145446084903	0.496299144032312	0.368005015520053	0.608761575963983	0.456549939588517	0.377027508485064	0.370615843216845	0.357653408037572	0.495325246908827	0.519969095064868	0.661559079299065	0.464839314478861	0.577745214480727	0.492773492555672	0.588049446419835	0.361757355904877	0.399046485026908	0.232853580565618	0.437874331488684	0.458437405267854
ZB_30	0.544539354035822	0.629883080995186	0.539784235703102	0.600538385852817	0.758431891909352	0.117018421182927	0.561054275227436	0.604162050645751	0.525314680454441	0.55362640866472	0.597703570320926	0.297557077625571	0.205383061801535	0.628079742840558	0.622539163995327	0.607924880685752	0.401256101212235	0.59882223764999	0.110451925395619	0.751081794442647	0.537154640680317	0.626694964035979	0.743579650709381	0.585273292990666	0.209617333216578	0.165506602074826	0.438306046145397	0.541681837452305	0.650024844075615	0	0.689247212337485	0.222787510006303	0.407534721723862	0.146528518866572	0.640113148167803	0.539606234417028	0.659834446292602	0.36901675776967	0.56735257396557	0.701960348148744	0.491724784253719	0.734976185746333	0.616219593530808	0.613159474336215	0.612112151173851	0.670535844090259	0.531661547198059	0.25418682449153	0.444483146283342	0.747594678529074	0.531187832817263	0.541639512948036	0.540331576918134	0.360016491136014	0.127884939833925	0.596363093583686	0.254892595098781	0.635808890157769	0.230121172567305	0.73759472319428	0.758431891909352	0.568297951840918	0.741627381885858	0.709310237882526
ZB_31	0.396746455334519	0.436042869478354	0.482527976176628	0.443871736205729	0.28494606343584	0.681926349757585	0.377376258018951	0.513316550753083	0.500017973040439	0.442351372279102	0.389994097548404	0.598311987982593	0.674875885370746	0.46086209442498	0.42774008923347	0.30613901275131	0.518700390575784	0.517779309120272	0.686955984619582	0.622838386228778	0.446025021092836	0.370387736165676	0.197341954909486	0.358472184742887	0.619684204095461	0.665657856759988	0.549103217076384	0.405815649145718	0.43118857405598	0.689247212337485	0	0.646733651707878	0.554294304974055	0.702808833790384	0.439268384039459	0.397896656638571	0.427508445825553	0.607471227415933	0.386540112471183	0.349179032048268	0.448836194303069	0.228164773025682	0.689808044757403	0.406906508736262	0.334535467715802	0.619787154490821	0.420312598645346	0.628250177802958	0.524214799270701	0.25973809907154	0.451298727143915	0.371207568217292	0.391886168831767	0.558752847605378	0.690897908669054	0.436237597236707	0.639651027337844	0.308860500766479	0.624387870024054	0.148642369586985	0.28494606343584	0.454052823901721	0.217712114337568	0.363577140044492
ZB_32	0.618605112876496	0.58624980043052	0.434461122838615	0.528190487795679	0.716109685083194	0.280227026080404	0.46875	0.507819363907925	0.469283155811104	0.467818290785595	0.555724958487223	0.362781738257133	0.286323846136032	0.538292672700373	0.558657881446785	0.701054950641868	0.325944676352301	0.5012481898218	0.206862530146898	0.706447288582838	0.457465420845113	0.564033704021048	0.692800704738105	0.471400526344579	0.304808790557976	0.242844701981209	0.379097100695266	0.474995442850355	0.591140318124113	0.222787510006303	0.646733651707878	0	0.327635899771179	0.199968833327562	0.574113301379232	0.454961097296864	0.577286149828393	0.20162678297772	0.510932191789345	0.644864194284212	0.463497008039222	0.714146630058932	0.572163639798786	0.551419640289772	0.539233724848567	0.595540830664098	0.420257856309811	0.351192818055009	0.370515062339176	0.719754537502733	0.430719469771439	0.441740368850007	0.448207434429838	0.275997025440777	0.266119253203989	0.554804440816727	0.101941052412321	0.582893586810289	0.212300493396657	0.684023176256665	0.716109685083194	0.523478984163804	0.711870837197538	0.656961958470334
ZB_33	0.569562709325252	0.410738831080787	0.348023807309588	0.387795451641753	0.584597440068756	0.402395446671616	0.36014522937662	0.502176464834197	0.383618507011084	0.341251910207093	0.458680250975546	0.408191151884083	0.45531638338129	0.486991234001976	0.472221085855805	0.600379733039642	0.378331314555608	0.445254206233376	0.354168771086285	0.57105730103893	0.397848964193527	0.451330890849879	0.62370334172122	0.380325449532021	0.285676703738601	0.373550233078162	0.324493085081889	0.404500736821268	0.523785547726865	0.407534721723862	0.554294304974055	0.327635899771179	0	0.368654082500867	0.470309547336651	0.325552050473186	0.490791490992718	0.327662386706949	0.401380713659731	0.546899556859434	0.289028310753776	0.602578348651499	0.439414334785387	0.465359382410286	0.451524182052194	0.546366554435424	0.395105636675096	0.417782031838284	0.303901400746748	0.590501290519748	0.305035102624871	0.355257103142742	0.348778305504353	0.225520223955111	0.34522524868366	0.516853897008536	0.341376325779757	0.553530047418319	0.288931918727392	0.612297542060902	0.584597440068756	0.403823143799086	0.569223670332982	0.546932248273861
ZB_34	0.599667134401739	0.643643741063207	0.533370167752244	0.600190727814212	0.761610870263327	0.101669102290606	0.575414318965188	0.555460017196905	0.522689030454533	0.542404906707846	0.618734668067506	0.35499969809379	0.199683896067806	0.622069299398299	0.604355218097704	0.680113505247969	0.42289212362716	0.54946321880711	0.113645950215454	0.753662732526086	0.537592952719017	0.597021113201037	0.744012500336755	0.582588876093415	0.312387782712125	0.0523020399242744	0.423839362859066	0.566599896528395	0.624708337103359	0.146528518866572	0.702808833790384	0.199968833327562	0.368654082500867	0	0.663741033658267	0.552934552687244	0.628170544530921	0.336700892870311	0.549066820342232	0.698582704815808	0.541136978361669	0.751681026935631	0.667219380804472	0.589431504000045	0.592969110436359	0.694097022488838	0.521672446361612	0.264750411591293	0.475827242121865	0.764387325218392	0.530633171650651	0.565162682006112	0.52746118071401	0.345349714554605	0.121639302518982	0.570608781011192	0.225068825067088	0.644944724696791	0.209529036922006	0.737455065912538	0.761610870263327	0.550999367849304	0.758390353921771	0.708194038868191
