ZB_1	ZB_2	ZB_3	ZB_4	ZB_5	ZB_6	ZB_7	ZB_8	ZB_10	ZB_11	ZB_12	ZB_13	ZB_14	ZB_15	ZB_17	ZB_18	ZB_19	ZB_20	ZB_22	ZB_23	ZB_24	ZB_25	ZB_26	ZB_27	ZB_29	ZB_30	ZB_31	ZB_32	ZB_33	ZB_34	ZB_35	ZB_36	ZB_37	ZB_38	ZB_39	ZB_41	ZB_43	ZB_44	ZB_45	ZB_46	ZB_48	ZB_49	ZB_51	ZB_52	ZB_53	ZB_54	ZB_55	ZB_56	ZB_57	ZB_58	ZB_59	ZB_62	ZB_64
ZB_1	0	0.714321779439333	0.631397950487685	0.618900023868908	0.577553866734978	0.592688217836277	0.626307032406771	0.614624994496917	0.625501366688454	0.77426517980911	0.487354975011762	0.545501440055023	0.47092085983753	0.684969418443551	0.668415938568298	0.664392074671606	0.625446455112111	0.520867518387846	0.653074858698086	0.475379357066815	0.628662539861189	0.633984010000925	0.602807922817163	0.543451411798237	0.630614548707272	0.632801764746433	0.723050542394318	0.660975344846312	0.589488500811146	0.59140989216843	0.760514631496122	0.626307032406771	0.629198491800552	0.65436276502226	0.567662769756723	0.540736113435834	0.631791380689322	0.671997898352402	0.571000940687716	0.628441830637845	0.828548532035033	0.641117883854776	0.626307032406771	0.626307032406771	0.618950226161898	0.695911801482507	0.662698570317082	0.567662769756723	0.576634997105285	0.756393635299237	0.620581988154551	0.526274944149968	0.770852346346685
ZB_2	0.714321779439333	0	0.777436164495141	0.745748151852584	0.829942807500181	0.815164907882384	0.774023420950057	0.737682020451604	0.813846710659215	0.8584146539929	0.733233351223109	0.839931982002317	0.779543364304923	0.770313732381416	0.636798954048975	0.780445503176195	0.827246452368213	0.640165515306659	0.690275225751933	0.574086585234029	0.780601378158279	0.772450161885889	0.798254679067631	0.824570951707122	0.68364955665173	0.824783272184162	0.741136562996191	0.843755111752197	0.790381658748848	0.811547930546791	0.84637118135264	0.774023420950057	0.741902995615274	0.839157465061241	0.808837890625	0.799965796374416	0.782657261651118	0.896495657576438	0.691418232019376	0.780456207557026	0.9011467648606	0.783923669515448	0.774023420950057	0.774023420950057	0.877299652113956	0.794086126116109	0.815077981965753	0.808837890625	0.804733376064842	0.858046737613082	0.825002837441253	0.737208933945826	0.483856287704641
ZB_3	0.631397950487685	0.777436164495141	0	0.190027487365788	0.70390361876847	0.545235469418821	0.0155635598030818	0.156179152948785	0.745416265913377	0.608344600057108	0.56040705387677	0.626729227546909	0.254539772709693	0.424732052640094	0.579401250980668	0.329962570051906	0.335338665642278	0.59288080666302	0.342804261745775	0.533825972980504	0.0545206224047833	0.0899308171556941	0.523995180327214	0.666853289103816	0.357469923867909	0.375882519697795	0.516250239245696	0.322190634422497	0.17496493581962	0.465378018120372	0.712942599696907	0.0155635598030818	0.202735663739039	0.29335366018054	0.881500252166622	0.137266362215789	0.045170101727335	0.707133792276099	0.212332128228496	0.0551742643947447	0.775476253532208	0.0593102496079843	0.0155635598030818	0.0155635598030818	0.805730582638856	0.224631414155924	0.417991728357074	0.881500252166622	0.248720639318501	0.60982389508702	0.326706460332571	0.397074248373293	0.812917341810038
ZB_4	0.618900023868908	0.745748151852584	0.190027487365788	0	0.634436506655567	0.571333723603238	0.20559104716887	0.152827303187729	0.720606592464514	0.516458405891897	0.49066650077032	0.604205752195402	0.187015041290516	0.322641001186689	0.599847737918038	0.214231698351014	0.461642588959468	0.508490796718353	0.188619702516968	0.453238430008798	0.19098956653065	0.169014084507042	0.542464620781617	0.630880617400183	0.206726072663331	0.492126180168198	0.516671334358947	0.424782922480757	0.238492911873057	0.516090292190379	0.649252892030848	0.20559104716887	0.130387456680246	0.419566058807142	0.857073017815959	0.297997823324477	0.181353763032974	0.65407096888469	0.0947138748388377	0.172826106424516	0.738309298617854	0.240893236948425	0.20559104716887	0.20559104716887	0.770531971423511	0.28871848928939	0.463059618675316	0.857073017815959	0.391484368538582	0.518284758029578	0.454650739935191	0.287918470018126	0.791512907435901
ZB_5	0.577553866734978	0.829942807500181	0.70390361876847	0.634436506655567	0	0.80304160307876	0.699222449371844	0.649100419518838	0.788035683195569	0.65632267344168	0.607074969687022	0.722267577501057	0.685250062168132	0.618068621534311	0.756069286951212	0.686596729382035	0.803196184152158	0.272703458649158	0.549454806237666	0.49643407275713	0.686829360588871	0.674644096500314	0.807921376379265	0.746437052602805	0.539171173100605	0.800390086876661	0.725289307703053	0.779859478787538	0.721620808657768	0.785312157803758	0.623401779401367	0.699222449371844	0.628609524138288	0.787814540801862	0.677044245250403	0.734697211622043	0.689896198509092	0.756302961557892	0.648458336907198	0.686612705313482	0.768104308390023	0.712790274732792	0.699222449371844	0.699222449371844	0.706666590177665	0.726679178535476	0.78933365315893	0.677044245250403	0.777548900008271	0.655326520707507	0.800640219397907	0.62148338720672	0.799162106703146
ZB_6	0.592688217836277	0.815164907882384	0.545235469418821	0.571333723603238	0.80304160307876	0	0.540623900262032	0.494291248719942	0.477021193772779	0.725621669390602	0.514947316498363	0.210958315769381	0.485803675626441	0.476895407465513	0.585023167754472	0.43716445228594	0.219807701269047	0.717388361754363	0.583261555398126	0.689655172413793	0.5572166680574	0.560651516745252	0.0490455019195504	0.230492032391105	0.594125082183612	0.197124824208002	0.667541869008801	0.29738465662215	0.43651730608212	0.0900198525523998	0.723661674636559	0.540623900262032	0.527685037815696	0.290156728125631	0.805930148116685	0.45044609640358	0.559914284881727	0.553967607648581	0.523541091578285	0.557026855676965	0.491487058630092	0.510323247311876	0.540623900262032	0.540623900262032	0.618045298220133	0.398371551149362	0.186137206804527	0.805930148116685	0.331694230372371	0.731416038338828	0.232249646623899	0.499739107087675	0.88206514638874
ZB_7	0.626307032406771	0.774023420950057	0.0155635598030818	0.20559104716887	0.699222449371844	0.540623900262032	0	0.171742712751867	0.742475198222699	0.602152679491884	0.554199040415549	0.622827568679097	0.268537340771475	0.416676210846935	0.573511340033864	0.343327454438566	0.345683162068351	0.586444409498349	0.332414251017805	0.526455941709913	0.070084182207865	0.0755429749611225	0.519168222644123	0.663299925262113	0.347311771592319	0.369464611244209	0.508788319973269	0.314558022257568	0.188728957688715	0.459956649309953	0.708609050531746	0	0.21829922354212	0.304441922651771	0.879817996391308	0.125282478936897	0.0300746099142073	0.703407681555997	0.22743432846284	0.0402369345284898	0.77283381504018	0.0451091689942037	0	0	0.803258910115614	0.214209527091869	0.411972990024413	0.879817996391308	0.260413220577289	0.603655361604725	0.337185304602214	0.388514944692869	0.809959637259527
ZB_8	0.614624994496917	0.737682020451604	0.156179152948785	0.152827303187729	0.649100419518838	0.494291248719942	0.171742712751867	0	0.74866922153963	0.535854795112544	0.488998937285534	0.583493223383409	0.236405855834416	0.332182787887379	0.560680784561024	0.27173183169008	0.439144909840076	0.517528875045356	0.22116674344935	0.509221740679406	0.164981988942869	0.205115476693423	0.497521194093533	0.627392864131498	0.238546809577587	0.478023065881305	0.557403115301069	0.433932681065781	0.20666992260147	0.438652404298041	0.662587567958145	0.171742712751867	0.0551734541199685	0.404623540743972	0.862135125503508	0.268086775176171	0.20134925467612	0.664886163232233	0.12852157045432	0.193278683397563	0.745804502173071	0.208549065243904	0.171742712751867	0.171742712751867	0.777706105718053	0.258124298423182	0.47312116725593	0.862135125503508	0.366054813497643	0.537607886464912	0.43186087504372	0.298544641667957	0.826828590332343
ZB_10	0.625501366688454	0.813846710659215	0.745416265913377	0.720606592464514	0.788035683195569	0.477021193772779	0.742475198222699	0.74866922153963	0	0.720381154896138	0.705755036163129	0.404849754638385	0.632267371416027	0.580313505193293	0.496390782187948	0.619745029159205	0.528282731276324	0.71563876041984	0.704204728158601	0.684257124270058	0.734806629834254	0.742321078935489	0.490036008163584	0.393306087983349	0.700034395174092	0.521556822345809	0.607057136622923	0.505454991317055	0.695493621425733	0.522808605258228	0.705048043477344	0.742475198222699	0.738877085096705	0.522952410377222	0.656715043286896	0.664354671471858	0.736688607542056	0.423576217003098	0.728004533868676	0.734674064894986	0.42609900592429	0.751068194104013	0.742475198222699	0.742475198222699	0.324370570727782	0.656107862248213	0.526296867097937	0.656715043286896	0.600312399720634	0.719899742549758	0.522156362701429	0.603108905086919	0.736395893319373
ZB_11	0.77426517980911	0.8584146539929	0.608344600057108	0.516458405891897	0.65632267344168	0.725621669390602	0.602152679491884	0.535854795112544	0.720381154896138	0	0.570956187631125	0.728428033428859	0.583670991618273	0.494808122404061	0.679939059540476	0.585452267985304	0.73968179926555	0.717581495023584	0.423721803150705	0.742039148420946	0.585759976130786	0.569642168610937	0.732438858519315	0.71586801115417	0.434095928657749	0.742920405009572	0.422028398773554	0.708813652093623	0.631779648682478	0.742324438167931	0.314390251562451	0.602152679491884	0.508750884581528	0.719336046801157	0.738334039326073	0.649076191826594	0.589816572929465	0.424553936814536	0.535005493540495	0.585473399820129	0.588274678435366	0.620099241506575	0.602152679491884	0.602152679491884	0.618284498281224	0.638470503428061	0.721345421435495	0.738334039326073	0.705757381523447	0.118349368262432	0.736300949442588	0.499324933482859	0.837705631593856
ZB_12	0.487354975011762	0.733233351223109	0.56040705387677	0.49066650077032	0.607074969687022	0.514947316498363	0.554199040415549	0.488998937285534	0.705755036163129	0.570956187631125	0	0.428836491889293	0.552861957188706	0.53567152283174	0.652102592405219	0.497841372474672	0.595268147457092	0.551873262433255	0.469399297988788	0.508426523862025	0.55483412867981	0.539679652333815	0.527345408518854	0.369658659924147	0.459822430341803	0.58949733989508	0.532806122677062	0.637947242206235	0.584091259890905	0.558489210607054	0.430292141941097	0.554199040415549	0.483686922457701	0.63329306482448	0.817208611942364	0.601765148768857	0.558670767669721	0.669943719360313	0.438483036887597	0.554563434913685	0.549343223984028	0.51200104886264	0.554199040415549	0.554199040415549	0.716114711456131	0.534145869030768	0.566759513995633	0.817208611942364	0.591726394126314	0.570047809667302	0.627505800176316	0.539081805176226	0.786710573232376
ZB_13	0.545501440055023	0.839931982002317	0.626729227546909	0.604205752195402	0.722267577501057	0.210958315769381	0.622827568679097	0.583493223383409	0.404849754638385	0.728428033428859	0.428836491889293	0	0.527609018836779	0.495323634830276	0.623070999713012	0.4700995634285	0.291390561904631	0.68227764358355	0.600326355436836	0.699214106941033	0.640453670377501	0.631637998184846	0.230486212558013	0.0938822003297849	0.595508286933481	0.281286962007115	0.706923096337801	0.372479901912976	0.543215628691507	0.226997553024048	0.67460366119284	0.622827568679097	0.600427897025651	0.354974871599159	0.771477158687185	0.530108448811234	0.642711582449574	0.522172668493685	0.568747500548267	0.640294764853385	0.401211362411624	0.591594464083547	0.622827568679097	0.622827568679097	0.550237335389917	0.480300826494525	0.277982440792202	0.771477158687185	0.406684593468608	0.736263736263736	0.32786722612909	0.514657584235494	0.874303160653144
ZB_14	0.47092085983753	0.779543364304923	0.254539772709693	0.187015041290516	0.685250062168132	0.485803675626441	0.268537340771475	0.236405855834416	0.632267371416027	0.583670991618273	0.552861957188706	0.527609018836779	0	0.392800525847736	0.604890729095324	0.294034338504445	0.374729611692665	0.567233006158302	0.301402074221436	0.52804022560315	0.21610146054511	0.253018307929106	0.489053937457734	0.58324557277821	0.316991647528634	0.41464138989259	0.578182390421439	0.364814313489036	0.215241018477675	0.400440714631346	0.695710352998571	0.268537340771475	0.230646381440699	0.370174722795565	0.741018533417199	0.189435877557448	0.248527462467379	0.555407338669141	0.187567535433153	0.241516274443749	0.765070192147304	0.297902986781184	0.268537340771475	0.268537340771475	0.669808220237405	0.377964022330967	0.443039188380917	0.741018533417199	0.293244975601687	0.58524347966005	0.366608991330169	0.168464666559396	0.820035776887555
ZB_15	0.684969418443551	0.770313732381416	0.424732052640094	0.322641001186689	0.618068621534311	0.476895407465513	0.416676210846935	0.332182787887379	0.580313505193293	0.494808122404061	0.53567152283174	0.495323634830276	0.392800525847736	0	0.422336855140537	0.395090697233983	0.484714200130792	0.48665392676612	0.224529999445679	0.578937212525991	0.395486551077037	0.397177089536124	0.499899966488774	0.518574995097595	0.252083518888451	0.500267263631587	0.531018124790313	0.423612372209846	0.455483222232817	0.470082254561623	0.634437141541424	0.416676210846935	0.298542352187961	0.453469248699139	0.851480579512316	0.478448586025761	0.400711712084159	0.44791989824409	0.331120868043601	0.39511788024202	0.5666887578918	0.440104344622479	0.416676210846935	0.416676210846935	0.585604485946516	0.284371913712564	0.448418331881064	0.851480579512316	0.555354210317685	0.541578412632812	0.478021990748783	0.304616145086335	0.812174097664544
ZB_17	0.668415938568298	0.636798954048975	0.579401250980668	0.599847737918038	0.756069286951212	0.585023167754472	0.573511340033864	0.560680784561024	0.496390782187948	0.679939059540476	0.652102592405219	0.623070999713012	0.604890729095324	0.422336855140537	0	0.637345973863702	0.60056844425542	0.61372807826774	0.557382351780995	0.586869667026564	0.596757829937473	0.61227591262093	0.58015109286368	0.610523040504676	0.547060596924932	0.608427923727451	0.600092787889462	0.58436504420903	0.639604812204263	0.572312302033183	0.65968925124533	0.573511340033864	0.598627704508232	0.577653376601413	0.815163726744046	0.618675309004157	0.600150436917096	0.559717358164064	0.584192231109311	0.596518517824402	0.578271267779058	0.590640477513318	0.573511340033864	0.573511340033864	0.484274028136387	0.491246452201407	0.605193805123496	0.815163726744046	0.674903731808143	0.659827048047894	0.595380877267347	0.605671363325831	0.760686673916454
ZB_18	0.664392074671606	0.780445503176195	0.329962570051906	0.214231698351014	0.686596729382035	0.43716445228594	0.343327454438566	0.27173183169008	0.619745029159205	0.585452267985304	0.497841372474672	0.4700995634285	0.294034338504445	0.395090697233983	0.637345973863702	0	0.372042877983418	0.578175937014939	0.304391046765249	0.530027812822571	0.297051613043195	0.332070136796451	0.434757237072136	0.492435469424314	0.319913919607322	0.411997768108247	0.579835379966783	0.32624619972892	0.364684494914552	0.397653633405125	0.696951187770046	0.343327454438566	0.256668640519996	0.379539439676221	0.875307263297379	0.410017464606303	0.32619667589188	0.693469863479542	0.224996839260148	0.3202042907167	0.584241145181188	0.368544700966146	0.343327454438566	0.343327454438566	0.796666773240014	0.404166565155366	0.354774931848612	0.875307263297379	0.290208109337524	0.606107303475725	0.407394463847259	0.365564371457315	0.820793668998738
ZB_19	0.625446455112111	0.827246452368213	0.335338665642278	0.461642588959468	0.803196184152158	0.219807701269047	0.345683162068351	0.439144909840076	0.528282731276324	0.73968179926555	0.595268147457092	0.291390561904631	0.374729611692665	0.484714200130792	0.60056844425542	0.372042877983418	0	0.729403613714004	0.563187403677738	0.690152149158309	0.371576415279855	0.395112202572862	0.19856741217744	0.357916375127477	0.572935102233076	0.0459247726485265	0.675867220439809	0.106008222548441	0.32042720928035	0.139950249970598	0.769421083199568	0.345683162068351	0.470089222424966	0.072491505348315	0.838066557825369	0.258191679585854	0.365361485729442	0.600108841297498	0.440169298522411	0.372010865837095	0.57569271998061	0.314773148211664	0.345683162068351	0.345683162068351	0.681293930954374	0.279953079339818	0.122968226107449	0.838066557825369	0.115294031563976	0.740665029474041	0.0405414850706055	0.480065579168324	0.87565339077227
ZB_20	0.520867518387846	0.640165515306659	0.59288080666302	0.508490796718353	0.272703458649158	0.717388361754363	0.586444409498349	0.517528875045356	0.71563876041984	0.717581495023584	0.551873262433255	0.68227764358355	0.567233006158302	0.48665392676612	0.61372807826774	0.578175937014939	0.729403613714004	0	0.395271514453626	0.327989355956317	0.569404470383618	0.552650280867021	0.738931735252123	0.703022898382133	0.404439796051771	0.725545356296355	0.619652889091458	0.697316694503201	0.617241145097177	0.704813882659895	0.695723840807388	0.586444409498349	0.500715191174455	0.708254546619958	0.746130544010712	0.635220610447016	0.573621234448692	0.788788652341653	0.516646040362206	0.569106579134215	0.797710980646591	0.605099558518785	0.586444409498349	0.586444409498349	0.752489241924788	0.62419617594101	0.715862563122697	0.746130544010712	0.694139752708626	0.716909159358668	0.725889277251596	0.508773291925466	0.655744849753675
ZB_22	0.653074858698086	0.690275225751933	0.342804261745775	0.188619702516968	0.549454806237666	0.583261555398126	0.332414251017805	0.22116674344935	0.704204728158601	0.423721803150705	0.469399297988788	0.600326355436836	0.301402074221436	0.224529999445679	0.557382351780995	0.304391046765249	0.563187403677738	0.395271514453626	0	0.465356073672684	0.304907379444095	0.277861781672198	0.578738376476502	0.629389927204913	0.0546075261065684	0.556959177709851	0.458523072765354	0.511390812153269	0.382128152300124	0.553922299121266	0.573104018068843	0.332414251017805	0.175686521566529	0.529047336125691	0.828680447142289	0.411151662361521	0.311714327920475	0.595088632672572	0.219741619797985	0.304426505874942	0.698134992654049	0.362528489386765	0.332414251017805	0.332414251017805	0.731406719727249	0.393355372005805	0.532419056383947	0.828680447142289	0.50626240592176	0.462106938095118	0.557514355136464	0.181874274888436	0.780133312787987
ZB_23	0.475379357066815	0.574086585234029	0.533825972980504	0.453238430008798	0.49643407275713	0.689655172413793	0.526455941709913	0.509221740679406	0.684257124270058	0.742039148420946	0.508426523862025	0.699214106941033	0.52804022560315	0.578937212525991	0.586869667026564	0.530027812822571	0.690152149158309	0.327989355956317	0.465356073672684	0	0.506944267568069	0.512395925910776	0.67408322175569	0.671283899157089	0.454425559669282	0.685734230703223	0.582682030975792	0.653410849342538	0.581815282561551	0.695028110867021	0.723924757307763	0.526455941709913	0.481764890696828	0.665935295872357	0.772066394091426	0.58230739354783	0.511772695992419	0.802773277790635	0.473841758488688	0.506603165587076	0.810575020930732	0.547817120661521	0.526455941709913	0.526455941709913	0.771477732341177	0.589309763782487	0.668326985774288	0.772066394091426	0.649773075014474	0.741478335608474	0.686128039247024	0.543368749774215	0.59868493878545
ZB_24	0.628662539861189	0.780601378158279	0.0545206224047833	0.19098956653065	0.686829360588871	0.5572166680574	0.070084182207865	0.164981988942869	0.734806629834254	0.585759976130786	0.55483412867981	0.640453670377501	0.21610146054511	0.395486551077037	0.596757829937473	0.297051613043195	0.371576415279855	0.569404470383618	0.304907379444095	0.506944267568069	0	0.0878389636725245	0.559161927247794	0.665792620553531	0.320418730055925	0.411538790368667	0.489060621429053	0.325733210282924	0.223181606593587	0.476054946764965	0.69716558753455	0.070084182207865	0.156761791792047	0.332196892639443	0.875390026386769	0.185259772509782	0.0417126063111322	0.693651508329581	0.191466555300341	0.0520219943064384	0.76593856966331	0.11140806779817	0.070084182207865	0.070084182207865	0.796787265253954	0.27109272620133	0.453847580951691	0.875390026386769	0.289680857662724	0.587324574010938	0.363414843176359	0.365985469381912	0.802129308556895
ZB_25	0.633984010000925	0.772450161885889	0.0899308171556941	0.169014084507042	0.674644096500314	0.560651516745252	0.0755429749611225	0.205115476693423	0.742321078935489	0.569642168610937	0.539679652333815	0.631637998184846	0.253018307929106	0.397177089536124	0.61227591262093	0.332070136796451	0.395112202572862	0.552650280867021	0.277861781672198	0.512395925910776	0.0878389636725245	0	0.53876355420998	0.657323081241183	0.293976668758364	0.395359457527043	0.493988429674227	0.32338550232369	0.218513619256996	0.485879087123712	0.68595534712432	0.0755429749611225	0.198167256039559	0.34783584094904	0.871072315844044	0.191655817837931	0.0468782088928442	0.684209580730742	0.231000579975898	0.0573556381035421	0.759297645956227	0.11724446313148	0.0755429749611225	0.0755429749611225	0.790524071600961	0.232156477486988	0.445646802359146	0.871072315844044	0.316283806136796	0.571267643967974	0.387256298540513	0.367103944127625	0.814070407817967
ZB_26	0.602807922817163	0.798254679067631	0.523995180327214	0.542464620781617	0.807921376379265	0.0490455019195504	0.519168222644123	0.497521194093533	0.490036008163584	0.732438858519315	0.527345408518854	0.230486212558013	0.489053937457734	0.499899966488774	0.58015109286368	0.434757237072136	0.19856741217744	0.738931735252123	0.578738376476502	0.67408322175569	0.559161927247794	0.53876355420998	0	0.250160886759754	0.579818876976526	0.175447774207209	0.675559508302869	0.275824009982949	0.414316164481421	0.100209484374426	0.73072496508557	0.519168222644123	0.524045566427505	0.268916439034024	0.810890631717523	0.428929166320115	0.538458607263818	0.565118708700081	0.526207575995545	0.535430406050255	0.504484801875632	0.488867569693967	0.519168222644123	0.519168222644123	0.627808174916619	0.375820173258288	0.15609679136074	0.810890631717523	0.310453941280764	0.738065493972289	0.211009357532292	0.485978487266434	0.885000064996685
ZB_27	0.543451411798237	0.824570951707122	0.666853289103816	0.630880617400183	0.746437052602805	0.230492032391105	0.663299925262113	0.627392864131498	0.393306087983349	0.71586801115417	0.369658659924147	0.0938822003297849	0.58324557277821	0.518574995097595	0.610523040504676	0.492435469424314	0.357916375127477	0.703022898382133	0.629389927204913	0.671283899157089	0.665792620553531	0.657323081241183	0.250160886759754	0	0.62474300790315	0.348761323419592	0.680886731095131	0.389021582733813	0.582794660594137	0.299568723606458	0.640889585299407	0.663299925262113	0.627228681391967	0.389800729524636	0.785266663442339	0.597527459795152	0.667959691964158	0.518588714134315	0.594351605976248	0.665640074568063	0.339171311052154	0.631429049697158	0.663299925262113	0.663299925262113	0.548409830515501	0.519885806004378	0.312689080566679	0.785266663442339	0.473210406691453	0.715469910296221	0.393465021949355	0.575489072087502	0.861885844283725
ZB_29	0.630614548707272	0.68364955665173	0.357469923867909	0.206726072663331	0.539171173100605	0.594125082183612	0.347311771592319	0.238546809577587	0.700034395174092	0.434095928657749	0.459822430341803	0.595508286933481	0.316991647528634	0.252083518888451	0.547060596924932	0.319913919607322	0.572935102233076	0.404439796051771	0.0546075261065684	0.454425559669282	0.320418730055925	0.293976668758364	0.579818876976526	0.62474300790315	0	0.566845862342469	0.44792240714207	0.522294378384185	0.395916281506829	0.564336650062662	0.56401781434734	0.347311771592319	0.21845827710828	0.539556887910441	0.825349993159743	0.424292116960218	0.327073777963531	0.588351015246259	0.237153488296104	0.31994858742868	0.693619917757849	0.376753995188088	0.347311771592319	0.347311771592319	0.726937399002319	0.406892960009654	0.542853366490763	0.825349993159743	0.517280415184848	0.42447685678446	0.567388650698242	0.2040813671626	0.775373505723195
ZB_30	0.632801764746433	0.824783272184162	0.375882519697795	0.492126180168198	0.800390086876661	0.197124824208002	0.369464611244209	0.478023065881305	0.521556822345809	0.742920405009572	0.58949733989508	0.281286962007115	0.41464138989259	0.500267263631587	0.608427923727451	0.411997768108247	0.0459247726485265	0.725545356296355	0.556959177709851	0.685734230703223	0.411538790368667	0.395359457527043	0.175447774207209	0.348761323419592	0.566845862342469	0	0.649343902631347	0.121938460835599	0.334259538412387	0.134869062535724	0.766133408784144	0.369464611244209	0.508470839164301	0.107168546340404	0.835757654469301	0.28249178300776	0.389026280737006	0.594407054032367	0.479031016995676	0.395636242959299	0.569642799163238	0.338737833623523	0.369464611244209	0.369464611244209	0.676749708942313	0.295710076067341	0.108506003959843	0.835757654469301	0.159368770614625	0.736967341240207	0.0851941515977925	0.495623272494689	0.873880413557026
ZB_31	0.723050542394318	0.741136562996191	0.516250239245696	0.516671334358947	0.725289307703053	0.667541869008801	0.508788319973269	0.557403115301069	0.607057136622923	0.422028398773554	0.532806122677062	0.706923096337801	0.578182390421439	0.531018124790313	0.600092787889462	0.579835379966783	0.675867220439809	0.619652889091458	0.458523072765354	0.582682030975792	0.489060621429053	0.493988429674227	0.675559508302869	0.680886731095131	0.44792240714207	0.649343902631347	0	0.63812059632509	0.551439979610908	0.695804897868551	0.469863279827096	0.508788319973269	0.534480911122677	0.65097162294101	0.791533763703067	0.565477303574122	0.493938829777892	0.57608349162682	0.533479233321484	0.488716094160903	0.649927838357922	0.53043138149639	0.508788319973269	0.508788319973269	0.682910135888533	0.59044488328278	0.6299209900234	0.791533763703067	0.634391083229284	0.420544960754469	0.671725998555345	0.534708379940163	0.640332544081271
ZB_32	0.660975344846312	0.843755111752197	0.322190634422497	0.424782922480757	0.779859478787538	0.29738465662215	0.314558022257568	0.433932681065781	0.505454991317055	0.708813652093623	0.637947242206235	0.372479901912976	0.364814313489036	0.423612372209846	0.58436504420903	0.32624619972892	0.106008222548441	0.697316694503201	0.511390812153269	0.653410849342538	0.325733210282924	0.32338550232369	0.275824009982949	0.389021582733813	0.522294378384185	0.121938460835599	0.63812059632509	0	0.306385716739194	0.225006668474813	0.784118806104462	0.314558022257568	0.434072054899929	0.102388558170336	0.84446268335527	0.256895509877879	0.299553599816861	0.584056912074548	0.449926617224717	0.306950361825789	0.57466049924473	0.336870799409539	0.314558022257568	0.314558022257568	0.672900704144292	0.291263311038328	0.163252131882673	0.84446268335527	0.16456905827057	0.70991347228581	0.145070921106329	0.452689210627724	0.860908553787602
ZB_33	0.589488500811146	0.790381658748848	0.17496493581962	0.238492911873057	0.721620808657768	0.43651730608212	0.188728957688715	0.20666992260147	0.695493621425733	0.631779648682478	0.584091259890905	0.543215628691507	0.215241018477675	0.455483222232817	0.639604812204263	0.364684494914552	0.32042720928035	0.617241145097177	0.382128152300124	0.581815282561551	0.223181606593587	0.218513619256996	0.414316164481421	0.582794660594137	0.395916281506829	0.334259538412387	0.551439979610908	0.306385716739194	0	0.385285509952087	0.729399405634388	0.188728957688715	0.250440683228809	0.278109801484351	0.804436194311603	0.114709855567524	0.214912240669581	0.635452608077938	0.258147073341738	0.223759671172528	0.785671332601903	0.220776678034255	0.188728957688715	0.188728957688715	0.735538867464989	0.264520955169758	0.335208268580415	0.804436194311603	0.233468851194283	0.633170428780739	0.311744774517556	0.311842436446011	0.840540885317005
ZB_34	0.59140989216843	0.811547930546791	0.465378018120372	0.516090292190379	0.785312157803758	0.0900198525523998	0.459956649309953	0.438652404298041	0.522808605258228	0.742324438167931	0.558489210607054	0.226997553024048	0.400440714631346	0.470082254561623	0.572312302033183	0.397653633405125	0.139950249970598	0.704813882659895	0.553922299121266	0.695028110867021	0.476054946764965	0.485879087123712	0.100209484374426	0.299568723606458	0.564336650062662	0.134869062535724	0.695804897868551	0.225006668474813	0.385285509952087	0	0.74846783386505	0.459956649309953	0.471351630853688	0.210299276827182	0.823351284475297	0.374189976441792	0.479247033929648	0.593186671422917	0.468324525365997	0.475830341973868	0.537134917922789	0.429655996359797	0.459956649309953	0.459956649309953	0.652332359697982	0.355354488285585	0.164338051038296	0.823351284475297	0.251836779073922	0.743375048254766	0.15239219532545	0.464916952937555	0.89239048195966
ZB_35	0.760514631496122	0.84637118135264	0.712942599696907	0.649252892030848	0.623401779401367	0.723661674636559	0.708609050531746	0.662587567958145	0.705048043477344	0.314390251562451	0.430292141941097	0.67460366119284	0.695710352998571	0.634437141541424	0.65968925124533	0.696951187770046	0.769421083199568	0.695723840807388	0.573104018068843	0.723924757307763	0.69716558753455	0.68595534712432	0.73072496508557	0.640889585299407	0.56401781434734	0.766133408784144	0.469863279827096	0.784118806104462	0.729399405634388	0.74846783386505	0	0.708609050531746	0.643970220087578	0.751399671129672	0.712814937012597	0.741601960134463	0.699993472293321	0.536517271395512	0.662002469508537	0.69696591118098	0.456575628893535	0.663499881537543	0.708609050531746	0.708609050531746	0.589126297984307	0.6797723729045	0.753179490694054	0.712814937012597	0.781929425867193	0.312067688720122	0.766426468578523	0.637522156220553	0.821682064206603
ZB_36	0.626307032406771	0.774023420950057	0.0155635598030818	0.20559104716887	0.699222449371844	0.540623900262032	0	0.171742712751867	0.742475198222699	0.602152679491884	0.554199040415549	0.622827568679097	0.268537340771475	0.416676210846935	0.573511340033864	0.343327454438566	0.345683162068351	0.586444409498349	0.332414251017805	0.526455941709913	0.070084182207865	0.0755429749611225	0.519168222644123	0.663299925262113	0.347311771592319	0.369464611244209	0.508788319973269	0.314558022257568	0.188728957688715	0.459956649309953	0.708609050531746	0	0.21829922354212	0.304441922651771	0.879817996391308	0.125282478936897	0.0300746099142073	0.703407681555997	0.22743432846284	0.0402369345284898	0.77283381504018	0.0451091689942037	0	0	0.803258910115614	0.214209527091869	0.411972990024413	0.879817996391308	0.260413220577289	0.603655361604725	0.337185304602214	0.388514944692869	0.809959637259527
ZB_37	0.629198491800552	0.741902995615274	0.202735663739039	0.130387456680246	0.628609524138288	0.527685037815696	0.21829922354212	0.0551734541199685	0.738877085096705	0.508750884581528	0.483686922457701	0.600427897025651	0.230646381440699	0.298542352187961	0.598627704508232	0.256668640519996	0.470089222424966	0.500715191174455	0.175686521566529	0.481764890696828	0.156761791792047	0.198167256039559	0.524045566427505	0.627228681391967	0.21845827710828	0.508470839164301	0.534480911122677	0.434072054899929	0.250440683228809	0.471351630853688	0.643970220087578	0.21829922354212	0	0.437792739688088	0.855075150983093	0.309227766597151	0.194449663739528	0.649828005259453	0.144942372591073	0.186058424229398	0.735379859995758	0.253036683464991	0.21829922354212	0.21829922354212	0.767717450493406	0.300204914846842	0.498567281492841	0.855075150983093	0.401031759159706	0.530710585350695	0.463207072988254	0.262623548821651	0.817140423983861
ZB_38	0.65436276502226	0.839157465061241	0.29335366018054	0.419566058807142	0.787814540801862	0.290156728125631	0.304441922651771	0.404623540743972	0.522952410377222	0.719336046801157	0.63329306482448	0.354974871599159	0.370174722795565	0.453469248699139	0.577653376601413	0.379539439676221	0.072491505348315	0.708254546619958	0.529047336125691	0.665935295872357	0.332196892639443	0.34783584094904	0.268916439034024	0.389800729524636	0.539556887910441	0.107168546340404	0.65097162294101	0.102388558170336	0.278109801484351	0.210299276827182	0.751399671129672	0.304441922651771	0.437792739688088	0	0.849965724657971	0.247854365669851	0.325535111605666	0.598773328956388	0.439681538288088	0.332662580055343	0.58370964843984	0.271309488503648	0.304441922651771	0.304441922651771	0.684473752812026	0.233985867612421	0.157914622889102	0.849965724657971	0.187785536912291	0.720396123570437	0.060445605672103	0.480737291796669	0.865934802813395
ZB_39	0.567662769756723	0.808837890625	0.881500252166622	0.857073017815959	0.677044245250403	0.805930148116685	0.879817996391308	0.862135125503508	0.656715043286896	0.738334039326073	0.817208611942364	0.771477158687185	0.741018533417199	0.851480579512316	0.815163726744046	0.875307263297379	0.838066557825369	0.746130544010712	0.828680447142289	0.772066394091426	0.875390026386769	0.871072315844044	0.810890631717523	0.785266663442339	0.825349993159743	0.835757654469301	0.791533763703067	0.84446268335527	0.804436194311603	0.823351284475297	0.712814937012597	0.879817996391308	0.855075150983093	0.849965724657971	0	0.781704467692915	0.876482331352054	0.595056208044097	0.861912436497893	0.875312946630594	0.824384182241705	0.884708588079821	0.879817996391308	0.879817996391308	0.491903487562867	0.889761989056505	0.851017575985638	0	0.816963547266562	0.737563041333187	0.835963467654328	0.68855025617345	0.769049257693442
ZB_41	0.540736113435834	0.799965796374416	0.137266362215789	0.297997823324477	0.734697211622043	0.45044609640358	0.125282478936897	0.268086775176171	0.664354671471858	0.649076191826594	0.601765148768857	0.530108448811234	0.189435877557448	0.478448586025761	0.618675309004157	0.410017464606303	0.258191679585854	0.635220610447016	0.411151662361521	0.58230739354783	0.185259772509782	0.191655817837931	0.428929166320115	0.597527459795152	0.424292116960218	0.28249178300776	0.565477303574122	0.256895509877879	0.114709855567524	0.374189976441792	0.741601960134463	0.125282478936897	0.309227766597151	0.247854365669851	0.781704467692915	0	0.151706541229643	0.6181190184932	0.314938044295517	0.160635331974159	0.793398949510245	0.160141624853334	0.125282478936897	0.125282478936897	0.716383170689856	0.294421619891154	0.352345349874904	0.781704467692915	0.161519932180961	0.650401642325642	0.248557537517922	0.299098693660648	0.832373666072783
ZB_43	0.631791380689322	0.782657261651118	0.045170101727335	0.181353763032974	0.689896198509092	0.559914284881727	0.0300746099142073	0.20134925467612	0.736688607542056	0.589816572929465	0.558670767669721	0.642711582449574	0.248527462467379	0.400711712084159	0.600150436917096	0.32619667589188	0.365361485729442	0.573621234448692	0.311714327920475	0.511772695992419	0.0417126063111322	0.0468782088928442	0.538458607263818	0.667959691964158	0.327073777963531	0.389026280737006	0.493938829777892	0.299553599816861	0.214912240669581	0.479247033929648	0.699993472293321	0.0300746099142073	0.194449663739528	0.325535111605666	0.876482331352054	0.151706541229643	0	0.696051277765129	0.226700884643325	0.0104774292106979	0.76763147600661	0.0738271382473563	0.0300746099142073	0.0300746099142073	0.798379124600473	0.239778713340484	0.431645286055209	0.876482331352054	0.282656004466132	0.591365848913165	0.357119198011706	0.371543108146896	0.804067029605583
ZB_44	0.671997898352402	0.896495657576438	0.707133792276099	0.65407096888469	0.756302961557892	0.553967607648581	0.703407681555997	0.664886163232233	0.423576217003098	0.424553936814536	0.669943719360313	0.522172668493685	0.555407338669141	0.44791989824409	0.559717358164064	0.693469863479542	0.600108841297498	0.788788652341653	0.595088632672572	0.802773277790635	0.693651508329581	0.684209580730742	0.565118708700081	0.518588714134315	0.588351015246259	0.594407054032367	0.57608349162682	0.584056912074548	0.635452608077938	0.593186671422917	0.536517271395512	0.703407681555997	0.649828005259453	0.598773328956388	0.595056208044097	0.6181190184932	0.696051277765129	0	0.664408430042927	0.693482336186476	0.474117786507722	0.714270232486311	0.703407681555997	0.703407681555997	0.203017965989273	0.590220510562113	0.601586224914133	0.595056208044097	0.674429469392378	0.423200612557427	0.594915305273935	0.4779124367643	0.885847300718739
ZB_45	0.571000940687716	0.691418232019376	0.212332128228496	0.0947138748388377	0.648458336907198	0.523541091578285	0.22743432846284	0.12852157045432	0.728004533868676	0.535005493540495	0.438483036887597	0.568747500548267	0.187567535433153	0.331120868043601	0.584192231109311	0.224996839260148	0.440169298522411	0.516646040362206	0.219741619797985	0.473841758488688	0.191466555300341	0.231000579975898	0.526207575995545	0.594351605976248	0.237153488296104	0.479031016995676	0.533479233321484	0.449926617224717	0.258147073341738	0.468324525365997	0.662002469508537	0.22743432846284	0.144942372591073	0.439681538288088	0.861912436497893	0.314938044295517	0.226700884643325	0.664408430042927	0	0.218991065367499	0.745472564308096	0.260792073515461	0.22743432846284	0.22743432846284	0.777389206922996	0.306284552328906	0.447155089847398	0.861912436497893	0.367212699528575	0.536761792732189	0.432898567844958	0.297411601821505	0.799369216817675
ZB_46	0.628441830637845	0.780456207557026	0.0551742643947447	0.172826106424516	0.686612705313482	0.557026855676965	0.0402369345284898	0.193278683397563	0.734674064894986	0.585473399820129	0.554563434913685	0.640294764853385	0.241516274443749	0.39511788024202	0.596518517824402	0.3202042907167	0.372010865837095	0.569106579134215	0.304426505874942	0.506603165587076	0.0520219943064384	0.0573556381035421	0.535430406050255	0.665640074568063	0.31994858742868	0.395636242959299	0.488716094160903	0.306950361825789	0.223759671172528	0.475830341973868	0.69696591118098	0.0402369345284898	0.186058424229398	0.332662580055343	0.875312946630594	0.160635331974159	0.0104774292106979	0.693482336186476	0.218991065367499	0	0.765819305251245	0.0835310488432391	0.0402369345284898	0.0402369345284898	0.796675046866144	0.248418638231371	0.427841955081001	0.875312946630594	0.290171925399057	0.587039080108214	0.363854936105456	0.365593288210417	0.801992419194512
ZB_48	0.828548532035033	0.9011467648606	0.775476253532208	0.738309298617854	0.768104308390023	0.491487058630092	0.77283381504018	0.745804502173071	0.42609900592429	0.588274678435366	0.549343223984028	0.401211362411624	0.765070192147304	0.5666887578918	0.578271267779058	0.584241145181188	0.57569271998061	0.797710980646591	0.698134992654049	0.810575020930732	0.76593856966331	0.759297645956227	0.504484801875632	0.339171311052154	0.693619917757849	0.569642799163238	0.649927838357922	0.57466049924473	0.785671332601903	0.537134917922789	0.456575628893535	0.77283381504018	0.735379859995758	0.58370964843984	0.824384182241705	0.793398949510245	0.76763147600661	0.474117786507722	0.745472564308096	0.765819305251245	0	0.737667047349485	0.77283381504018	0.77283381504018	0.510000733662259	0.62024806945283	0.545805226211339	0.824384182241705	0.690986751544586	0.58743822581712	0.608203444707241	0.731834276641679	0.891478598322977
ZB_49	0.641117883854776	0.783923669515448	0.0593102496079843	0.240893236948425	0.712790274732792	0.510323247311876	0.0451091689942037	0.208549065243904	0.751068194104013	0.620099241506575	0.51200104886264	0.591594464083547	0.297902986781184	0.440104344622479	0.590640477513318	0.368544700966146	0.314773148211664	0.605099558518785	0.362528489386765	0.547817120661521	0.11140806779817	0.11724446313148	0.488867569693967	0.631429049697158	0.376753995188088	0.338737833623523	0.53043138149639	0.336870799409539	0.220776678034255	0.429655996359797	0.663499881537543	0.0451091689942037	0.253036683464991	0.271309488503648	0.884708588079821	0.160141624853334	0.0738271382473563	0.714270232486311	0.260792073515461	0.0835310488432391	0.737667047349485	0	0.0451091689942037	0.0451091689942037	0.810464457852543	0.174046354920271	0.381072444155915	0.884708588079821	0.28538071573059	0.621534138878044	0.305873850836292	0.413398235363177	0.818532200098107
