ZB_1	ZB_2	ZB_3	ZB_4	ZB_5	ZB_6	ZB_7	ZB_8	ZB_9	ZB_10	ZB_11	ZB_12	ZB_13	ZB_14	ZB_15	ZB_16	ZB_17	ZB_18	ZB_19	ZB_20	ZB_21	ZB_22	ZB_23	ZB_24	ZB_25	ZB_26	ZB_27	ZB_28	ZB_29	ZB_30	ZB_31	ZB_32	ZB_33	ZB_34	ZB_35	ZB_36	ZB_37	ZB_38	ZB_39	ZB_40	ZB_41	ZB_42	ZB_43	ZB_44	ZB_45	ZB_46	ZB_47	ZB_48	ZB_49	ZB_50	ZB_51	ZB_52	ZB_53	ZB_54	ZB_55	ZB_56	ZB_57	ZB_58	ZB_59	ZB_60	ZB_61	ZB_62	ZB_63	ZB_64
ZB_1	0	0.580973247118023	0.452415842116584	0.402787730657999	0.524705187019786	0.619340004367429	0.538331628446021	0.34438290727339	0.399686969477733	0.415570110591993	0.50500668963265	0.512315221025542	0.561007167975107	0.535403004666633	0.522089205905188	0.452241120230847	0.556120680730782	0.407508021324191	0.610656498780823	0.570211893039869	0.781732810188461	0.458672125976141	0.32686866686722	0.519049858889934	0.521506467347598	0.611973131162352	0.524176316294543	0.399057417804588	0.419286007386131	0.619757204081267	0.399965376547023	0.584726861270984	0.511828053778201	0.573495935349387	0.533390931728523	0.427975696221148	0.488609595069144	0.616144986636541	0.29977862640162	0.284635716110898	0.540235749791372	0.436948989412897	0.509912432558565	0.328799298729322	0.496887390793597	0.539044940514715	0.340119425917519	0.462145439982355	0.52645476956425	0.524705187019786	0.488499563531537	0.556230057270675	0.352332316550708	0.51953947318059	0.629054113255374	0.344195731389901	0.556997578917314	0.411477838723914	0.585932702236739	0.329552660732704	0.524705187019786	0.456742523979688	0.351094485905488	0.506851221729641
ZB_2	0.580973247118023	0	0.473001644236039	0.412049560832248	0.129246872578924	0.53207584721996	0.425281652267644	0.389389819188016	0.401662909048258	0.496576623009136	0.247405893504348	0.514790206069778	0.591209052771469	0.272879290451044	0.337188868651368	0.278517581927678	0.245808782343261	0.386491237213533	0.512359409755945	0.0928282767356294	0.779601467138376	0.388798717513334	0.402958475364932	0.400455821520331	0.524674782717219	0.54812100816009	0.540713772342205	0.549162740449539	0.422926825809166	0.535770769849548	0.371104794158436	0.519904180158697	0.484928601837374	0.569519545764661	0.104555217872396	0.443491228632821	0.350295948958413	0.557960933134837	0.527679505030421	0.450516541279109	0.352965812243836	0.372249049292355	0.414575987732588	0.456709062323631	0.277943582855049	0.403310366750875	0.527006272633213	0.624171629316715	0.419856135814937	0.129246872578924	0.47111613142927	0.415951947789425	0.55522896039604	0.512666045118054	0.546292302602291	0.515240252035736	0.52789525595714	0.326430031982384	0.523985481732304	0.40014310890853	0.129246872578924	0.431578107670653	0.377112019761835	0.183384170292073
ZB_3	0.452415842116584	0.473001644236039	0	0.187435818611131	0.571001011621308	0.613621912012028	0.176854430703189	0.292879161342288	0.460477145960275	0.45220569409596	0.588936935956885	0.524002334741225	0.590562986779143	0.254188904431143	0.334790912746281	0.364970388493815	0.521964054575933	0.30741873089162	0.517180773174692	0.488172409605918	0.787712593090479	0.264565608226509	0.447872350446001	0.129982650754429	0.421574936080154	0.606713163195558	0.554448988185003	0.432868706388983	0.319769744499838	0.527371022855961	0.498268129008696	0.490803163959785	0.374377092506607	0.570950612830282	0.442505668387284	0.212729807029743	0.303831242537258	0.516571931249154	0.35368887906695	0.440467915298964	0.415575904357607	0.519957742326465	0.0977144546857646	0.468648004400709	0.29359789135415	0.169735501703925	0.34907846774163	0.625407755581669	0.119735598946404	0.571001011621308	0.0532832525599786	0.182410152770207	0.371617291313964	0.379268638092978	0.555642877414003	0.364802672228817	0.450406626954409	0.349873483499709	0.481081930415264	0.453887855868533	0.571001011621308	0.165457927401978	0.464360449709261	0.578969705132669
ZB_4	0.402787730657999	0.412049560832248	0.187435818611131	0	0.525865811708914	0.528221323397557	0.257840497950925	0.174607165685654	0.418550633059515	0.446722225360572	0.495516643692593	0.463678707974782	0.505441572535939	0.22680412371134	0.32864709997668	0.27542095337045	0.458168391566164	0.235879772580332	0.44287375362365	0.390273425038002	0.761235227589372	0.296746117441988	0.371596733108129	0.272895983584296	0.357598956819934	0.522725800574875	0.483943761333882	0.479403049469234	0.239209751648078	0.458436722134023	0.423554352980557	0.421833149895345	0.338022902660076	0.497662908990927	0.371175454376722	0.221093610297631	0.274232754720375	0.427225201829165	0.415201214320092	0.306839796591747	0.352623984202932	0.447941099469446	0.20806925727521	0.353923643082327	0.186161761584922	0.278649569061031	0.442792851980816	0.563257313982953	0.242573193410023	0.525865811708914	0.22081226628746	0.301165603949941	0.450589492777094	0.311751488568644	0.463699164099779	0.396491949898488	0.364940532238749	0.231651824018462	0.402499363660315	0.374863053523885	0.525865811708914	0.227274228165759	0.385524363446059	0.532256124650537
ZB_5	0.524705187019786	0.129246872578924	0.571001011621308	0.525865811708914	0	0.618402721236136	0.517494836593366	0.475872169986617	0.316687155643795	0.427574577128149	0.150651268316079	0.570143141829494	0.649077447887887	0.391782071378552	0.425613982220883	0.367787733305948	0.330418493931322	0.499519100931949	0.595402947043036	0.212739007177755	0.746887463368197	0.479395859576796	0.31705492981107	0.499297726341921	0.597151361385649	0.634447882176265	0.59659022110285	0.488082257130201	0.509216878197631	0.617084551881165	0.28383460286714	0.593012875159613	0.564899414802619	0.659193811212666	0.200413983090617	0.535222664555216	0.44535862771954	0.647419479433459	0.457572439195874	0.372712650091108	0.433292166440283	0.287600577676914	0.513655652313818	0.382474569281525	0.394470631334717	0.499292693277659	0.457229519145147	0.585054166430338	0.519005289302737	0	0.571439760284182	0.512023747724298	0.491629303730699	0.60771517136414	0.628939249851463	0.443286813795335	0.617022588189582	0.415820221059702	0.613342497771319	0.313315514997436	0	0.525838769437462	0.287489633750999	0.062172958107528
ZB_6	0.619340004367429	0.53207584721996	0.613621912012028	0.528221323397557	0.618402721236136	0	0.558271164697887	0.483050366363493	0.551727121731111	0.572834843315738	0.559352440931388	0.21752591544923	0.240228271004415	0.562125768172416	0.534301626913569	0.507425640013811	0.418801577985735	0.52163625064449	0.175230478423443	0.508466644433208	0.834758221579211	0.566553173484906	0.608632910665896	0.632187170777522	0.302606567674796	0.0202981861435934	0.226104930945891	0.58375145819691	0.482556017958548	0.115722192350142	0.547164643431657	0.200333714239485	0.354941270851854	0.113551191555864	0.537117380654484	0.526632374738845	0.533409646764047	0.246335855924897	0.663203132792409	0.584894286657022	0.423690453029089	0.519576702328585	0.5766337259167	0.548545210479735	0.532198095108742	0.577104059451496	0.656333886978356	0.294194729980222	0.588900087668553	0.618402721236136	0.608434113683886	0.562212932960015	0.646966733595556	0.328781452632437	0.0871697662178625	0.661598400220659	0.255804013636723	0.474163253995135	0.224031183616227	0.598278612118074	0.618402721236136	0.57507176783757	0.577097608754949	0.620223218013304
ZB_7	0.538331628446021	0.425281652267644	0.176854430703189	0.257840497950925	0.517494836593366	0.558271164697887	0	0.294048924574156	0.446386445895678	0.450153402898984	0.519758962490721	0.479666416791604	0.53542868144858	0.258806099074423	0.271691239128187	0.359920846534291	0.411854408282836	0.401040667377841	0.442529408093856	0.433953476971346	0.789090272789228	0.376758448542823	0.424178577366517	0.260195866999513	0.386802816025645	0.553467810393547	0.514157563856636	0.521460571454365	0.357113862118096	0.471365621996136	0.46201233118648	0.419982803166876	0.31022647799887	0.547115493596283	0.396812728960764	0.278995229576625	0.317313618402973	0.449798026793518	0.466289306592999	0.432382373519055	0.400553183456251	0.39520343762589	0.176143332749255	0.473411026248793	0.294651654689491	0.180642318437429	0.462060512589026	0.589630060400999	0.154107760374288	0.517494836593366	0.220714303965658	0.239573649529623	0.478574282991608	0.375924889342547	0.488047754923954	0.428432261856092	0.391961863336299	0.349249944908171	0.409843970953356	0.403638059701493	0.517494836593366	0.240947925142392	0.436431465697918	0.523512749236583
ZB_8	0.34438290727339	0.389389819188016	0.292879161342288	0.174607165685654	0.475872169986617	0.483050366363493	0.294048924574156	0	0.361768910065515	0.421341429033531	0.447359225412899	0.397926636618594	0.447201973327447	0.262520169353615	0.291136799926231	0.190706315365815	0.389191398444731	0.25853828986226	0.439955540140001	0.367991668113175	0.766101856865306	0.316128211135891	0.337070767118754	0.364873067347088	0.360289232064278	0.476724301337575	0.432315668866752	0.49120190960874	0.227230975557505	0.455482408911085	0.361378036053402	0.392309562813556	0.33995075554119	0.464760572488106	0.327743362512017	0.278691454631266	0.242667260292887	0.429331345873611	0.430284989838129	0.2758562679754	0.350267438727601	0.388969220108147	0.264357492057942	0.305248806248226	0.22199942947825	0.330137813741291	0.459703517780015	0.507177462132375	0.321179844326096	0.475872169986617	0.324404435508438	0.365960671473365	0.467037213920344	0.355539622695984	0.44782387834038	0.415280709435836	0.394995992720478	0.136997901402747	0.390307747984574	0.329075971043342	0.475872169986617	0.223569649719424	0.31824726420407	0.480908299825962
ZB_9	0.399686969477733	0.401662909048258	0.460477145960275	0.418550633059515	0.316687155643795	0.551727121731111	0.446386445895678	0.361768910065515	0	0.272063148916145	0.394941526556195	0.464404444650713	0.539032891090394	0.380838890108418	0.41279165475355	0.343204799544257	0.512796445915634	0.497899573971467	0.553386296991699	0.463231710421986	0.666651643777246	0.465652930592018	0.222968551878126	0.497532005895443	0.49972084227232	0.570442971320514	0.527865049175017	0.343948557828774	0.391699696207339	0.558840043662293	0.176446109030379	0.527432735354413	0.495316962006165	0.577019970377795	0.429662111801242	0.482574100786376	0.442708174485889	0.569570461122945	0.285624733685142	0.185753027828284	0.511638820692202	0.220359813729221	0.386236307908753	0.20670016996917	0.384155072794843	0.458258576710326	0.272644957225737	0.475597291938527	0.441670676078126	0.316687155643795	0.467311702341473	0.403479510712521	0.338162422842517	0.511644280114084	0.567222810734463	0.266810613261661	0.509202647124299	0.326510317394547	0.547725540359393	0.184934883685652	0.316687155643795	0.405051955064466	0.177908618127786	0.31710996353675
ZB_10	0.415570110591993	0.496576623009136	0.45220569409596	0.446722225360572	0.427574577128149	0.572834843315738	0.450153402898984	0.421341429033531	0.272063148916145	0	0.380877081437795	0.45011424219345	0.532325907058973	0.437209712170912	0.384879798194694	0.421480769399341	0.57164958089545	0.506201675257732	0.559051912701113	0.549958779884584	0.685947903881764	0.483140805023161	0.277829489690299	0.482215782245428	0.557357846158189	0.564586195858801	0.581152612607499	0.352871543930815	0.456698340510512	0.57303679844371	0.325177122421057	0.532305158017676	0.544684716913634	0.547779099229536	0.519444437745241	0.514319911562044	0.478548954181036	0.619430706719549	0.249151415473983	0.263884362479152	0.604966059680574	0.334526598834363	0.374481076082608	0.289123024480942	0.462347905571459	0.458245953329438	0.294252445902637	0.4343667378123	0.432659088022355	0.427574577128149	0.449058671313899	0.480491546927094	0.3069116999809	0.560390634506684	0.576436586473363	0.229065332260209	0.585491909725878	0.398354837337353	0.593547373999751	0.294144888447603	0.427574577128149	0.372905783370498	0.270351423894774	0.431869880019625
ZB_11	0.50500668963265	0.247405893504348	0.588936935956885	0.495516643692593	0.150651268316079	0.559352440931388	0.519758962490721	0.447359225412899	0.394941526556195	0.380877081437795	0	0.516588156123822	0.56421786056387	0.424616834357624	0.434474158625779	0.388191211159047	0.289425125409963	0.484143621166922	0.538866210346913	0.253481030236821	0.777027175164158	0.50552461068923	0.361700389200437	0.548580450930245	0.600307734670943	0.575182614656299	0.589258028792913	0.544305813242201	0.479392888436254	0.561436720682518	0.330155383054153	0.53366116865774	0.570062365351827	0.580933184583798	0.184266947711646	0.542258310358451	0.445724826635998	0.622747309736808	0.522162722120518	0.378194095787247	0.429997798519748	0.306572122267918	0.561547840828223	0.387055373176281	0.398101037252401	0.547270297448926	0.521511472603673	0.527103472053734	0.566370678596844	0.150651268316079	0.613832151020371	0.558749831960737	0.550202326087072	0.599880044360953	0.572238609451014	0.509578176556351	0.593637743622133	0.417711535446352	0.605670506535366	0.358567395346417	0.150651268316079	0.548707791616112	0.334998352230481	0.173845959900464
ZB_12	0.512315221025542	0.514790206069778	0.524002334741225	0.463678707974782	0.570143141829494	0.21752591544923	0.479666416791604	0.397926636618594	0.464404444650713	0.45011424219345	0.516588156123822	0	0.198151178294843	0.530449987761926	0.471529031329251	0.421181987810553	0.492416530571891	0.433481018351925	0.292745376955903	0.524258688185897	0.82154536418565	0.475296148511584	0.501612432493711	0.54936321821912	0.182756339788662	0.202060260192484	0.184162587224264	0.553379806174249	0.392988386957044	0.264495773306346	0.46231764991137	0.24100266305956	0.266857002654295	0.297043143395374	0.517131445045211	0.428029806043551	0.448655634845238	0.366454699915047	0.556776575692634	0.473047043752513	0.369358123255662	0.45092255365259	0.49740531703352	0.46453905044612	0.497016055519515	0.484293211262508	0.570448360926731	0.2112248462565	0.509533341559611	0.570143141829494	0.530206238600758	0.51635316943826	0.537442226755145	0.244770240700219	0.24662365238442	0.555652949498677	0.301445329263214	0.405132856561428	0.307978033455182	0.495372733149604	0.570143141829494	0.480380403990789	0.494527045081498	0.594791229273988
ZB_13	0.561007167975107	0.591209052771469	0.590562986779143	0.505441572535939	0.649077447887887	0.240228271004415	0.53542868144858	0.447201973327447	0.539032891090394	0.532325907058973	0.56421786056387	0.198151178294843	0	0.588938660578064	0.508886423960945	0.489201767549289	0.492882111849491	0.53448546704727	0.310397969173791	0.564765516523529	0.797309108094027	0.567970040651161	0.568947281072659	0.607302091116986	0.278870983365267	0.232682972473965	0.265264286615365	0.644827306890788	0.480981851714533	0.316606711713901	0.580178002570838	0.245909769185779	0.348270760667152	0.216870429921819	0.563296352493744	0.532771136983555	0.538634417333351	0.279174049244016	0.609725507542676	0.530924995279713	0.464314256821105	0.5212981216995	0.571395497850886	0.563483129497817	0.550316471958615	0.603122641903769	0.630371917741292	0.294301721607514	0.578864434318156	0.649077447887887	0.576887433809991	0.566188114306516	0.634541319497936	0.311500411232523	0.274374029399877	0.597340036735652	0.293383214842294	0.460477681203887	0.346061195579086	0.56669007280804	0.649077447887887	0.550173795524703	0.572435191867062	0.634169982654831
ZB_14	0.535403004666633	0.272879290451044	0.254188904431143	0.22680412371134	0.391782071378552	0.562125768172416	0.258806099074423	0.262520169353615	0.380838890108418	0.437209712170912	0.424616834357624	0.530449987761926	0.588938660578064	0	0.185315784162498	0.195855771813029	0.392653253899179	0.260180976903144	0.497554528901106	0.316544895643373	0.748797416374897	0.26699575972548	0.438462524237224	0.200956349313486	0.463081723227443	0.578915264671216	0.57077554497866	0.491610454360872	0.372681387517368	0.499126830014919	0.415143798681845	0.479348892944566	0.437243792664862	0.573002282536107	0.296269083581239	0.365954080857061	0.238092753065905	0.486856215886262	0.46166552428941	0.415118554327808	0.419615184349508	0.438910729499194	0.217913082109131	0.422916527657303	0.060361983767465	0.294248563452463	0.461300281095413	0.629899619099729	0.275858048871479	0.391782071378552	0.285206546684382	0.302906471314584	0.495325907148893	0.448267240749878	0.509875903695863	0.4474876962882	0.449588698550791	0.291960311192604	0.468984890735554	0.405183025221124	0.391782071378552	0.257911734375675	0.405093557128435	0.39440738629653
ZB_15	0.522089205905188	0.337188868651368	0.334790912746281	0.32864709997668	0.425613982220883	0.534301626913569	0.271691239128187	0.291136799926231	0.41279165475355	0.384879798194694	0.434474158625779	0.471529031329251	0.508886423960945	0.185315784162498	0	0.202221152284382	0.348856606042053	0.286855795241729	0.500808281043014	0.377003905675486	0.757759368076293	0.25687020269683	0.444122061604778	0.282309176488664	0.453809695947303	0.534837508254981	0.51034676289591	0.502237172144814	0.347657896898185	0.522932696592496	0.451668927501369	0.47769625677096	0.435073801937707	0.509158299969861	0.33719603132358	0.433840191044412	0.27163137485507	0.500599372571691	0.443060480901195	0.420565793689407	0.485101357041823	0.401928624636013	0.30675048856867	0.431474416677383	0.212682959450084	0.37442163217705	0.471957989972004	0.563676113029442	0.36106710891259	0.425613982220883	0.365814126394052	0.402478210873607	0.479076879866432	0.455273556334126	0.516266772777882	0.428161693374387	0.471456213166329	0.328246504527443	0.479841620224266	0.444116003157646	0.425613982220883	0.255301739705755	0.416771843267741	0.429292315017765
ZB_16	0.452241120230847	0.278517581927678	0.364970388493815	0.27542095337045	0.367787733305948	0.507425640013811	0.359920846534291	0.190706315365815	0.343204799544257	0.421480769399341	0.388191211159047	0.421181987810553	0.489201767549289	0.195855771813029	0.202221152284382	0	0.352568295014338	0.227372693538937	0.477363536858135	0.27478747987522	0.764424292954369	0.262851897184823	0.337496492143911	0.287187018392159	0.411883321300946	0.507489444106168	0.4665524493597	0.503198342845257	0.301344251563116	0.495946863236787	0.34496043699588	0.447154388703554	0.392674229261237	0.496606936834532	0.262898837496908	0.329367838841163	0.215820249083091	0.489407599626934	0.445283643154609	0.299564218814311	0.402559552638759	0.3731439796337	0.293824008786124	0.34227649284676	0.163275278645554	0.362335036042319	0.464131700812825	0.53456098029003	0.348106834695731	0.367787733305948	0.369233375589295	0.396580129141976	0.48054314439446	0.4225716637669	0.489772539113492	0.43067437428616	0.445194165184072	0.183369883148813	0.445688922426676	0.339297169069145	0.367787733305948	0.30711735083168	0.301202702293314	0.36974576338495
ZB_17	0.556120680730782	0.245808782343261	0.521964054575933	0.458168391566164	0.330418493931322	0.418801577985735	0.411854408282836	0.389191398444731	0.512796445915634	0.57164958089545	0.289425125409963	0.492416530571891	0.492882111849491	0.392653253899179	0.348856606042053	0.352568295014338	0	0.423709846735251	0.383201222924945	0.210819658678898	0.814598586718987	0.473985626191325	0.488716858709028	0.484208204395106	0.491332308377734	0.434717839925624	0.435790604047511	0.577726903639957	0.450498151645015	0.40942794614755	0.459272342390215	0.423536817845559	0.432320298724199	0.433386447421767	0.159094805417452	0.457598748211363	0.402807836943601	0.454750614390933	0.621036747856319	0.502899844607009	0.337754963233905	0.398755390650597	0.496320580558915	0.506877857566519	0.368240482548883	0.484578855492955	0.620063090352639	0.565609487089701	0.500836038788805	0.330418493931322	0.544983038134365	0.495385480333775	0.641535037130582	0.473281400503119	0.4377001418074	0.610710197693167	0.425583154061337	0.366511412299678	0.439374147184572	0.486711403966128	0.330418493931322	0.512605391673784	0.466781519185591	0.330034581625494
ZB_18	0.407508021324191	0.386491237213533	0.30741873089162	0.235879772580332	0.499519100931949	0.52163625064449	0.401040667377841	0.25853828986226	0.497899573971467	0.506201675257732	0.484143621166922	0.433481018351925	0.53448546704727	0.260180976903144	0.286855795241729	0.227372693538937	0.423709846735251	0	0.520083060084953	0.380222448970169	0.807436560613457	0.127187199429274	0.453961051771271	0.254694515048578	0.390742892644707	0.513172726819293	0.463650800405858	0.460441715046103	0.252279948770991	0.49995417297178	0.45015069447596	0.508529253533239	0.418201008297684	0.509036068018335	0.361289824127662	0.226988446141353	0.187453934033536	0.509901601461849	0.457415560687188	0.42653654776088	0.383283266732945	0.51881874647653	0.366590108884259	0.400321478570976	0.208089831703843	0.353745064417336	0.482500658802375	0.536574084674742	0.382176769734896	0.499519100931949	0.338434179655394	0.417030556184717	0.43066171306169	0.394240287706107	0.501346262564319	0.484775247778405	0.462357854430313	0.295199935491226	0.447202712521192	0.461617717021977	0.499519100931949	0.299002442307041	0.468642529221082	0.505106802978055
ZB_19	0.610656498780823	0.512359409755945	0.517180773174692	0.44287375362365	0.595402947043036	0.175230478423443	0.442529408093856	0.439955540140001	0.553386296991699	0.559051912701113	0.538866210346913	0.292745376955903	0.310397969173791	0.497554528901106	0.500808281043014	0.477363536858135	0.383201222924945	0.520083060084953	0	0.454554443557671	0.846501776274828	0.586633190260667	0.57484730979092	0.533426175795854	0.274680121903497	0.167741150711592	0.286020806371528	0.63925148565914	0.498202286813831	0.0688346625967254	0.558819201730533	0.096461651745921	0.249538954138647	0.192792622096639	0.499183916103139	0.461299172332992	0.52406880950587	0.201934713569798	0.663464654320387	0.57067194167531	0.351313118012467	0.49801332254006	0.470163158832774	0.578784617424331	0.475176844219315	0.484418629975032	0.672959461406683	0.367290771023344	0.495278467534595	0.595402947043036	0.522450541972488	0.470575460168727	0.680950009289015	0.252150877363535	0.0981732569918345	0.65416443882759	0.163449589421616	0.44471154796595	0.205127136637656	0.595406356977753	0.595402947043036	0.554701188238667	0.535773866914174	0.610368536659439
ZB_20	0.570211893039869	0.0928282767356294	0.488172409605918	0.390273425038002	0.212739007177755	0.508466644433208	0.433953476971346	0.367991668113175	0.463231710421986	0.549958779884584	0.253481030236821	0.524258688185897	0.564765516523529	0.316544895643373	0.377003905675486	0.27478747987522	0.210819658678898	0.380222448970169	0.454554443557671	0	0.791222523877219	0.435017358948262	0.434820962248261	0.410669424092772	0.516575898660528	0.524367153292524	0.515025298191986	0.598511961700162	0.401166561665268	0.479518467946834	0.403633462580234	0.465984325823554	0.462854470021992	0.544652914704694	0.0928335127632286	0.418694641538076	0.34008828768361	0.496332462467723	0.582390876007801	0.450363914188632	0.318680006395946	0.403950823048677	0.432476885413448	0.456361339907051	0.28926944729968	0.421166780613093	0.581494855931059	0.608281887012231	0.437534761010624	0.212739007177755	0.486710384288403	0.433278939387295	0.606379139662244	0.478373065853702	0.507855792877114	0.570850171904216	0.466031149811242	0.305146616882591	0.461898530491447	0.43231161394829	0.212739007177755	0.467860660222506	0.410321190902798	0.226442255877568
ZB_21	0.781732810188461	0.779601467138376	0.787712593090479	0.761235227589372	0.746887463368197	0.834758221579211	0.789090272789228	0.766101856865306	0.666651643777246	0.685947903881764	0.777027175164158	0.82154536418565	0.797309108094027	0.748797416374897	0.757759368076293	0.764424292954369	0.814598586718987	0.807436560613457	0.846501776274828	0.791222523877219	0	0.80125023475438	0.699711721289689	0.800621870918133	0.826834377354052	0.852084732039498	0.826684223546146	0.70964581264482	0.78282489645725	0.83395815943984	0.697117138581352	0.838808663071321	0.828098294562139	0.837794567942463	0.790300755949267	0.806477170229882	0.790175457748828	0.815080971161563	0.694326867599679	0.687257256745707	0.83118891196162	0.713978865069711	0.756769100049565	0.676590212571727	0.757812360466985	0.787244701722405	0.691394343771325	0.806220011805341	0.785770940741823	0.746887463368197	0.795964664912495	0.786249037563685	0.735033040970804	0.834189636947595	0.841507174520473	0.670880711554074	0.811460122641083	0.738242570175149	0.827970062194736	0.664497826932508	0.746887463368197	0.763270185905617	0.701052089318619	0.73010744484288
ZB_22	0.458672125976141	0.388798717513334	0.264565608226509	0.296746117441988	0.479395859576796	0.566553173484906	0.376758448542823	0.316128211135891	0.465652930592018	0.483140805023161	0.50552461068923	0.475296148511584	0.567970040651161	0.26699575972548	0.25687020269683	0.262851897184823	0.473985626191325	0.127187199429274	0.586633190260667	0.435017358948262	0.80125023475438	0	0.453661228884486	0.21837937646474	0.421457834707677	0.558585431669295	0.491362064564042	0.396750632790565	0.267081588979406	0.563092701518516	0.449615470003245	0.566878804319846	0.472191750767881	0.557391599164711	0.387386140393054	0.291777605583747	0.167537085393633	0.573836235448988	0.38776919965783	0.446694378219461	0.434278215452338	0.522533184324558	0.331543300059294	0.416882032402384	0.252074848777367	0.318823650870905	0.406750728811773	0.5708352878187	0.327167178376516	0.479395859576796	0.285554167339713	0.368763601309189	0.35742315004125	0.453472825328162	0.563184437901612	0.420643074317289	0.534619520526282	0.369829937928191	0.515501789818114	0.459441601699211	0.479395859576796	0.232632234572633	0.469593793109508	0.484788699877218
ZB_23	0.32686866686722	0.402958475364932	0.447872350446001	0.371596733108129	0.31705492981107	0.608632910665896	0.424178577366517	0.337070767118754	0.222968551878126	0.277829489690299	0.361700389200437	0.501612432493711	0.568947281072659	0.438462524237224	0.444122061604778	0.337496492143911	0.488716858709028	0.453961051771271	0.57484730979092	0.434820962248261	0.699711721289689	0.453661228884486	0	0.486489519742224	0.517057498360313	0.604138103473423	0.50626993756972	0.361960383938406	0.343843215968331	0.607788813782744	0.153585002192662	0.568142822467923	0.464206717740636	0.586218840459102	0.399477271562548	0.391581287567784	0.424760827426259	0.610069608202763	0.263160786202991	0.170944116927496	0.486000790953635	0.176250507482746	0.398823224403076	0.21640451692733	0.398020793696981	0.392134160571995	0.29249106373505	0.504251373571711	0.405551269728855	0.31705492981107	0.454566209311523	0.404185891209325	0.318372693919704	0.529121655608518	0.610483783757213	0.243755044774353	0.561894921121736	0.273691137290149	0.562358147357895	0.121428030318133	0.31705492981107	0.418386497778367	0.0930300494244343	0.346252785247791
ZB_24	0.519049858889934	0.400455821520331	0.129982650754429	0.272895983584296	0.499297726341921	0.632187170777522	0.260195866999513	0.364873067347088	0.497532005895443	0.482215782245428	0.548580450930245	0.54936321821912	0.607302091116986	0.200956349313486	0.282309176488664	0.287187018392159	0.484208204395106	0.254694515048578	0.533426175795854	0.410669424092772	0.800621870918133	0.21837937646474	0.486489519742224	0	0.453299503039829	0.625866449113737	0.578370478626233	0.465247806609647	0.389725544995637	0.543068909494222	0.530819256300934	0.509797136554349	0.40902219121922	0.593285500016853	0.399629691240607	0.265405592563766	0.273632549993891	0.528557959669816	0.395407772284815	0.471281739394861	0.442298122203461	0.550047099498986	0.165336247478144	0.496513479859844	0.242598603889575	0.227795492370627	0.402158397625904	0.64070016455896	0.185402449284846	0.499297726341921	0.115441925554786	0.239770546152504	0.411124496179469	0.414351284372717	0.576464525979293	0.405143905201769	0.471591184092999	0.382871684776668	0.500676519903928	0.483280136469274	0.499297726341921	0.262672873101299	0.500940030368004	0.505227834138611
ZB_25	0.521506467347598	0.524674782717219	0.421574936080154	0.357598956819934	0.597151361385649	0.302606567674796	0.386802816025645	0.360289232064278	0.49972084227232	0.557357846158189	0.600307734670943	0.182756339788662	0.278870983365267	0.463081723227443	0.453809695947303	0.411883321300946	0.491332308377734	0.390742892644707	0.274680121903497	0.516575898660528	0.826834377354052	0.421457834707677	0.517057498360313	0.453299503039829	0	0.289525953251842	0.219895912240833	0.546945455516731	0.366085518004167	0.246014405114355	0.496441823528198	0.231168913695047	0.14525147636976	0.340000127797977	0.526738790911889	0.321192857675641	0.410055117541992	0.266898376417553	0.549935597779091	0.50513213607826	0.285151511387678	0.484796478258614	0.402788511546295	0.480968183175518	0.431827346239729	0.396715609327896	0.563706210322656	0.314814509111233	0.410856718677224	0.597151361385649	0.409446676659151	0.402122463247799	0.530607187752479	0.12797530906501	0.246833489060586	0.538082491630293	0.198544640483303	0.395528474228726	0.231078371583884	0.526065452166927	0.597151361385649	0.439356611020647	0.528237397543363	0.62153189803355
ZB_26	0.611973131162352	0.54812100816009	0.606713163195558	0.522725800574875	0.634447882176265	0.0202981861435934	0.553467810393547	0.476724301337575	0.570442971320514	0.564586195858801	0.575182614656299	0.202060260192484	0.232682972473965	0.578915264671216	0.534837508254981	0.507489444106168	0.434717839925624	0.513172726819293	0.167741150711592	0.524367153292524	0.852084732039498	0.558585431669295	0.604138103473423	0.625866449113737	0.289525953251842	0	0.218593596907025	0.593992641378498	0.472974722397384	0.129875390922496	0.565290975874481	0.189249575035302	0.346596449775233	0.10417676532143	0.552744638483092	0.521208408986503	0.525283254545133	0.257531525125996	0.656600002653001	0.579849160184484	0.422853854466014	0.537644683413031	0.568992292239525	0.561381688607681	0.548926730163042	0.569727416137877	0.667042017466906	0.279828176673106	0.58152269595255	0.634447882176265	0.601262698755269	0.571368393573344	0.640045277879722	0.316231843122921	0.0819551697853611	0.655005755762353	0.266731480709348	0.486139366918753	0.213118466241461	0.610881837810403	0.634447882176265	0.570091593169251	0.578187948944288	0.636677892510228
ZB_27	0.524176316294543	0.540713772342205	0.554448988185003	0.483943761333882	0.59659022110285	0.226104930945891	0.514157563856636	0.432315668866752	0.527865049175017	0.581152612607499	0.589258028792913	0.184162587224264	0.265264286615365	0.57077554497866	0.51034676289591	0.4665524493597	0.435790604047511	0.463650800405858	0.286020806371528	0.515025298191986	0.826684223546146	0.491362064564042	0.50626993756972	0.578370478626233	0.219895912240833	0.218593596907025	0	0.503095036426493	0.398101113444527	0.287269894259399	0.49348128315918	0.337262671356239	0.285513270218516	0.265706586961936	0.531256806795905	0.447432069409907	0.48527698197843	0.360507238701313	0.575276654012945	0.51520595437843	0.3660754742705	0.481621809846439	0.549030390998999	0.500341305219176	0.533351789222725	0.501134540068005	0.588752952375591	0.307895772044184	0.536466090812256	0.59659022110285	0.546798608775812	0.503079340425148	0.555820582175141	0.26073591941319	0.270186519981063	0.577896374789419	0.324909312550044	0.413307669348224	0.316244452466396	0.539080037549488	0.59659022110285	0.520351364826425	0.510896958932386	0.614002651224447
ZB_28	0.399057417804588	0.549162740449539	0.432868706388983	0.479403049469234	0.488082257130201	0.58375145819691	0.521460571454365	0.49120190960874	0.343948557828774	0.352871543930815	0.544305813242201	0.553379806174249	0.644827306890788	0.491610454360872	0.502237172144814	0.503198342845257	0.577726903639957	0.460441715046103	0.63925148565914	0.598511961700162	0.70964581264482	0.396750632790565	0.361960383938406	0.465247806609647	0.546945455516731	0.593992641378498	0.503095036426493	0	0.43740464810739	0.598661839640652	0.329549808095513	0.668131992566875	0.593639806560625	0.594925440609991	0.569442885426941	0.445401356243551	0.466588922635987	0.672806464927335	0.173657944749077	0.338381385324095	0.599091956097603	0.428012564249001	0.454893983507832	0.264904228019796	0.519242379530386	0.437025364461272	0.175779287548771	0.512627546790188	0.451140592137195	0.488082257130201	0.405577496574514	0.459112617470344	0.138169961279804	0.588148496488648	0.624162917682613	0.230121591997349	0.630226352974947	0.456807718266403	0.637666679642052	0.320343072573044	0.488082257130201	0.413137105308493	0.384058047810313	0.494422295540481
ZB_29	0.419286007386131	0.422926825809166	0.319769744499838	0.239209751648078	0.509216878197631	0.482556017958548	0.357113862118096	0.227230975557505	0.391699696207339	0.456698340510512	0.479392888436254	0.392988386957044	0.480981851714533	0.372681387517368	0.347657896898185	0.301344251563116	0.450498151645015	0.252279948770991	0.498202286813831	0.401166561665268	0.78282489645725	0.267081588979406	0.343843215968331	0.389725544995637	0.366085518004167	0.472974722397384	0.398101113444527	0.43740464810739	0	0.47781853442198	0.369906163520565	0.475219708091883	0.346510658882242	0.466030835584309	0.362180925733167	0.23629142144783	0.275177976572372	0.49020562138497	0.432371983129084	0.36910979311459	0.33950779559564	0.42850706566019	0.335742484591104	0.314190167487133	0.32405104115173	0.292130616814448	0.459179772295769	0.496491405265537	0.327875006281017	0.509216878197631	0.35140716768913	0.284454950269398	0.404330593461549	0.383286861409954	0.479996438006471	0.440606375640359	0.459055151958045	0.238921381337252	0.416371623755685	0.364868101097929	0.509216878197631	0.2823914118454	0.396099802633517	0.515178909773598
ZB_30	0.619757204081267	0.535770769849548	0.527371022855961	0.458436722134023	0.617084551881165	0.115722192350142	0.471365621996136	0.455482408911085	0.558840043662293	0.57303679844371	0.561436720682518	0.264495773306346	0.316606711713901	0.499126830014919	0.522932696592496	0.495946863236787	0.40942794614755	0.49995417297178	0.0688346625967254	0.479518467946834	0.83395815943984	0.563092701518516	0.607788813782744	0.543068909494222	0.246014405114355	0.129875390922496	0.287269894259399	0.598661839640652	0.47781853442198	0	0.550325143749272	0.12138770014906	0.273791615398309	0.200115101336114	0.522570548740471	0.444888338770823	0.504237617747617	0.187480269897617	0.671910826624873	0.59256837939077	0.352086224475346	0.524518610672392	0.481116026539314	0.545456528810225	0.476894649782307	0.488860100130899	0.66557785378589	0.332306128737987	0.514944110262426	0.617084551881165	0.53272535727922	0.48942535510565	0.656941981732732	0.265930885036952	0.0708293396508868	0.662731214479479	0.154393788022775	0.464050739563697	0.162602940760296	0.600910672596209	0.617084551881165	0.564393023589514	0.578469675327182	0.618765150285598
ZB_31	0.399965376547023	0.371104794158436	0.498268129008696	0.423554352980557	0.28383460286714	0.547164643431657	0.46201233118648	0.361378036053402	0.176446109030379	0.325177122421057	0.330155383054153	0.46231764991137	0.580178002570838	0.415143798681845	0.451668927501369	0.34496043699588	0.459272342390215	0.45015069447596	0.558819201730533	0.403633462580234	0.697117138581352	0.449615470003245	0.153585002192662	0.530819256300934	0.496441823528198	0.565290975874481	0.49348128315918	0.329549808095513	0.369906163520565	0.550325143749272	0	0.559882665401372	0.516829555041014	0.608140853023848	0.368595365755487	0.398075821594296	0.386628907034796	0.600909473296516	0.350913179114145	0.206284162895928	0.474556887192992	0.164866084463674	0.430168347026958	0.146628054298643	0.382896088333476	0.383681034482759	0.339119655128768	0.477822431267549	0.458919540229885	0.28383460286714	0.505440518744424	0.453062028297308	0.32303757696689	0.548875946444334	0.562414127299831	0.333818525660594	0.544439292799058	0.285341133420001	0.53858415995205	0.161270282122497	0.28383460286714	0.449545197000067	0.121189902969286	0.31136236400205
ZB_32	0.584726861270984	0.519904180158697	0.490803163959785	0.421833149895345	0.593012875159613	0.200333714239485	0.419982803166876	0.392309562813556	0.527432735354413	0.532305158017676	0.53366116865774	0.24100266305956	0.245909769185779	0.479348892944566	0.47769625677096	0.447154388703554	0.423536817845559	0.508529253533239	0.096461651745921	0.465984325823554	0.838808663071321	0.566878804319846	0.568142822467923	0.509797136554349	0.231168913695047	0.189249575035302	0.337262671356239	0.668131992566875	0.475219708091883	0.12138770014906	0.559882665401372	0	0.21541278635035	0.233833137702835	0.491980365972498	0.43878023913245	0.483477568135834	0.169120839480466	0.641575362359986	0.529761904761905	0.339057085503026	0.495861231584073	0.439892320438024	0.551521973346078	0.455587703150683	0.483889632893405	0.657818863339223	0.315157853994568	0.477500026604519	0.593012875159613	0.48952066057947	0.469313936915936	0.660963194738398	0.226017913733719	0.117883627832193	0.631546993782499	0.128343193093632	0.423576741140881	0.159099502508699	0.564559705418201	0.593012875159613	0.52496773446645	0.535629293321406	0.594198683003083
ZB_33	0.511828053778201	0.484928601837374	0.374377092506607	0.338022902660076	0.564899414802619	0.354941270851854	0.31022647799887	0.33995075554119	0.495316962006165	0.544684716913634	0.570062365351827	0.266857002654295	0.348270760667152	0.437243792664862	0.435073801937707	0.392674229261237	0.432320298724199	0.418201008297684	0.249538954138647	0.462854470021992	0.828098294562139	0.472191750767881	0.464206717740636	0.40902219121922	0.14525147636976	0.346596449775233	0.285513270218516	0.593639806560625	0.346510658882242	0.273791615398309	0.516829555041014	0.21541278635035	0	0.348213289194659	0.466462174520488	0.277970952699507	0.439643199338965	0.247049948454292	0.555697405671796	0.503152847230111	0.25675828313253	0.445936514204637	0.351287630580479	0.50829137593671	0.405598982560367	0.363884299687934	0.569208716891802	0.373196817854018	0.344725294014394	0.564899414802619	0.378276036928597	0.312692800942775	0.580815756632193	0.138095238095238	0.299635679729362	0.558461643258462	0.201843076936716	0.367145584624403	0.21616369028644	0.491848983077349	0.564899414802619	0.446509104389305	0.49812403027881	0.589304664977901
ZB_34	0.573495935349387	0.569519545764661	0.570950612830282	0.497662908990927	0.659193811212666	0.113551191555864	0.547115493596283	0.464760572488106	0.577019970377795	0.547779099229536	0.580933184583798	0.297043143395374	0.216870429921819	0.573002282536107	0.509158299969861	0.496606936834532	0.433386447421767	0.509036068018335	0.192792622096639	0.544652914704694	0.837794567942463	0.557391599164711	0.586218840459102	0.593285500016853	0.340000127797977	0.10417676532143	0.265706586961936	0.594925440609991	0.466030835584309	0.200115101336114	0.608140853023848	0.233833137702835	0.348213289194659	0	0.557302967579156	0.517579782405863	0.555820831119877	0.25489500395567	0.622058548003669	0.579816176892449	0.482931840286758	0.542081939510984	0.553689060239279	0.57952362959104	0.536761483566188	0.586844399019986	0.634026466842089	0.338463457970485	0.567233297565934	0.659193811212666	0.564042523404582	0.53320554376972	0.644159631002762	0.328553273301978	0.166196523921969	0.628040603867172	0.277023078704737	0.477095303488053	0.266496360507498	0.610059460418885	0.659193811212666	0.55416579012357	0.57149985790655	0.645892976405754
