ZB_3	ZB_4	ZB_6	ZB_7	ZB_8	ZB_11	ZB_12	ZB_13	ZB_14	ZB_15	ZB_18	ZB_19	ZB_22	ZB_24	ZB_25	ZB_26	ZB_27	ZB_28	ZB_29	ZB_30	ZB_32	ZB_33	ZB_34	ZB_36	ZB_37	ZB_38	ZB_41	ZB_42	ZB_43	ZB_45	ZB_46	ZB_48	ZB_49	ZB_51	ZB_52	ZB_54	ZB_55	ZB_57	ZB_58	ZB_59	ZB_62
ZB_3	0	0.471870993690455	0.579399459048263	0.0597537246246333	0.351889092782987	0.464307495716319	0.511313001947757	0.559649511719889	0.305689152483242	0.565143801297637	0.345431383902721	0.290779703607584	0.565143801297637	0.138250442513209	0.306579956116002	0.555570929836512	0.874489714239974	0.837259496793291	0.536813400857032	0.312886006485408	0.144116636265102	0.186696759725137	0.77583417898301	0.0691613237112216	0.381634270515697	0.202478286045165	0.247062111553255	0.834269063139782	0.0691613237112216	0.35684916145431	0.0691613237112216	0.874489714239974	0.0597537246246333	0.0597537246246333	0.0691613237112216	0.354187440755377	0.404374604386661	0.202478286045165	1	0.290779703607584	0.436911462461212
ZB_4	0.471870993690455	0	0.623292294086159	0.523591664362384	0.153322304492379	0.60552771639329	0.486696476706942	0.690696993361968	0.214568806245903	0.280110025609409	0.287692889765695	0.457111667233087	0.280110025609409	0.458234693114705	0.488191847040873	0.598257729420455	0.918355373735452	0.796778019066981	0.307803151904276	0.548184993924666	0.561042269832079	0.381773507731693	0.760071798962904	0.527723093024994	0.324392476831403	0.389519397799653	0.299718981270322	0.792093404342483	0.527723093024994	0.163386764005713	0.527723093024994	0.918355373735452	0.523591664362384	0.523591664362384	0.527723093024994	0.412887022509081	0.561590659312959	0.389519397799653	0.902892914730153	0.457111667233087	0.390485215463934
ZB_6	0.579399459048263	0.623292294086159	0	0.560281886163057	0.547845938916211	0.671377084035574	0.348645393422878	0.296535692011113	0.668121920131675	0.545132643884892	0.498956989247312	0.455612089914945	0.545132643884892	0.578555821454583	0.404450295237852	0.139372822299652	0.763687091216783	0.612614535530789	0.558224272281889	0.345562484410077	0.485303701412745	0.508177811236446	0.334012477517986	0.552594081716059	0.485618668596237	0.557668210814095	0.539370436918598	0.634919424921102	0.552594081716059	0.540217490010897	0.552594081716059	0.763687091216783	0.560281886163057	0.560281886163057	0.552594081716059	0.44407592550615	0.284043644708245	0.557668210814095	1	0.455612089914945	0.456732671916154
ZB_7	0.0597537246246333	0.523591664362384	0.560281886163057	0	0.403609763454916	0.430263625272197	0.482927035839815	0.537441478540089	0.356961299808119	0.539699692867706	0.393086276780544	0.333158257896417	0.539699692867706	0.0883222572651498	0.266693691552859	0.535213776061088	0.867199299860254	0.828558435652569	0.509711636901376	0.353943626839611	0.0948853073148912	0.245852620683707	0.766166390676421	0.0106345592616927	0.436911462461212	0.250133178922988	0.301827280107534	0.825236417578342	0.0106345592616927	0.408121308779187	0.0106345592616927	0.867199299860254	0	0	0.0106345592616927	0.3197261268738	0.378686565912759	0.250133178922988	1	0.333158257896417	0.403964281651689
ZB_8	0.351889092782987	0.153322304492379	0.547845938916211	0.403609763454916	0	0.656549780499702	0.464090822641289	0.609985605691105	0.264630531299881	0.390485215463934	0.158703348377159	0.358801660127084	0.390485215463934	0.339293279174662	0.359294616454448	0.522860411899314	0.862361564232733	0.822826451829473	0.356611683076083	0.457567588092345	0.450492182976259	0.241322994982859	0.68072171912029	0.408781679084951	0.171070172339024	0.278969310943833	0.159268468521488	0.819276283350682	0.408781679084951	0.0118870020631646	0.408781679084951	0.862361564232733	0.403609763454916	0.403609763454916	0.408781679084951	0.283989791922656	0.465340445053892	0.278969310943833	0.917781596826264	0.358801660127084	0.237162910971555
ZB_11	0.464307495716319	0.60552771639329	0.671377084035574	0.430263625272197	0.656549780499702	0	0.532893524490473	0.510332698226587	0.450339710352226	0.487836418006951	0.627987826000891	0.620076003336732	0.487836418006951	0.480584027934219	0.544891781443923	0.676617677076955	0.891008001354727	0.731290092658589	0.508769209899033	0.631918184085807	0.484323236276716	0.530853603357621	0.801656198743849	0.436322520512781	0.598625560147578	0.572773595830921	0.568408210133487	0.723038495445195	0.436322520512781	0.660000268265529	0.436322520512781	0.891008001354727	0.430263625272197	0.430263625272197	0.436322520512781	0.580317389423144	0.589849352382011	0.572773595830921	1	0.620076003336732	0.570649412242962
ZB_12	0.511313001947757	0.486696476706942	0.348645393422878	0.482927035839815	0.464090822641289	0.532893524490473	0	0.420555438328816	0.582118837698633	0.329772256728778	0.42270896954301	0.560014829919362	0.329772256728778	0.52498832927019	0.278912368349987	0.445459704880817	0.637197762329424	0.759815788994667	0.357813088932532	0.573729109503617	0.402801269237758	0.421886589965753	0.642056419570893	0.487957617523309	0.365169318221206	0.505234510712218	0.468653901943719	0.753244567453342	0.487957617523309	0.469899568753437	0.487957617523309	0.637197762329424	0.482927035839815	0.482927035839815	0.487957617523309	0.340948708060162	0.525009728167213	0.505234510712218	1	0.560014829919362	0.316420027245414
ZB_13	0.559649511719889	0.690696993361968	0.296535692011113	0.537441478540089	0.609985605691105	0.510332698226587	0.420555438328816	0	0.671850445259298	0.622719018843211	0.482827377089798	0.437853369172305	0.622719018843211	0.570464451955797	0.373791054157917	0.308782974456113	0.716039204909774	0.726777869739607	0.634201601847175	0.45537540533799	0.467322882488759	0.490757481717354	0.427614940428331	0.541353748936687	0.553398719520501	0.548573135189133	0.526395703404399	0.561308051662545	0.541353748936687	0.613430020044806	0.541353748936687	0.716039204909774	0.537441478540089	0.537441478540089	0.541353748936687	0.420001058537102	0.393129134471066	0.548573135189133	1	0.437853369172305	0.526877841114077
ZB_14	0.305689152483242	0.214568806245903	0.668121920131675	0.356961299808119	0.264630531299881	0.450339710352226	0.582118837698633	0.671850445259298	0	0.434575958042792	0.255189723173551	0.30880217505484	0.434575958042792	0.278800867203269	0.437655320779911	0.655576631640221	0.933532988240154	0.833669481911005	0.403152750461887	0.411480482989064	0.394267515923567	0.336827608338125	0.794749044049017	0.348289267113559	0.40749533888643	0.222744643891141	0.262257818663172	0.830544389792852	0.348289267113559	0.254583987230561	0.348289267113559	0.933532988240154	0.356961299808119	0.356961299808119	0.348289267113559	0.368702167381709	0.427424280350438	0.222744643891141	0.923729066094523	0.30880217505484	0.462690971523614
ZB_15	0.565143801297637	0.280110025609409	0.545132643884892	0.539699692867706	0.390485215463934	0.487836418006951	0.329772256728778	0.622719018843211	0.434575958042792	0	0.48721725265519	0.609180132027477	0	0.465687654877225	0.500624758966448	0.622217547365791	0.893395445134576	0.736957518489723	0.0526486594438065	0.621361935644799	0.580216816224908	0.484915987780041	0.709799636735157	0.544210407749493	0.264696764192986	0.560521134916039	0.396178080448065	0.729055441478439	0.544210407749493	0.397730518965244	0.544210407749493	0.893395445134576	0.539699692867706	0.539699692867706	0.544210407749493	0.414593135364443	0.578086608482962	0.560521134916039	1	0.609180132027477	0.2009895778503
ZB_18	0.345431383902721	0.287692889765695	0.498956989247312	0.393086276780544	0.158703348377159	0.627987826000891	0.42270896954301	0.482827377089798	0.255189723173551	0.48721725265519	0	0.237845130328215	0.48721725265519	0.320440069484655	0.200704843435639	0.486378730400954	0.790557522363052	0.846961261888193	0.458719563278653	0.346075713851762	0.314475969889983	0.227399775854386	0.634623655913979	0.385026056745802	0.302624111558522	0.142953097857556	0.152094951322594	0.84431964321531	0.385026056745802	0.149907506177507	0.385026056745802	0.790557522363052	0.393086276780544	0.393086276780544	0.385026056745802	0.125400018903847	0.358438047559449	0.142953097857556	0.930829932708159	0.237845130328215	0.358227711266654
ZB_19	0.290779703607584	0.457111667233087	0.455612089914945	0.333158257896417	0.358801660127084	0.620076003336732	0.560014829919362	0.437853369172305	0.30880217505484	0.609180132027477	0.237845130328215	0	0.609180132027477	0.268555421674339	0.389831206681703	0.44374620291616	0.840372395752876	0.837048147023086	0.587460479294755	0.126841585662211	0.26325166579129	0.410191450139545	0.575381606925881	0.325990463537966	0.46849157063264	0.110719766016828	0.352756408275919	0.753390799270862	0.325990463537966	0.351088042347659	0.325990463537966	0.840372395752876	0.333158257896417	0.333158257896417	0.325990463537966	0.332396164818076	0.224426640340219	0.110719766016828	0.947281696377998	0	0.510870124921474
ZB_22	0.565143801297637	0.280110025609409	0.545132643884892	0.539699692867706	0.390485215463934	0.487836418006951	0.329772256728778	0.622719018843211	0.434575958042792	0	0.48721725265519	0.609180132027477	0	0.465687654877225	0.500624758966448	0.622217547365791	0.893395445134576	0.736957518489723	0.0526486594438065	0.621361935644799	0.580216816224908	0.484915987780041	0.709799636735157	0.544210407749493	0.264696764192986	0.560521134916039	0.396178080448065	0.729055441478439	0.544210407749493	0.397730518965244	0.544210407749493	0.893395445134576	0.539699692867706	0.539699692867706	0.544210407749493	0.414593135364443	0.578086608482962	0.560521134916039	1	0.609180132027477	0.2009895778503
ZB_24	0.138250442513209	0.458234693114705	0.578555821454583	0.0883222572651498	0.339293279174662	0.480584027934219	0.52498832927019	0.570464451955797	0.278800867203269	0.465687654877225	0.320440069484655	0.268555421674339	0.465687654877225	0	0.310700762487681	0.565549890750182	0.87800197105659	0.841478651577405	0.435993466997071	0.291354452481916	0.151317495720732	0.292564447224477	0.709832483612527	0.0785227528722685	0.367904816406926	0.177486971627099	0.218342006148605	0.838642616936717	0.0785227528722685	0.329960876174338	0.0785227528722685	0.87800197105659	0.0883222572651498	0.0883222572651498	0.0785227528722685	0.238381140100628	0.325158672354594	0.177486971627099	1	0.268555421674339	0.331282383419689
ZB_25	0.306579956116002	0.488191847040873	0.404450295237852	0.266693691552859	0.359294616454448	0.544891781443923	0.278912368349987	0.373791054157917	0.437655320779911	0.500624758966448	0.200704843435639	0.389831206681703	0.500624758966448	0.310700762487681	0	0.38847422100662	0.738387793680799	0.815356413198623	0.468091014269186	0.408850087303567	0.171808384237968	0.161087701024257	0.661138882592252	0.256964732523519	0.391964026689875	0.313862188766647	0.228952712503626	0.811497307104387	0.256964732523519	0.349181058345373	0.256964732523519	0.738387793680799	0.266693691552859	0.266693691552859	0.256964732523519	0.0860316236020054	0.354023013867896	0.313862188766647	1	0.389831206681703	0.353366756652526
ZB_26	0.555570929836512	0.598257729420455	0.139372822299652	0.535213776061088	0.522860411899314	0.676617677076955	0.445459704880817	0.308782974456113	0.655576631640221	0.622217547365791	0.486378730400954	0.44374620291616	0.622217547365791	0.565549890750182	0.38847422100662	0	0.768106401759399	0.619859068535779	0.632410510963846	0.333090546270891	0.471496581357074	0.492999987857741	0.345508022867243	0.538786961660389	0.560408842867734	0.54580232381531	0.525155230058908	0.64174683203423	0.538786961660389	0.526028423537959	0.538786961660389	0.768106401759399	0.535213776061088	0.535213776061088	0.538786961660389	0.429162838974457	0.256868086052588	0.54580232381531	1	0.44374620291616	0.537266842361129
ZB_27	0.874489714239974	0.918355373735452	0.763687091216783	0.867199299860254	0.862361564232733	0.891008001354727	0.637197762329424	0.716039204909774	0.933532988240154	0.893395445134576	0.790557522363052	0.840372395752876	0.893395445134576	0.87800197105659	0.738387793680799	0.768106401759399	0	0.856012304250559	0.897855541669146	0.845347967074083	0.783334964145431	0.851522181714881	0.707403631970401	0.868491312430982	0.836955391494229	0.820497973364215	0.863533507397737	0.849870251042365	0.868491312430982	0.863853434054007	0.868491312430982	0	0.867199299860254	0.867199299860254	0.868491312430982	0.760894716544543	0.82767246650731	0.820497973364215	1	0.840372395752876	0.824435030884356
ZB_28	0.837259496793291	0.796778019066981	0.612614535530789	0.828558435652569	0.822826451829473	0.731290092658589	0.759815788994667	0.726777869739607	0.833669481911005	0.736957518489723	0.846961261888193	0.837048147023086	0.736957518489723	0.841478651577405	0.815356413198623	0.619859068535779	0.856012304250559	0	0.747570400979492	0.746480419057121	0.842453404654162	0.810102899906455	0.520349605466833	0.83009489962787	0.793259588869391	0.866127592224342	0.824211984759266	0.466712230886328	0.83009489962787	0.824590556205466	0.83009489962787	0.856012304250559	0.828558435652569	0.828558435652569	0.83009489962787	0.8287231142668	0.717505142031241	0.866127592224342	1	0.837048147023086	0.779011539298933
ZB_29	0.536813400857032	0.307803151904276	0.558224272281889	0.509711636901376	0.356611683076083	0.508769209899033	0.357813088932532	0.634201601847175	0.403152750461887	0.0526486594438065	0.458719563278653	0.587460479294755	0.0526486594438065	0.435993466997071	0.468091014269186	0.632410510963846	0.897855541669146	0.747570400979492	0	0.600319281616363	0.552868406037658	0.45135883401222	0.718232044198895	0.51451621986934	0.22383259058322	0.536097278517661	0.362620926680244	0.740301915015056	0.51451621986934	0.364259641326774	0.51451621986934	0.897855541669146	0.509711636901376	0.509711636901376	0.51451621986934	0.382059390667181	0.554638946022569	0.536097278517661	1	0.587460479294755	0.156584903674071
ZB_30	0.312886006485408	0.548184993924666	0.345562484410077	0.353943626839611	0.457567588092345	0.631918184085807	0.573729109503617	0.45537540533799	0.411480482989064	0.621361935644799	0.346075713851762	0.126841585662211	0.621361935644799	0.291354452481916	0.408850087303567	0.333090546270891	0.845347967074083	0.746480419057121	0.600319281616363	0	0.286216013968571	0.428575704664505	0.471449239211773	0.346999251683712	0.485058618109254	0.228897706561361	0.372930905462709	0.761077575455226	0.346999251683712	0.450457548602673	0.346999251683712	0.845347967074083	0.353943626839611	0.353943626839611	0.346999251683712	0.353205288101771	0.102569219256672	0.228897706561361	1	0.126841585662211	0.526116238463457
ZB_32	0.144116636265102	0.561042269832079	0.485303701412745	0.0948853073148912	0.450492182976259	0.484323236276716	0.402801269237758	0.467322882488759	0.394267515923567	0.580216816224908	0.314475969889983	0.26325166579129	0.580216816224908	0.151317495720732	0.171808384237968	0.471496581357074	0.783334964145431	0.842453404654162	0.552868406037658	0.286216013968571	0	0.297380178179607	0.704474040162314	0.0851563482855505	0.483965481158671	0.171522872032426	0.345619283278551	0.839652448657188	0.0851563482855505	0.441818181818182	0.0851563482855505	0.783334964145431	0.0948853073148912	0.0948853073148912	0.0851563482855505	0.231702889154002	0.31980022890438	0.171522872032426	1	0.26325166579129	0.456429275377354
ZB_33	0.186696759725137	0.381773507731693	0.508177811236446	0.245852620683707	0.241322994982859	0.530853603357621	0.421886589965753	0.490757481717354	0.336827608338125	0.484915987780041	0.227399775854386	0.410191450139545	0.484915987780041	0.292564447224477	0.161087701024257	0.492999987857741	0.851522181714881	0.810102899906455	0.45135883401222	0.428575704664505	0.297380178179607	0	0.746275615802761	0.235847157931054	0.267550280040733	0.336757382744644	0.0887379073319755	0.806018641027903	0.235847157931054	0.230302941133197	0.235847157931054	0.851522181714881	0.245852620683707	0.245852620683707	0.235847157931054	0.228952712503626	0.446367512347503	0.336757382744644	1	0.410191450139545	0.333025712830957
ZB_34	0.77583417898301	0.760071798962904	0.334012477517986	0.766166390676421	0.68072171912029	0.801656198743849	0.642056419570893	0.427614940428331	0.794749044049017	0.709799636735157	0.634623655913979	0.575381606925881	0.709799636735157	0.709832483612527	0.661138882592252	0.345508022867243	0.707403631970401	0.520349605466833	0.718232044198895	0.471449239211773	0.704474040162314	0.746275615802761	0	0.767859744043284	0.636382601439449	0.67743772782503	0.682853048877567	0.54796692717182	0.767859744043284	0.68343625136215	0.767859744043284	0.707403631970401	0.766166390676421	0.766166390676421	0.767859744043284	0.59460265572245	0.411040080048919	0.67743772782503	1	0.575381606925881	0.615767211804742
ZB_36	0.0691613237112216	0.527723093024994	0.552594081716059	0.0106345592616927	0.408781679084951	0.436322520512781	0.487957617523309	0.541353748936687	0.348289267113559	0.544210407749493	0.385026056745802	0.325990463537966	0.544210407749493	0.0785227528722685	0.256964732523519	0.538786961660389	0.868491312430982	0.83009489962787	0.51451621986934	0.346999251683712	0.0851563482855505	0.235847157931054	0.767859744043284	0	0.442127257482799	0.242072958888245	0.292564447224477	0.82683272526838	0	0.399449276084627	0	0.868491312430982	0.0106345592616927	0.0106345592616927	0	0.310700762487681	0.38318593278535	0.242072958888245	1	0.325990463537966	0.409805136291958
ZB_37	0.381634270515697	0.324392476831403	0.485618668596237	0.436911462461212	0.171070172339024	0.598625560147578	0.365169318221206	0.553398719520501	0.40749533888643	0.264696764192986	0.302624111558522	0.46849157063264	0.264696764192986	0.367904816406926	0.391964026689875	0.560408842867734	0.836955391494229	0.793259588869391	0.22383259058322	0.485058618109254	0.483965481158671	0.267550280040733	0.636382601439449	0.442127257482799	0	0.402316155182397	0.178812372708758	0.788409422555764	0.442127257482799	0.180923662910649	0.442127257482799	0.836955391494229	0.436911462461212	0.436911462461212	0.442127257482799	0.311067595010154	0.495056347012545	0.402316155182397	1	0.46849157063264	0.0797326099593102
ZB_38	0.202478286045165	0.389519397799653	0.557668210814095	0.250133178922988	0.278969310943833	0.572773595830921	0.505234510712218	0.548573135189133	0.222744643891141	0.560521134916039	0.142953097857556	0.110719766016828	0.560521134916039	0.177486971627099	0.313862188766647	0.54580232381531	0.820497973364215	0.866127592224342	0.536097278517661	0.228897706561361	0.171522872032426	0.336757382744644	0.67743772782503	0.242072958888245	0.402316155182397	0	0.272171395483497	0.86411056528769	0.242072958888245	0.270295309785756	0.242072958888245	0.820497973364215	0.250133178922988	0.250133178922988	0.242072958888245	0.249276201505501	0.326482761239368	0	0.940718008106543	0.110719766016828	0.44997104806022
ZB_41	0.247062111553255	0.299718981270322	0.539370436918598	0.301827280107534	0.159268468521488	0.568408210133487	0.468653901943719	0.526395703404399	0.262257818663172	0.396178080448065	0.152094951322594	0.352756408275919	0.396178080448065	0.218342006148605	0.228952712503626	0.525155230058908	0.863533507397737	0.824211984759266	0.362620926680244	0.372930905462709	0.345619283278551	0.0887379073319755	0.682853048877567	0.292564447224477	0.178812372708758	0.272171395483497	0	0.820717672794467	0.292564447224477	0.148248414671826	0.292564447224477	0.863533507397737	0.301827280107534	0.301827280107534	0.292564447224477	0.148056280823905	0.38751108109249	0.272171395483497	1	0.352756408275919	0.244287805498982
ZB_42	0.834269063139782	0.792093404342483	0.634919424921102	0.825236417578342	0.819276283350682	0.723038495445195	0.753244567453342	0.561308051662545	0.830544389792852	0.729055441478439	0.84431964321531	0.753390799270862	0.729055441478439	0.838642616936717	0.811497307104387	0.64174683203423	0.849870251042365	0.466712230886328	0.740301915015056	0.761077575455226	0.839652448657188	0.806018641027903	0.54796692717182	0.82683272526838	0.788409422555764	0.86411056528769	0.820717672794467	0	0.82683272526838	0.821111427448109	0.82683272526838	0.849870251042365	0.825236417578342	0.825236417578342	0.82683272526838	0.825407536784164	0.733770637611874	0.86411056528769	1	0.753390799270862	0.773460838512516
ZB_43	0.0691613237112216	0.527723093024994	0.552594081716059	0.0106345592616927	0.408781679084951	0.436322520512781	0.487957617523309	0.541353748936687	0.348289267113559	0.544210407749493	0.385026056745802	0.325990463537966	0.544210407749493	0.0785227528722685	0.256964732523519	0.538786961660389	0.868491312430982	0.83009489962787	0.51451621986934	0.346999251683712	0.0851563482855505	0.235847157931054	0.767859744043284	0	0.442127257482799	0.242072958888245	0.292564447224477	0.82683272526838	0	0.399449276084627	0	0.868491312430982	0.0106345592616927	0.0106345592616927	0	0.310700762487681	0.38318593278535	0.242072958888245	1	0.325990463537966	0.409805136291958
ZB_45	0.35684916145431	0.163386764005713	0.540217490010897	0.408121308779187	0.0118870020631646	0.660000268265529	0.469899568753437	0.613430020044806	0.254583987230561	0.397730518965244	0.149907506177507	0.351088042347659	0.397730518965244	0.329960876174338	0.349181058345373	0.526028423537959	0.863853434054007	0.824590556205466	0.364259641326774	0.450457548602673	0.441818181818182	0.230302941133197	0.68343625136215	0.399449276084627	0.180923662910649	0.270295309785756	0.148248414671826	0.821111427448109	0.399449276084627	0	0.399449276084627	0.863853434054007	0.408121308779187	0.408121308779187	0.399449276084627	0.273876233813581	0.468535669586984	0.270295309785756	0.91875892715442	0.351088042347659	0.246230757022695
ZB_46	0.0691613237112216	0.527723093024994	0.552594081716059	0.0106345592616927	0.408781679084951	0.436322520512781	0.487957617523309	0.541353748936687	0.348289267113559	0.544210407749493	0.385026056745802	0.325990463537966	0.544210407749493	0.0785227528722685	0.256964732523519	0.538786961660389	0.868491312430982	0.83009489962787	0.51451621986934	0.346999251683712	0.0851563482855505	0.235847157931054	0.767859744043284	0	0.442127257482799	0.242072958888245	0.292564447224477	0.82683272526838	0	0.399449276084627	0	0.868491312430982	0.0106345592616927	0.0106345592616927	0	0.310700762487681	0.38318593278535	0.242072958888245	1	0.325990463537966	0.409805136291958
ZB_48	0.874489714239974	0.918355373735452	0.763687091216783	0.867199299860254	0.862361564232733	0.891008001354727	0.637197762329424	0.716039204909774	0.933532988240154	0.893395445134576	0.790557522363052	0.840372395752876	0.893395445134576	0.87800197105659	0.738387793680799	0.768106401759399	0	0.856012304250559	0.897855541669146	0.845347967074083	0.783334964145431	0.851522181714881	0.707403631970401	0.868491312430982	0.836955391494229	0.820497973364215	0.863533507397737	0.849870251042365	0.868491312430982	0.863853434054007	0.868491312430982	0	0.867199299860254	0.867199299860254	0.868491312430982	0.760894716544543	0.82767246650731	0.820497973364215	1	0.840372395752876	0.824435030884356
ZB_49	0.0597537246246333	0.523591664362384	0.560281886163057	0	0.403609763454916	0.430263625272197	0.482927035839815	0.537441478540089	0.356961299808119	0.539699692867706	0.393086276780544	0.333158257896417	0.539699692867706	0.0883222572651498	0.266693691552859	0.535213776061088	0.867199299860254	0.828558435652569	0.509711636901376	0.353943626839611	0.0948853073148912	0.245852620683707	0.766166390676421	0.0106345592616927	0.436911462461212	0.250133178922988	0.301827280107534	0.825236417578342	0.0106345592616927	0.408121308779187	0.0106345592616927	0.867199299860254	0	0	0.0106345592616927	0.3197261268738	0.378686565912759	0.250133178922988	1	0.333158257896417	0.403964281651689
ZB_51	0.0597537246246333	0.523591664362384	0.560281886163057	0	0.403609763454916	0.430263625272197	0.482927035839815	0.537441478540089	0.356961299808119	0.539699692867706	0.393086276780544	0.333158257896417	0.539699692867706	0.0883222572651498	0.266693691552859	0.535213776061088	0.867199299860254	0.828558435652569	0.509711636901376	0.353943626839611	0.0948853073148912	0.245852620683707	0.766166390676421	0.0106345592616927	0.436911462461212	0.250133178922988	0.301827280107534	0.825236417578342	0.0106345592616927	0.408121308779187	0.0106345592616927	0.867199299860254	0	0	0.0106345592616927	0.3197261268738	0.378686565912759	0.250133178922988	1	0.333158257896417	0.403964281651689
ZB_52	0.0691613237112216	0.527723093024994	0.552594081716059	0.0106345592616927	0.408781679084951	0.436322520512781	0.487957617523309	0.541353748936687	0.348289267113559	0.544210407749493	0.385026056745802	0.325990463537966	0.544210407749493	0.0785227528722685	0.256964732523519	0.538786961660389	0.868491312430982	0.83009489962787	0.51451621986934	0.346999251683712	0.0851563482855505	0.235847157931054	0.767859744043284	0	0.442127257482799	0.242072958888245	0.292564447224477	0.82683272526838	0	0.399449276084627	0	0.868491312430982	0.0106345592616927	0.0106345592616927	0	0.310700762487681	0.38318593278535	0.242072958888245	1	0.325990463537966	0.409805136291958
ZB_54	0.354187440755377	0.412887022509081	0.44407592550615	0.3197261268738	0.283989791922656	0.580317389423144	0.340948708060162	0.420001058537102	0.368702167381709	0.414593135364443	0.125400018903847	0.332396164818076	0.414593135364443	0.238381140100628	0.0860316236020054	0.429162838974457	0.760894716544543	0.8287231142668	0.382059390667181	0.353205288101771	0.231702889154002	0.228952712503626	0.59460265572245	0.310700762487681	0.311067595010154	0.249276201505501	0.148056280823905	0.825407536784164	0.310700762487681	0.273876233813581	0.310700762487681	0.760894716544543	0.3197261268738	0.3197261268738	0.310700762487681	0	0.292494566476539	0.249276201505501	1	0.332396164818076	0.267335133050521
ZB_55	0.404374604386661	0.561590659312959	0.284043644708245	0.378686565912759	0.465340445053892	0.589849352382011	0.525009728167213	0.393129134471066	0.427424280350438	0.578086608482962	0.358438047559449	0.224426640340219	0.578086608482962	0.325158672354594	0.354023013867896	0.256868086052588	0.82767246650731	0.717505142031241	0.554638946022569	0.102569219256672	0.31980022890438	0.446367512347503	0.411040080048919	0.38318593278535	0.495056347012545	0.326482761239368	0.38751108109249	0.733770637611874	0.38318593278535	0.468535669586984	0.38318593278535	0.82767246650731	0.378686565912759	0.378686565912759	0.38318593278535	0.292494566476539	0	0.326482761239368	1	0.224426640340219	0.471955083662238
ZB_57	0.202478286045165	0.389519397799653	0.557668210814095	0.250133178922988	0.278969310943833	0.572773595830921	0.505234510712218	0.548573135189133	0.222744643891141	0.560521134916039	0.142953097857556	0.110719766016828	0.560521134916039	0.177486971627099	0.313862188766647	0.54580232381531	0.820497973364215	0.866127592224342	0.536097278517661	0.228897706561361	0.171522872032426	0.336757382744644	0.67743772782503	0.242072958888245	0.402316155182397	0	0.272171395483497	0.86411056528769	0.242072958888245	0.270295309785756	0.242072958888245	0.820497973364215	0.250133178922988	0.250133178922988	0.242072958888245	0.249276201505501	0.326482761239368	0	0.940718008106543	0.110719766016828	0.44997104806022
ZB_58	1	0.902892914730153	1	1	0.917781596826264	1	1	1	0.923729066094523	1	0.930829932708159	0.947281696377998	1	1	1	1	1	1	1	1	1	1	1	1	1	0.940718008106543	1	1	1	0.91875892715442	1	1	1	1	1	1	1	0.940718008106543	0	0.947281696377998	1
ZB_59	0.290779703607584	0.457111667233087	0.455612089914945	0.333158257896417	0.358801660127084	0.620076003336732	0.560014829919362	0.437853369172305	0.30880217505484	0.609180132027477	0.237845130328215	0	0.609180132027477	0.268555421674339	0.389831206681703	0.44374620291616	0.840372395752876	0.837048147023086	0.587460479294755	0.126841585662211	0.26325166579129	0.410191450139545	0.575381606925881	0.325990463537966	0.46849157063264	0.110719766016828	0.352756408275919	0.753390799270862	0.325990463537966	0.351088042347659	0.325990463537966	0.840372395752876	0.333158257896417	0.333158257896417	0.325990463537966	0.332396164818076	0.224426640340219	0.110719766016828	0.947281696377998	0	0.510870124921474
ZB_62	0.436911462461212	0.390485215463934	0.456732671916154	0.403964281651689	0.237162910971555	0.570649412242962	0.316420027245414	0.526877841114077	0.462690971523614	0.2009895778503	0.358227711266654	0.510870124921474	0.2009895778503	0.331282383419689	0.353366756652526	0.537266842361129	0.824435030884356	0.779011539298933	0.156584903674071	0.526116238463457	0.456429275377354	0.333025712830957	0.615767211804742	0.409805136291958	0.0797326099593102	0.44997104806022	0.244287805498982	0.773460838512516	0.409805136291958	0.246230757022695	0.409805136291958	0.824435030884356	0.403964281651689	0.403964281651689	0.409805136291958	0.267335133050521	0.471955083662238	0.44997104806022	1	0.510870124921474	0
