ZB_1	ZB_2	ZB_3	ZB_4	ZB_5	ZB_6	ZB_7	ZB_8	ZB_9	ZB_10	ZB_11	ZB_12	ZB_13	ZB_14	ZB_15	ZB_16	ZB_17	ZB_18	ZB_19	ZB_20	ZB_21	ZB_22	ZB_23	ZB_24	ZB_25	ZB_26	ZB_27	ZB_28	ZB_29	ZB_30	ZB_31	ZB_32	ZB_33	ZB_34	ZB_35	ZB_36	ZB_37	ZB_38	ZB_39	ZB_40	ZB_41	ZB_42	ZB_43	ZB_44	ZB_45	ZB_46	ZB_47	ZB_48	ZB_49	ZB_50	ZB_51	ZB_52	ZB_53	ZB_54	ZB_55	ZB_56	ZB_57	ZB_58	ZB_59	ZB_60	ZB_61	ZB_62	ZB_63	ZB_64
ZB_1	0	0.6521414517452	0.442988711398225	0.522914311492292	0.6240390741134	0.601993493641034	0.46771731697043	0.544454739556057	0.543122483439408	0.248149660267361	0.574657755902253	0.544725029362743	0.596154753827547	0.56821476920778	0.64068476955928	0.534067765589162	0.55043733699225	0.6647676940943	0.572733533150132	0.650661480071333	0.239330503143924	0.646915274624023	0.548236291363511	0.378295206758837	0.541479146795327	0.666280601440883	0.555369344344583	0.353482694408484	0.648143694088253	0.670457871729423	0.587980087003047	0.632650380877331	0.568003785589674	0.633914565318119	0.621218691674483	0.385151433931922	0.639442287527985	0.612062160620932	0.330398016652368	0.559090159226111	0.506493923412061	0.532368684694632	0.580879688078729	0.222091468918162	0.651739411393104	0.601557763604463	0.343917717393928	0.448820209204838	0.491408744949704	0.585571156996692	0.471377214806356	0.451998737544524	0.275670126660355	0.528072201807802	0.609794947300607	0.362647992387517	0.560585024117061	0.543597417205429	0.625984666753112	0.528655401265394	0.621601785660208	0.574151107671471	0.461083739569419	0.631115694004512
ZB_2	0.6521414517452	0	0.485419641096074	0.514540106176632	0.189801902663284	0.70096183349665	0.5088573087311	0.47009219744766	0.424868625599649	0.565297540508985	0.255706661673143	0.686710077550348	0.709975185967919	0.335600873692611	0.338684545044491	0.479488901071599	0.423248896368227	0.518789627695652	0.700508809950061	0.0490196821451037	0.569388099419465	0.512508736054668	0.412401171163438	0.47089758095434	0.654623975569395	0.766315147425561	0.683428620168029	0.594492153296962	0.430719758675256	0.736941572404343	0.47060268448348	0.632123461466649	0.580694020927612	0.744086379212436	0.346395020862957	0.469972529087128	0.489285284698312	0.702392825512834	0.593680857788908	0.340012812299808	0.544011012564225	0.356603437782206	0.394471013861441	0.547597234472359	0.255270548051249	0.46878502943261	0.631501139144376	0.687744109175816	0.498105035192204	0.24691345996936	0.470998174372132	0.493637775197829	0.603739783176297	0.641960775232096	0.702344949128516	0.639218863517929	0.661378229206695	0.436396969446904	0.679730610357259	0.42582648875662	0.377583308296631	0.495761976480914	0.454426367585779	0.184811598955705
ZB_3	0.442988711398225	0.485419641096074	0	0.475957537570718	0.533859780802617	0.659557030753785	0.261912223694508	0.502927917503633	0.481635748012972	0.343796887053959	0.582978394817985	0.609951657673954	0.723276035678688	0.415647173966234	0.413031273934645	0.409589073662439	0.517390375645516	0.45445100911904	0.643667872445665	0.489896440094313	0.363069048115609	0.493298570334951	0.470652484414646	0.18953987464969	0.566821638660013	0.741781771703501	0.637084397722982	0.309420100008105	0.41029315986705	0.688938060137422	0.471537737905625	0.699890872908448	0.516685068885247	0.716480220391724	0.645057858785931	0.11577977674217	0.349598097394208	0.647138323591318	0.35807014649311	0.416182052691933	0.45670761124245	0.389158957290753	0.331887339349193	0.313359530488314	0.43727805066049	0.253472820730408	0.324397040084744	0.492545551946511	0.234336099163753	0.510343566415983	0.166386241647497	0.0195577322712395	0.273591616566874	0.516753846113018	0.633142276510029	0.30911316394216	0.657003944822734	0.482253850467067	0.676295652195486	0.467002770685065	0.55169515516723	0.469239957770223	0.477129280615928	0.568664665943633
ZB_4	0.522914311492292	0.514540106176632	0.475957537570718	0	0.53682687413378	0.589278746859084	0.488682205656928	0.315260715025192	0.46475763630543	0.485820683947987	0.521019446472423	0.54444219721698	0.640420035421647	0.379385939134626	0.37981075097339	0.478026400515132	0.456818503904706	0.346557559092592	0.611495669961814	0.501636659691755	0.504053422421786	0.348903685231492	0.486049974176623	0.414127488246009	0.480648694152033	0.589688575434422	0.541214423703002	0.398711143689614	0.275177368058181	0.57476636696839	0.377352088079296	0.632217439531579	0.515972003479336	0.633899808294503	0.60088859807953	0.480610878268372	0.289524947933771	0.647527018436109	0.595848553505649	0.416716983290644	0.326668597826942	0.407542371157094	0.47242566067851	0.49537776741843	0.419628199186364	0.422997887181268	0.43761662817552	0.567931831692978	0.565269771269952	0.565575219724752	0.52532538039993	0.474426331169787	0.488492398454496	0.51821161901293	0.593454347924494	0.599354408708948	0.561728983255653	0.482562348035364	0.620576644950708	0.494303139603063	0.597448766575002	0.202416519109507	0.462782097776397	0.568644859363114
ZB_5	0.6240390741134	0.189801902663284	0.533859780802617	0.53682687413378	0	0.744007336861373	0.56001903741637	0.501052273186717	0.380327156388922	0.524377788528732	0.140705311250714	0.730043769481569	0.757860294646861	0.421368698926201	0.393494775718193	0.446196963799144	0.467373440762996	0.576750658356585	0.752156179196145	0.205316989496759	0.544056169600437	0.461708571360705	0.366637169531729	0.536237764270064	0.716143632009017	0.808532091457753	0.726945852078983	0.560842593718853	0.483822045757803	0.792718801230982	0.435080493501549	0.689605652025694	0.637682177398893	0.760456457293945	0.295436434963835	0.503131450484734	0.55512081326101	0.759241420270868	0.530688393388251	0.439028421126138	0.618114228285827	0.364643200481833	0.473885043188783	0.520867779151637	0.329883517312771	0.542324844215084	0.613655704601183	0.725685145100341	0.591909735255802	0.263012898216084	0.539989997270171	0.54144443235006	0.582916560492597	0.70194866567116	0.751187833516323	0.571665486132613	0.718254284575528	0.396044904882542	0.735916255659687	0.38008363375743	0.334087440981621	0.530495795284528	0.367530416413404	0.0865618423961255
ZB_6	0.601993493641034	0.70096183349665	0.659557030753785	0.589278746859084	0.744007336861373	0	0.605008846984998	0.58937122689187	0.73377064441143	0.673904933907558	0.704075774971297	0.21004213331607	0.209816296331233	0.674339920163398	0.655239584490835	0.640827392039737	0.47943653371149	0.578362981344938	0.159152321346082	0.690711984910585	0.666904645681007	0.70771975600674	0.735641032875582	0.667171993740937	0.279417079403704	0.17481894337751	0.225456722687387	0.640884316172176	0.665395538484577	0.160095968721306	0.727236774017096	0.288307350697436	0.351383762157831	0.168797746512108	0.757028046538873	0.684700955149653	0.662646764639901	0.301663865500585	0.719429735557106	0.686165677750245	0.461254246165264	0.657769486687027	0.740374446523412	0.670720416417112	0.707934940794071	0.687410708211443	0.636714297907807	0.274677591642133	0.692438341138966	0.727304240600888	0.737114332110423	0.64874734699338	0.617836433441882	0.246734237053218	0.0775093680906353	0.673327110788527	0.208941148199014	0.703983124424183	0.255156480017447	0.746106816450356	0.638749911360789	0.607037488158073	0.68005396542738	0.751014494961807
ZB_7	0.46771731697043	0.5088573087311	0.261912223694508	0.488682205656928	0.56001903741637	0.605008846984998	0	0.462327097241444	0.496500255128869	0.408026012844852	0.576438620254111	0.588225228843991	0.641462865949205	0.413957324348986	0.509376817556353	0.517065324673742	0.520163873509469	0.482303621525121	0.551549108798782	0.513020504665506	0.425501327448252	0.585634949364742	0.501029882007151	0.23646359127003	0.518626568933384	0.676691703113598	0.588204321263887	0.440377710591129	0.495222539091126	0.649124442492646	0.522130848867201	0.626385384685534	0.410774478648453	0.620652101580216	0.647203578680872	0.235453247693942	0.434062765751753	0.588068063751974	0.425056265239521	0.413983068791216	0.47968525031191	0.389210264869627	0.372594703083552	0.380795459999926	0.428702834755925	0.425669060970349	0.475086061223343	0.499230629978277	0.224452124431249	0.5330943606687	0.257581150411676	0.249756843129082	0.446082542866778	0.499766657624382	0.593189955720235	0.47910025806238	0.598837835873453	0.395392977480378	0.583890574037214	0.493755988502076	0.569994937223206	0.508898189004461	0.49543421473703	0.586700568867437
ZB_8	0.544454739556057	0.47009219744766	0.502927917503633	0.315260715025192	0.501052273186717	0.58937122689187	0.462327097241444	0	0.421837832441	0.500793562456457	0.47191253149608	0.621981099054953	0.621260341803511	0.32378000359758	0.372991480767892	0.493553661668243	0.51333742483398	0.419749700449714	0.598934394212607	0.470243493173925	0.519105639062068	0.465937721850249	0.446870454783547	0.476335353246758	0.584517287487015	0.649638124328452	0.612462059764193	0.576131505572105	0.39179683972912	0.617628240973131	0.502269489952824	0.609943876311647	0.481306548655278	0.588739522093114	0.556100684402907	0.444434899865155	0.384882466393678	0.580601086756226	0.564597262979502	0.316837796484254	0.436950743916446	0.342155767259155	0.423799425751121	0.539246198801446	0.331220893718376	0.451504964912553	0.579048767334221	0.573276874056683	0.545173347080809	0.540406460642729	0.511442236351887	0.486323116940821	0.559886433080161	0.548108372462494	0.589933497385584	0.614758113777344	0.559464652487908	0.444966354522317	0.60244467565328	0.466460312075984	0.57754871960058	0.419597552211503	0.413313725257652	0.543455867393376
ZB_9	0.543122483439408	0.424868625599649	0.481635748012972	0.46475763630543	0.380327156388922	0.73377064441143	0.496500255128869	0.421837832441	0	0.414673018665586	0.419074101908913	0.685945630882959	0.753562404568336	0.41956083639117	0.416673959486242	0.295501545561409	0.583589499173125	0.508856748859047	0.71259194203535	0.438663165161446	0.412159259622124	0.360296443194543	0.0814756087807694	0.439285032899845	0.665904321456501	0.792575123238994	0.676649408702541	0.484763098352245	0.440351514668843	0.772478624534149	0.206576602883074	0.744792555975251	0.567366168141362	0.76025029199278	0.515383464272353	0.439420556201184	0.433973274599516	0.695850574677851	0.380918747644505	0.196505523779676	0.545760613641066	0.253651440049154	0.367445668975544	0.406404308343993	0.405830428774723	0.403742356171222	0.514418085022461	0.662433364466866	0.510908587007664	0.299241232898254	0.47004518640841	0.479736930117388	0.47121554553611	0.634838140867618	0.738657145458566	0.459814831414632	0.695227194990397	0.203000382701875	0.744160112110057	0.11157551335087	0.423818950844102	0.476704633365468	0.207459365087171	0.359335966721046
ZB_10	0.248149660267361	0.565297540508985	0.343796887053959	0.485820683947987	0.524377788528732	0.673904933907558	0.408026012844852	0.500793562456457	0.414673018665586	0	0.543484670698318	0.620713506468881	0.670264163155857	0.507163633486006	0.539189189189189	0.514149262829688	0.581044693408341	0.57218391843146	0.645072568019295	0.563246169369837	0.0609801950363593	0.536988148432591	0.422139335644291	0.23069492509272	0.608639828915335	0.724358950032826	0.631957479232099	0.21574259201736	0.548825089422688	0.708346733638077	0.480227035843404	0.692017817010454	0.576818977404162	0.677472894858433	0.640640045368709	0.265485810131124	0.545203945624387	0.676395882906314	0.199921601463439	0.440913852558886	0.562866570307786	0.419834850491785	0.457784357936486	0.0753596440805974	0.524088895876474	0.506181422864944	0.222907451418671	0.490397056474715	0.413252189808207	0.487575354026328	0.339625502069802	0.355501330437792	0.158813025084193	0.577838667010598	0.680085481103916	0.289895569628024	0.637424246395625	0.462708468104577	0.686505319396979	0.416564555696777	0.535918967849832	0.475226841806105	0.419335067211067	0.55408213983864
ZB_11	0.574657755902253	0.255706661673143	0.582978394817985	0.521019446472423	0.140705311250714	0.704075774971297	0.576438620254111	0.47191253149608	0.419074101908913	0.543484670698318	0	0.706536851466936	0.723088906041681	0.404612190016541	0.445716037398457	0.398694591654486	0.444946496464086	0.61000831027304	0.713648446933089	0.251371407853164	0.547581312017641	0.511290948295306	0.387412091184409	0.586326773327306	0.685005893569517	0.771013932317484	0.694852061542398	0.589679048935272	0.528286230999392	0.750143015544554	0.469561378867531	0.645403246024668	0.620858783218546	0.726736419243884	0.232338334330066	0.54688381933516	0.591315232638744	0.716920369149995	0.519375336996288	0.471380742650482	0.599394558516024	0.438220005695912	0.538474444793083	0.54001015425745	0.387090112683877	0.59803069561884	0.626718690956386	0.698905880176335	0.625734466421741	0.286610432036859	0.578583527903676	0.589440656823074	0.585458069141667	0.669433277136558	0.721051737732759	0.574128813390207	0.67509670386585	0.405930346558039	0.702670240288373	0.413916990183358	0.353454792523465	0.57082439085974	0.288331103215983	0.142372853531208
ZB_12	0.544725029362743	0.686710077550348	0.609951657673954	0.54444219721698	0.730043769481569	0.21004213331607	0.588225228843991	0.621981099054953	0.685945630882959	0.620713506468881	0.706536851466936	0	0.240915393479528	0.644960452778946	0.673439019825443	0.619671682032837	0.460210754280381	0.536422367241142	0.250816757920322	0.683363588349456	0.625865027511701	0.658982972797532	0.69640016089593	0.634529858247841	0.135948034313603	0.246827482786978	0.0785157058926603	0.532260534173198	0.622280324960314	0.229726286270853	0.615722422835226	0.33932414608166	0.309765416977314	0.340150489933083	0.739040525134581	0.63555436986179	0.605283732595704	0.310433681621624	0.67057016859515	0.656197137589569	0.340774054077165	0.607479237922407	0.694294953736912	0.604251173335082	0.714359927016872	0.634756593572989	0.538236266083466	0.23028833069177	0.638466695626627	0.699845598514407	0.698746788421122	0.598762436453233	0.575526378125046	0.217074433431836	0.21721140231499	0.622096130116689	0.291190992693541	0.664235350661125	0.313289911107661	0.706518623031175	0.632441990754334	0.569722916814022	0.643887389875887	0.74520501908827
ZB_13	0.596154753827547	0.709975185967919	0.723276035678688	0.640420035421647	0.757860294646861	0.209816296331233	0.641462865949205	0.621260341803511	0.753562404568336	0.670264163155857	0.723088906041681	0.240915393479528	0	0.68901827684823	0.743992379036167	0.73301812715462	0.566647422254009	0.62704316977051	0.211536742420966	0.706418041093356	0.671576727478499	0.789967732888374	0.759456536676007	0.68070441224663	0.284187406854398	0.218019297314669	0.220217802336318	0.694776724668231	0.749256498130367	0.247482245259589	0.763632254133688	0.227336615948957	0.349980818788175	0.179448139111177	0.768284863524972	0.698263019982102	0.747178329571106	0.234340794594946	0.724691402026826	0.712833123759246	0.524996310146249	0.673247074216762	0.74896983634536	0.666704881736302	0.730682818199053	0.758670554389888	0.706202356386167	0.333050916116594	0.69519279436029	0.754099653883701	0.753351939367156	0.711844121148468	0.688900245045035	0.310918762985921	0.223260433980737	0.7344047692655	0.218584287467475	0.72633918916732	0.162963986831193	0.769528947484658	0.657099976073606	0.663200259580394	0.708762326773535	0.779974430091451
ZB_14	0.56821476920778	0.335600873692611	0.415647173966234	0.379385939134626	0.421368698926201	0.674339920163398	0.413957324348986	0.32378000359758	0.41956083639117	0.507163633486006	0.404612190016541	0.644960452778946	0.68901827684823	0	0.325695445284465	0.407645639478111	0.449502222587955	0.469692783486778	0.632123833804107	0.335311260064353	0.544289204196822	0.517535016588736	0.390481706728449	0.391039641909252	0.582590966699117	0.726347407542801	0.640595388502843	0.577496612443513	0.43265441907269	0.694753788525155	0.473910583850518	0.645357624760729	0.470396002120088	0.683023271062178	0.464314151208396	0.402965682430326	0.394785432505466	0.594648383793234	0.567009167810798	0.337981116059542	0.45389386673298	0.371248670495639	0.348809827688897	0.543027649872425	0.213682804467757	0.378574099518236	0.597355311466919	0.608302943033187	0.43870011695995	0.357640095133748	0.399634059895428	0.425203253514886	0.580315221724054	0.562316068374007	0.671249862793607	0.613898613957216	0.61863630908961	0.379091997645769	0.641024584717608	0.394952718159432	0.47008013320845	0.489183734591887	0.387761130088725	0.424251695145104
ZB_15	0.64068476955928	0.338684545044491	0.413031273934645	0.37981075097339	0.393494775718193	0.655239584490835	0.509376817556353	0.372991480767892	0.416673959486242	0.539189189189189	0.445716037398457	0.673439019825443	0.743992379036167	0.325695445284465	0	0.413895715951594	0.483183252398248	0.418399673849275	0.727965725009878	0.320041514301168	0.537397954817284	0.282297722545202	0.442595911973369	0.465851652281722	0.671349242945765	0.750690811570012	0.702040779394695	0.497952130089223	0.203095522372631	0.702998917398632	0.445486664935643	0.718474188670099	0.606235997562361	0.725280520195932	0.531053282560643	0.47363146586281	0.312163353246499	0.728322664337394	0.575017576236928	0.371747338926002	0.523209293357756	0.389987646143374	0.409102725764169	0.548364795846384	0.211132057785045	0.314240484446157	0.513209753520238	0.629727058528022	0.558124171872042	0.394665542921357	0.501661245615729	0.423400161111472	0.474004958490644	0.621466366593013	0.675971983316481	0.527979172159241	0.689928544852654	0.453280641736463	0.739379230963293	0.415083632969527	0.449273510197716	0.338731194039299	0.483376262573381	0.395729184310499
ZB_16	0.534067765589162	0.479488901071599	0.409589073662439	0.478026400515132	0.446196963799144	0.640827392039737	0.517065324673742	0.493553661668243	0.295501545561409	0.514149262829688	0.398694591654486	0.619671682032837	0.73301812715462	0.407645639478111	0.413895715951594	0	0.512427393883368	0.550449482223796	0.685866272328216	0.49113973218849	0.510430549133734	0.359846039110871	0.281273128999956	0.506976141424806	0.628972674055084	0.745907310655512	0.644339951376011	0.470052177901799	0.416882505825417	0.703032622870975	0.319840510995673	0.74261303091245	0.578208054229079	0.727400424266747	0.496280573905219	0.493316800798553	0.43873116857297	0.690864068450316	0.493829161236131	0.388312885476161	0.45983711036435	0.389503778468259	0.461744002364874	0.493697786142749	0.491606668005971	0.377414481745816	0.480264779891443	0.593497421998301	0.54666651625991	0.382069805367211	0.513995360299253	0.419896794236672	0.446696936752574	0.569645568060232	0.658050073321375	0.444960044189916	0.67746642442572	0.283551048249057	0.727218966722219	0.275605467256772	0.479585607058479	0.509187003992909	0.222023799947445	0.43152402486229
ZB_17	0.55043733699225	0.423248896368227	0.517390375645516	0.456818503904706	0.467373440762996	0.47943653371149	0.520163873509469	0.51333742483398	0.583589499173125	0.581044693408341	0.444946496464086	0.460210754280381	0.566647422254009	0.449502222587955	0.483183252398248	0.512427393883368	0	0.585439631544368	0.474519678464285	0.402827092812631	0.584273102579652	0.616208994472831	0.571149484651831	0.539283182443546	0.471697889255655	0.562943176967878	0.492367816255102	0.536811713470657	0.541570522500755	0.515512967695226	0.566770288032875	0.486037322292916	0.492795271300937	0.574241407081118	0.481124514965952	0.555774021103305	0.492803795001919	0.560257547780629	0.66022822689742	0.535079029768192	0.383493476721796	0.490262682565003	0.570920649434093	0.555811797359705	0.516967490013429	0.532056366837275	0.568581985811291	0.448552706233578	0.572238736190396	0.483806876540674	0.599424741441873	0.504868858432444	0.52992498238938	0.403869261297914	0.463952830609404	0.62901758641601	0.492716450640247	0.538867281491358	0.525592073320586	0.61767801330134	0.57901674390597	0.548307792679582	0.52611838330827	0.482574537155193
ZB_18	0.6647676940943	0.518789627695652	0.45445100911904	0.346557559092592	0.576750658356585	0.578362981344938	0.482303621525121	0.419749700449714	0.508856748859047	0.57218391843146	0.61000831027304	0.536422367241142	0.62704316977051	0.469692783486778	0.418399673849275	0.550449482223796	0.585439631544368	0	0.577444643239822	0.519054584512541	0.573678627999845	0.392247395656022	0.507035616661907	0.455784928272726	0.467704271703359	0.564733352846288	0.526400393083526	0.501861184571628	0.307888643742188	0.536735720769583	0.404431432156447	0.593045615200569	0.439829412865973	0.596169325233452	0.675396533905037	0.486616258792776	0.239619846351869	0.561519417991829	0.611612198525597	0.434971899949347	0.467847724157616	0.458947304647786	0.4857180120026	0.586591827509678	0.406193052874876	0.459588954734586	0.517823097517443	0.552985197592484	0.525924613021387	0.580217179199942	0.486850630651385	0.43910028206041	0.568380234542401	0.48621559973546	0.559276354861262	0.614477866755546	0.53253784671448	0.537300142057643	0.569377223414871	0.524567859884458	0.436616578147348	0.371881104775821	0.584851546640217	0.583313517685923
ZB_19	0.572733533150132	0.700508809950061	0.643667872445665	0.611495669961814	0.752156179196145	0.159152321346082	0.551549108798782	0.598934394212607	0.71259194203535	0.645072568019295	0.713648446933089	0.250816757920322	0.211536742420966	0.632123833804107	0.727965725009878	0.685866272328216	0.474519678464285	0.577444643239822	0	0.696260654819677	0.643035412541596	0.780495912128931	0.722244615573702	0.613875630102155	0.233758529395002	0.211321481274034	0.215601796802748	0.674659792298545	0.7344955260722	0.195666851112963	0.736173798067364	0.218608224593847	0.285114197633175	0.194613712569903	0.753191478859422	0.614708526234327	0.65136957288662	0.183660695106147	0.689670202329455	0.672394958753677	0.455384243613636	0.642191597822175	0.687086631105796	0.638410716063629	0.685880604188733	0.686340490120111	0.667528305866337	0.311953753698941	0.617649920418315	0.703678069248588	0.669350169966205	0.632977956293988	0.650606578051584	0.226056390520241	0.112308073978757	0.699303893843811	0.130776212631233	0.692292634290658	0.162736678606702	0.740966144795041	0.650786615597188	0.656491310283002	0.668520600674619	0.759089802752079
ZB_20	0.650661480071333	0.0490196821451037	0.489896440094313	0.501636659691755	0.205316989496759	0.690711984910585	0.513020504665506	0.470243493173925	0.438663165161446	0.563246169369837	0.251371407853164	0.683363588349456	0.706418041093356	0.335311260064353	0.320041514301168	0.49113973218849	0.402827092812631	0.519054584512541	0.696260654819677	0	0.567335883832838	0.524595408799765	0.408914514867918	0.475524344744397	0.649901812708059	0.757022424221846	0.680049966785449	0.592795812014082	0.414655252009267	0.733067437052274	0.467790284690937	0.62697198404031	0.571639865629257	0.733780801765355	0.34260379446492	0.474662869904658	0.493935031349141	0.697725323553692	0.591633847444581	0.372407454520868	0.54774526200122	0.364483028703442	0.400143062172436	0.545464247395332	0.25464060975843	0.47398805029727	0.640542417572069	0.691950601733663	0.502708022854931	0.242348057701685	0.475880988799526	0.498043077229895	0.601993222899616	0.634313318635715	0.69568122661559	0.637513280491626	0.656459117628959	0.449250590470778	0.674981791937695	0.439979353179927	0.374284814614094	0.481479984887393	0.451418140971637	0.179611537836772
ZB_21	0.239330503143924	0.569388099419465	0.363069048115609	0.504053422421786	0.544056169600437	0.666904645681007	0.425501327448252	0.519105639062068	0.412159259622124	0.0609801950363593	0.547581312017641	0.625865027511701	0.671576727478499	0.544289204196822	0.537397954817284	0.510430549133734	0.584273102579652	0.573678627999845	0.643035412541596	0.567335883832838	0	0.53505173602108	0.419781004522733	0.251782398894004	0.604416234337632	0.720999819467082	0.637140336382335	0.221220699957414	0.550268987373979	0.704964255556625	0.483966576912135	0.700367922224236	0.590736481319282	0.682721774816504	0.645655789230781	0.286436585274585	0.546492726342097	0.685170559045008	0.181215958810331	0.43902767413574	0.551647946971092	0.440468783534477	0.479331359285721	0.0668313586035802	0.551596070830401	0.526234177748563	0.198908306493758	0.479338522850013	0.403192499430936	0.491359027077522	0.36053885163343	0.374429741350166	0.119710402843426	0.582889132051623	0.678475673820946	0.274759083500139	0.633417761838967	0.466369901438065	0.694987569171545	0.403904032574288	0.539868622126233	0.464526683823778	0.417039679402359	0.558483189660655
ZB_22	0.646915274624023	0.512508736054668	0.493298570334951	0.348903685231492	0.461708571360705	0.70771975600674	0.585634949364742	0.465937721850249	0.360296443194543	0.536988148432591	0.511290948295306	0.658982972797532	0.789967732888374	0.517535016588736	0.282297722545202	0.359846039110871	0.616208994472831	0.392247395656022	0.780495912128931	0.524595408799765	0.53505173602108	0	0.390451376858794	0.545368068188137	0.667807878450042	0.747859352410919	0.689345099936402	0.386285886519479	0.148409325181095	0.702746188070242	0.251000831716108	0.797111275820953	0.667145633977882	0.777750811305578	0.59767395885284	0.559948452888454	0.274267409163059	0.786460377152823	0.534445744102201	0.442794280793104	0.510830214877153	0.464491078171987	0.506360557019195	0.546756153080704	0.448147979450495	0.413157764833646	0.400980456959041	0.673483315194435	0.633837485620875	0.464183984375945	0.583873968787929	0.502245224591361	0.46784201348346	0.677921072924302	0.730372688810691	0.482916720819073	0.748016595390894	0.396833288216063	0.793535963564861	0.34633050631486	0.513244821999002	0.300861622247737	0.439315908094272	0.466420636970882
ZB_23	0.548236291363511	0.412401171163438	0.470652484414646	0.486049974176623	0.366637169531729	0.735641032875582	0.501029882007151	0.446870454783547	0.0814756087807694	0.422139335644291	0.387412091184409	0.69640016089593	0.759456536676007	0.390481706728449	0.442595911973369	0.281273128999956	0.571149484651831	0.507035616661907	0.722244615573702	0.408914514867918	0.419781004522733	0.390451376858794	0	0.445070447255607	0.676669455625719	0.79399910199216	0.687329328616977	0.49703158099632	0.449407763488196	0.773963252103944	0.193391636587623	0.75436722193459	0.575936257292031	0.762059975806428	0.484979374550592	0.451759482666856	0.43245066127093	0.698238748729253	0.389825938134572	0.211570194070927	0.555136251352889	0.263360137399145	0.375682868749125	0.422023726582132	0.42250132807164	0.438680720157345	0.533975980102453	0.673592274914206	0.501081786493123	0.262132690770364	0.457934487814029	0.468874703205074	0.477422309218737	0.646364394213459	0.743882469198153	0.466953427482537	0.697539003851426	0.227230952074458	0.742560265185058	0.112502958558979	0.393106743039515	0.499349892656694	0.204198292726845	0.32363927129581
ZB_24	0.378295206758837	0.47089758095434	0.18953987464969	0.414127488246009	0.536237764270064	0.667171993740937	0.23646359127003	0.476335353246758	0.439285032899845	0.23069492509272	0.586326773327306	0.634529858247841	0.68070441224663	0.391039641909252	0.465851652281722	0.506976141424806	0.539283182443546	0.455784928272726	0.613875630102155	0.475524344744397	0.251782398894004	0.545368068188137	0.445070447255607	0	0.56281249593739	0.729439164141261	0.644959721180024	0.290327796674888	0.464508519209367	0.699499182502574	0.473486768527682	0.672882002413601	0.514677165489901	0.686210832811603	0.654847033200474	0.164139063191887	0.400369164034279	0.652568199614823	0.348201658145826	0.363079903189671	0.468747957693284	0.37426404078612	0.299712184787433	0.218931926563068	0.395448600683724	0.36084381152438	0.348969200751079	0.515884782162624	0.251167957540038	0.495909689735964	0.17042611563886	0.204225736261205	0.307954485227268	0.544229596840459	0.653905060916895	0.414798154724703	0.611569526419801	0.442315745393635	0.643299145277011	0.413589224810683	0.539752395165551	0.410181474336852	0.495651679067697	0.556612110035347
ZB_25	0.541479146795327	0.654623975569395	0.566821638660013	0.480648694152033	0.716143632009017	0.279417079403704	0.518626568933384	0.584517287487015	0.665904321456501	0.608639828915335	0.685005893569517	0.135948034313603	0.284187406854398	0.582590966699117	0.671349242945765	0.628972674055084	0.471697889255655	0.467704271703359	0.233758529395002	0.649901812708059	0.604416234337632	0.667807878450042	0.676669455625719	0.56281249593739	0	0.271053638159633	0.122255666965236	0.541486826753423	0.617355819570661	0.247176474924098	0.595517737799273	0.300051277245917	0.23641255308861	0.348993933458902	0.717490190631619	0.563962394812499	0.564519904167554	0.285123961334432	0.648939185470556	0.628089676555003	0.300026467055303	0.605100953853322	0.63671544105271	0.582761974326173	0.662159823362511	0.589616761113595	0.557010084667077	0.305773102610269	0.56515005601305	0.677604442128831	0.629144540946129	0.555394312200827	0.584189919045242	0.168627199720813	0.255242967402531	0.649054139569953	0.235310234275643	0.642623414342225	0.256936139115146	0.684500244431069	0.609550829804038	0.530327030629589	0.619763339806043	0.731138743355484
ZB_26	0.666280601440883	0.766315147425561	0.741781771703501	0.589688575434422	0.808532091457753	0.17481894337751	0.676691703113598	0.649638124328452	0.792575123238994	0.724358950032826	0.771013932317484	0.246827482786978	0.218019297314669	0.726347407542801	0.750690811570012	0.745907310655512	0.562943176967878	0.564733352846288	0.211321481274034	0.757022424221846	0.720999819467082	0.747859352410919	0.79399910199216	0.729439164141261	0.271053638159633	0	0.213615271401511	0.67700747243763	0.703957400901917	0.090756457695613	0.730479668819758	0.280610291740446	0.425255358868377	0.156839920360043	0.81082831518891	0.742244170369526	0.679818768641377	0.279195439328786	0.773163643054373	0.745070382253376	0.498992013789991	0.729107001565951	0.792522204061981	0.732522323512025	0.769551734775056	0.776114709688207	0.670375208605484	0.378227964146741	0.741219460347885	0.793998926076621	0.784841790042128	0.731426070872297	0.708186180672619	0.338074526113611	0.181814224538989	0.754691937276207	0.248226999675929	0.770532079723016	0.238001434671987	0.813237308296531	0.709936180795215	0.617623192226419	0.761356613706946	0.81651372758087
ZB_27	0.555369344344583	0.683428620168029	0.637084397722982	0.541214423703002	0.726945852078983	0.225456722687387	0.588204321263887	0.612462059764193	0.676649408702541	0.631957479232099	0.694852061542398	0.0785157058926603	0.220217802336318	0.640595388502843	0.702040779394695	0.644339951376011	0.492367816255102	0.526400393083526	0.215601796802748	0.680049966785449	0.637140336382335	0.689345099936402	0.687329328616977	0.644959721180024	0.122255666965236	0.213615271401511	0	0.573670983706655	0.651437296687247	0.232773729897673	0.605804744142986	0.297399100777439	0.290068682616146	0.301910331384016	0.735935128081968	0.634470650748514	0.625683697143665	0.276898319983026	0.670736475317068	0.646915268543741	0.378382267902045	0.593680178303559	0.694510637614261	0.615617125782599	0.714608539426775	0.664977072005218	0.580201663046705	0.285289909029104	0.637394131557673	0.696482256639836	0.697866253456684	0.626090335423705	0.616348694324441	0.224939694094291	0.223624604354357	0.651989274387837	0.268711677989066	0.664386683034376	0.264566049300683	0.706774511171119	0.628708292256899	0.581710040249214	0.630235903620909	0.742141920629337
ZB_28	0.353482694408484	0.594492153296962	0.309420100008105	0.398711143689614	0.560842593718853	0.640884316172176	0.440377710591129	0.576131505572105	0.484763098352245	0.21574259201736	0.589679048935272	0.532260534173198	0.694776724668231	0.577496612443513	0.497952130089223	0.470052177901799	0.536811713470657	0.501861184571628	0.674659792298545	0.592795812014082	0.221220699957414	0.386285886519479	0.49703158099632	0.290327796674888	0.541486826753423	0.67700747243763	0.573670983706655	0	0.407522606999171	0.642180282028995	0.37319362419836	0.723815396414352	0.59550846733722	0.711417459249365	0.691262277959043	0.343026200364271	0.416809938744313	0.716594880996045	0.316889210316025	0.50811080126992	0.436973495122822	0.47112924469744	0.513240675009436	0.198382686982725	0.590991689396068	0.467529714676872	0.0966540557198403	0.477744322517251	0.456208030990308	0.544359709141145	0.42293295946883	0.320900197580839	0.158963526080276	0.554551615381924	0.650911672880518	0.266487379478547	0.66874294093788	0.510137079628346	0.714099744835423	0.477135988564746	0.582380048325854	0.372341616744915	0.485344534453445	0.600708714898855
ZB_29	0.648143694088253	0.430719758675256	0.41029315986705	0.275177368058181	0.483822045757803	0.665395538484577	0.495222539091126	0.39179683972912	0.440351514668843	0.548825089422688	0.528286230999392	0.622280324960314	0.749256498130367	0.43265441907269	0.203095522372631	0.416882505825417	0.541570522500755	0.307888643742188	0.7344955260722	0.414655252009267	0.550268987373979	0.148409325181095	0.449407763488196	0.464508519209367	0.617355819570661	0.703957400901917	0.651437296687247	0.407522606999171	0	0.657447789107225	0.325966159268404	0.748745404902454	0.614180321705583	0.731396745629346	0.607499525816215	0.488735150435835	0.18113882450781	0.73438612805001	0.584435719233087	0.344578689440342	0.442144098239365	0.372357304712968	0.38203649519832	0.557609254853417	0.325404721208039	0.331800823373621	0.424836137528915	0.63737360994425	0.535094881495219	0.486459406910767	0.476610893117149	0.420580798257216	0.486198926784171	0.62734799503394	0.682463550960889	0.536406234564985	0.697801057773268	0.451896166823694	0.726373105998497	0.414233880623432	0.529687711589496	0.224762228763294	0.50284717347784	0.488833129837689
ZB_30	0.670457871729423	0.736941572404343	0.688938060137422	0.57476636696839	0.792718801230982	0.160095968721306	0.649124442492646	0.617628240973131	0.772478624534149	0.708346733638077	0.750143015544554	0.229726286270853	0.247482245259589	0.694753788525155	0.702998917398632	0.703032622870975	0.515512967695226	0.536735720769583	0.195666851112963	0.733067437052274	0.704964255556625	0.702746188070242	0.773963252103944	0.699499182502574	0.247176474924098	0.090756457695613	0.232773729897673	0.642180282028995	0.657447789107225	0	0.713617479803925	0.262019143141329	0.394684300634293	0.190654471819864	0.788118706629263	0.712868928135331	0.618850741337909	0.261605197320636	0.757789052187571	0.717562768674849	0.432944437038061	0.709521396655765	0.758348239632237	0.716372684243546	0.735684433282397	0.713932761316214	0.634828943927316	0.343278857140085	0.711862056160033	0.771966348717341	0.754085933611285	0.678745064881046	0.668120647860234	0.276254698209153	0.131784941531779	0.731475267992557	0.225386165751902	0.751984175647371	0.215368763352428	0.792071058937237	0.69119496702635	0.6049090913829	0.739769240043303	0.800030668886064
ZB_31	0.587980087003047	0.47060268448348	0.471537737905625	0.377352088079296	0.435080493501549	0.727236774017096	0.522130848867201	0.502269489952824	0.206576602883074	0.480227035843404	0.469561378867531	0.615722422835226	0.763632254133688	0.473910583850518	0.445486664935643	0.319840510995673	0.566770288032875	0.404431432156447	0.736173798067364	0.467790284690937	0.483966576912135	0.251000831716108	0.193391636587623	0.473486768527682	0.595517737799273	0.730479668819758	0.605804744142986	0.37319362419836	0.325966159268404	0.713617479803925	0	0.766789311283862	0.589108604157379	0.778126257724701	0.55511512018334	0.502449528505788	0.318973530553124	0.719376911368365	0.463830733781918	0.313576808005777	0.451047043877183	0.316227936236487	0.417603314958008	0.459987017400169	0.475139922100789	0.414840584377908	0.433808218949893	0.667667840007747	0.549817492792709	0.36968081170801	0.525961245480973	0.469865186360032	0.482345171277256	0.627939370915438	0.723921378245824	0.473285725576616	0.718055544286955	0.28885810567817	0.74745596001022	0.246098907694154	0.472535785320682	0.382352667479365	0.333159315273739	0.421513824207486
ZB_32	0.632650380877331	0.632123461466649	0.699890872908448	0.632217439531579	0.689605652025694	0.288307350697436	0.626385384685534	0.609943876311647	0.744792555975251	0.692017817010454	0.645403246024668	0.33932414608166	0.227336615948957	0.645357624760729	0.718474188670099	0.74261303091245	0.486037322292916	0.593045615200569	0.218608224593847	0.62697198404031	0.700367922224236	0.797111275820953	0.75436722193459	0.672882002413601	0.300051277245917	0.280610291740446	0.297399100777439	0.723815396414352	0.748745404902454	0.262019143141329	0.766789311283862	0	0.345532966451901	0.241078917187175	0.689204765847875	0.675223913720555	0.703017131960052	0.214525120032331	0.735131766381766	0.705506862593787	0.52237849472886	0.703704478451009	0.732288128422401	0.697426446389785	0.678386557352633	0.731396072993902	0.732839838492598	0.421615127952504	0.685447360223777	0.723925031360565	0.718987803574012	0.689099683447213	0.714603888783583	0.275608088825766	0.232748612753086	0.743678584013298	0.186600608562221	0.737564331639206	0.130069976155385	0.772249743173681	0.632041455516581	0.682320263207598	0.712721506517956	0.696051025900548
ZB_33	0.568003785589674	0.580694020927612	0.516685068885247	0.515972003479336	0.637682177398893	0.351383762157831	0.410774478648453	0.481306548655278	0.567366168141362	0.576818977404162	0.620858783218546	0.309765416977314	0.349980818788175	0.470396002120088	0.606235997562361	0.578208054229079	0.492795271300937	0.439829412865973	0.285114197633175	0.571639865629257	0.590736481319282	0.667145633977882	0.575936257292031	0.514677165489901	0.23641255308861	0.425255358868377	0.290068682616146	0.59550846733722	0.614180321705583	0.394684300634293	0.589108604157379	0.345532966451901	0	0.392986222986481	0.691735340069184	0.477241686791752	0.548860707699564	0.275213433096836	0.609930364856438	0.524655739577022	0.382458295934675	0.485937899380123	0.548149987662366	0.562187905311842	0.567457864279101	0.530147953688118	0.635640538213675	0.355374529404128	0.493703315019446	0.600439566346299	0.552543020642031	0.504069820595951	0.596965385114859	0.233508806495745	0.328541137155531	0.643965894343385	0.295060805193612	0.556731237529654	0.302192254543182	0.603691315448827	0.522055826451895	0.58433354022245	0.531545933730105	0.663687865075151
ZB_34	0.633914565318119	0.744086379212436	0.716480220391724	0.633899808294503	0.760456457293945	0.168797746512108	0.620652101580216	0.588739522093114	0.76025029199278	0.677472894858433	0.726736419243884	0.340150489933083	0.179448139111177	0.683023271062178	0.725280520195932	0.727400424266747	0.574241407081118	0.596169325233452	0.194613712569903	0.733780801765355	0.682721774816504	0.777750811305578	0.762059975806428	0.686210832811603	0.348993933458902	0.156839920360043	0.301910331384016	0.711417459249365	0.731396745629346	0.190654471819864	0.778126257724701	0.241078917187175	0.392986222986481	0	0.770510815848144	0.69168264797116	0.713620622819486	0.255485610032708	0.72844120982444	0.706671224178075	0.585000715859907	0.678746437304289	0.741865234402548	0.696499707287852	0.719052707589233	0.751602229141162	0.714090034628703	0.366949152542373	0.709163295131939	0.778163538873995	0.737102840132454	0.705289700829214	0.697672995384839	0.347424166540796	0.194960908479853	0.741695712658967	0.233147429858663	0.725784513677877	0.202990875397212	0.771837255245192	0.663020546946012	0.654471191943219	0.713130391986567	0.781813703865089
