ZB_1	ZB_2	ZB_3	ZB_4	ZB_5	ZB_6	ZB_7	ZB_8	ZB_9	ZB_10	ZB_11	ZB_12	ZB_13	ZB_14	ZB_15	ZB_16	ZB_17	ZB_18	ZB_19	ZB_20	ZB_21	ZB_22	ZB_23	ZB_24	ZB_25	ZB_26	ZB_27	ZB_28	ZB_29	ZB_30	ZB_31	ZB_32	ZB_33	ZB_34	ZB_35	ZB_36	ZB_37	ZB_38	ZB_39	ZB_40	ZB_41	ZB_42	ZB_43	ZB_44	ZB_45	ZB_46	ZB_47	ZB_48	ZB_49	ZB_50	ZB_51	ZB_52	ZB_53	ZB_54	ZB_55	ZB_56	ZB_57	ZB_58	ZB_59	ZB_60	ZB_61	ZB_62	ZB_63	ZB_64
ZB_1	0	0.520750969424894	0.661325476807053	0.6684014239351	0.650222549932455	0.695637051742751	0.685506451579525	0.697963698386621	0.621676384707049	0.491060966561772	0.584510785932123	0.580256395108407	0.692939592652104	0.721490833354761	0.655782715621586	0.479144445674569	0.577620325624453	0.745290007015509	0.718648432700174	0.762410647508417	0.353286736020806	0.692740111057791	0.601701306505714	0.684171682548013	0.644451932203164	0.686981821015091	0.552480254885201	0.493297163743807	0.700889888136896	0.737589979053752	0.591592564591809	0.70743985622677	0.639119054310762	0.669387373402037	0.497911423604805	0.665216366436161	0.664627713199195	0.687645666620967	0.356296621325143	0.558811084045242	0.652894725071935	0.501983755342517	0.692917690851476	0.466849101473693	0.728781941331864	0.693022588512856	0.396304777365354	0.466698418596861	0.576679898421723	0.647310695892374	0.560597460231084	0.592903507609128	0.448988297209334	0.654670947242127	0.698099447664787	0.509921097753655	0.694255621124972	0.526210354032104	0.701047543667384	0.454595322113645	0.647310695892374	0.652842651230765	0.521797875373421	0.661135284655434
ZB_2	0.520750969424894	0	0.433663845113375	0.44767931591934	0.274321443045856	0.641484000946947	0.505950716261148	0.418278772572542	0.28925740359446	0.272683590115833	0.206035366346064	0.532990475982715	0.62393179225852	0.41797384636419	0.336804408850726	0.205016906416144	0.317059432502532	0.509523096150334	0.630586962435203	0.340404258177807	0.471026590460463	0.43270381634455	0.185052060196973	0.43062290235421	0.529627066286419	0.631302814630056	0.509501822865501	0.374694748962506	0.387827121332276	0.614211973492214	0.172453037233407	0.62456382935459	0.50672790983359	0.63325072326656	0.188480890930241	0.509531995191997	0.389918880486864	0.605612051633206	0.29456676001609	0.362056898184363	0.508669657442803	0.281534641828759	0.401165594368313	0.282324435402247	0.385982955191795	0.470596551076833	0.208049493157845	0.454605461374106	0.39583423305147	0.173592298534884	0.413756126756412	0.483813358578238	0.374833953909631	0.580908614808279	0.673547826195733	0.366665663633649	0.60842366730179	0.15496680185595	0.626293170003603	0.211363424296148	0.173592298534884	0.520091140231675	0.271543261326125	0.210673335760629
ZB_3	0.661325476807053	0.433663845113375	0	0.39007347126569	0.564952696204513	0.666222860853504	0.163130246874089	0.357641005918825	0.343482266748071	0.42546421043775	0.281588746570128	0.594290658851764	0.688234343078031	0.352275726331328	0.39762070222999	0.482948821657768	0.321851392957927	0.399868761022024	0.58897924875073	0.470222394181727	0.605107771034822	0.386503853048681	0.437831167262121	0.105496499380338	0.472318835699361	0.654856548184002	0.544343251838468	0.483708899169278	0.380616705662788	0.585053372648518	0.417118355063011	0.578520624315565	0.470271137597995	0.636274674674675	0.472520001869532	0.117156934509236	0.339608028490002	0.556074657470407	0.458346742094477	0.386055098935827	0.445908647019217	0.504351232948272	0.133922759392344	0.42075052690878	0.316950447010198	0.159839995051393	0.386003766121487	0.580986596872147	0.157415157246373	0.490211470076417	0.259095266142351	0.254205164127755	0.49408064436322	0.516527034720035	0.631777427000077	0.394832038067709	0.560940799989465	0.373306242363504	0.547852479175628	0.442523364485981	0.490211470076417	0.477510258971465	0.48439207840086	0.520236095325639
ZB_4	0.6684014239351	0.44767931591934	0.39007347126569	0	0.39616317065458	0.479048364356026	0.459403081175011	0.268345744346331	0.390477239308971	0.517234830318261	0.30605026452758	0.484190230284943	0.510051487696622	0.220473662831297	0.280386333655587	0.436282839118438	0.381498733504729	0.284373046630829	0.419190788063388	0.511524045546516	0.676979300554415	0.270863038121569	0.442497243984985	0.384918165040522	0.390900012281121	0.458063171236075	0.493334823982796	0.488899552704935	0.284583139264089	0.40119610415326	0.418012997926825	0.393451228491178	0.39128967739727	0.430276549449007	0.474385307436369	0.414443290081567	0.219337881827473	0.368825031974234	0.43249461404008	0.264789099040661	0.366318775466702	0.379589816812967	0.388722367928063	0.513715995037662	0.153949026926401	0.422650189710028	0.501428278887742	0.570101277543606	0.315238341646761	0.385036747110696	0.353176793010869	0.37851455209531	0.578040920676959	0.438117295526717	0.438135218006159	0.488251478805204	0.402487660964761	0.475061582581331	0.361903695794441	0.377863342107135	0.385036747110696	0.380342500937423	0.367075294004262	0.363754864681415
ZB_5	0.650222549932455	0.274321443045856	0.564952696204513	0.39616317065458	0	0.592155071945046	0.624123447846419	0.42165625828536	0.412616440675055	0.445819113679205	0.383709242553107	0.569713830881635	0.571871383030235	0.320646233509009	0.360909717210157	0.368867374377693	0.422788309636651	0.452761878804397	0.582734560197013	0.337431035131465	0.577025344586042	0.372727696147597	0.277546273329585	0.569996487597422	0.596163081376225	0.579515519673503	0.535542361243779	0.465365129280224	0.364397416399005	0.592779004835784	0.350889359991804	0.548265405319133	0.560434223195494	0.579595612528083	0.375800450662894	0.587323808317427	0.415803226450982	0.530403867705501	0.432321299072198	0.426922752334871	0.567375589138055	0.373011350968375	0.54114732155571	0.473398815669011	0.305724218086299	0.603217657588892	0.424304497595744	0.521547271449394	0.472049975038756	0.154823350743435	0.556850624227019	0.612832638520886	0.477480034053594	0.598580025208394	0.628727272727273	0.483754421482956	0.526506092808395	0.322550398499766	0.596134757680507	0.378695220222983	0.154823350743435	0.550779238509016	0.34107778382361	0.103344951787406
ZB_6	0.695637051742751	0.641484000946947	0.666222860853504	0.479048364356026	0.592155071945046	0	0.60093752251495	0.569494947809327	0.541310205347566	0.592665777862426	0.579689196344263	0.237473679835984	0.123735192883644	0.524967769944256	0.541989195084957	0.584422423994062	0.505012378247067	0.475028353757259	0.151262633041191	0.719320197996562	0.66373890655561	0.541960951157209	0.615345925393849	0.655680563711098	0.272009605890616	0.0677898293857029	0.289794298938044	0.594825513715963	0.569181272174017	0.149742693246161	0.609588631593522	0.184183341096877	0.323288547664747	0.0964159296212043	0.569049797412103	0.638137748560154	0.568152148407161	0.239181888655314	0.571683101205558	0.486175547923842	0.341856251559025	0.542293459738045	0.63664591896653	0.59865250928483	0.539165566351807	0.614611439189533	0.654493011370567	0.514902700956841	0.570086368317924	0.647862280223096	0.593743195180373	0.546147427923989	0.569308063107663	0.210292777114158	0.150150197352335	0.526564464321886	0.227735961593664	0.647902290209545	0.204349174982043	0.636089474186345	0.647862280223096	0.546797813396071	0.555720853216216	0.613567469549747
ZB_7	0.685506451579525	0.505950716261148	0.163130246874089	0.459403081175011	0.624123447846419	0.60093752251495	0	0.393442264556835	0.329475006473344	0.340035356101968	0.368486308332307	0.593633932259235	0.617607189139937	0.386876474623919	0.430035825254985	0.46442613294592	0.365665358986319	0.281004620155693	0.539161634855279	0.548180393277776	0.520877039816878	0.445009169056891	0.475392966892502	0.181722751343661	0.391713477654541	0.62504202790653	0.577745086980498	0.413686211494976	0.469554557446165	0.507348636439101	0.456438088441608	0.540968165203537	0.379349873357331	0.565526073778561	0.536931321721908	0.257366272786546	0.376554468579008	0.580181796718215	0.495218308344629	0.371352119403952	0.353898738944727	0.486619435136429	0.190286749359729	0.334584375260025	0.398801595149177	0.151327359310781	0.43238899375063	0.607458734512853	0.282808046594242	0.559529414786152	0.313779559564099	0.270671788420517	0.409349012474012	0.464503221767308	0.610495746170367	0.310971498816438	0.522051193639992	0.4046138239222	0.519216721257393	0.471658563259562	0.559529414786152	0.40447627728555	0.466640275161283	0.584143706660631
ZB_8	0.697963698386621	0.418278772572542	0.357641005918825	0.268345744346331	0.42165625828536	0.569494947809327	0.393442264556835	0	0.301068073111374	0.455646868301337	0.254882110820027	0.603863945300471	0.604548982873762	0.143796964923083	0.153557464139258	0.440945918931314	0.392031825893641	0.27286434858518	0.521151532587091	0.472984525347766	0.599975057621513	0.202300420862437	0.454191112467641	0.292848586858872	0.493293256923915	0.569738437289052	0.591741816374352	0.525235391636636	0.216618963489617	0.499342922038332	0.432636371108412	0.482633351523853	0.459556554327551	0.549738416481013	0.491214691463699	0.439857512752874	0.122815678310773	0.461790220453552	0.528472035018806	0.368968623094958	0.433853047947791	0.467866824841433	0.261467250441445	0.480638671251817	0.146141756169764	0.341699573604861	0.463702748626166	0.600049006595471	0.344560486809025	0.32334763731967	0.328175021678502	0.383757627672254	0.554659871249337	0.538074444348684	0.546208920484732	0.423223962260842	0.458397348079373	0.437474514226596	0.473000962585854	0.409714959285171	0.32334763731967	0.261031299445684	0.444600396485715	0.366990751466637
ZB_9	0.621676384707049	0.28925740359446	0.343482266748071	0.390477239308971	0.412616440675055	0.541310205347566	0.329475006473344	0.301068073111374	0	0.337999642849877	0.183622487400799	0.481156783137346	0.556324282259724	0.271273498101516	0.249523885294893	0.238447140588064	0.213274722192396	0.314677620007722	0.549235925833216	0.48218966846569	0.526226799369788	0.280008175708787	0.203364742854047	0.300663569528195	0.419351805261117	0.572968554916271	0.486320329765922	0.418706993290578	0.269438235659739	0.496601751207729	0.265544431101416	0.526986839856435	0.36170477158622	0.526594436773624	0.374771439789108	0.403366023141409	0.304850322540878	0.510011418701067	0.397222143323771	0.175897527565574	0.355319411752596	0.261187450321142	0.271448244701177	0.364496972623935	0.291965797264143	0.27108773970578	0.36585992595624	0.549002180343578	0.312110419458463	0.344983294782832	0.306729568165596	0.320654660047778	0.440485402121479	0.447449687072721	0.590487370478892	0.355368489840841	0.506639027396493	0.236756927060642	0.52508141429178	0.309666529878454	0.344983294782832	0.436851392104469	0.258786355003721	0.361453751613056
ZB_10	0.491060966561772	0.272683590115833	0.42546421043775	0.517234830318261	0.445819113679205	0.592665777862426	0.340035356101968	0.455646868301337	0.337999642849877	0	0.293937448876263	0.541363613746292	0.549999835526857	0.45354329702078	0.355497638830773	0.326378280122987	0.326003796052273	0.433122770148087	0.561378923766816	0.45955805432316	0.231640146878825	0.468923383549099	0.344526872385763	0.435846168477399	0.447723605509562	0.581335097473065	0.464404944830914	0.187721918786525	0.47430444058328	0.558561382287891	0.334114334907746	0.553282898581869	0.436165933038094	0.581471562537442	0.28971915214283	0.497870618624117	0.404058307333184	0.594262590990542	0.26945551577383	0.414030367657964	0.429532058001543	0.347256701563828	0.408320615181171	0.0370367320724267	0.46777008364858	0.473092008391645	0.194755404786905	0.448318512635567	0.37011555743555	0.35545197540277	0.391276288405273	0.432833050166873	0.134577643030196	0.518558967360222	0.644202925001217	0.175482456140351	0.534063142594677	0.252046811368761	0.562146933398718	0.318953828854043	0.35545197540277	0.400993581390414	0.362599288082721	0.394879261558748
ZB_11	0.584510785932123	0.206035366346064	0.281588746570128	0.30605026452758	0.383709242553107	0.579689196344263	0.368486308332307	0.254882110820027	0.183622487400799	0.293937448876263	0	0.514933460710745	0.602729888407534	0.263319147742808	0.146190312173806	0.318834777582474	0.18740036147414	0.373385491077428	0.56157131303053	0.429879529584126	0.48689262682742	0.269069914771884	0.284895214571819	0.268948774805213	0.450153190829234	0.568133624241486	0.483410851644089	0.373734813910491	0.222067458213718	0.540087725079267	0.244937231483587	0.529150661267855	0.415798634266051	0.567803005008347	0.279234935086192	0.366577796690389	0.209606277161275	0.512325861669821	0.376649149403544	0.252472039066544	0.390404387715738	0.313908169539963	0.239230191889731	0.321583732802948	0.230774093402541	0.316377208912074	0.29056101082853	0.510755935132937	0.228677581169726	0.288184132090144	0.290157211978612	0.346490588671418	0.399931141644356	0.495421073687895	0.602634087833682	0.313932246960533	0.508950220115137	0.262124067891873	0.538366502790582	0.281664856608695	0.288184132090144	0.346453669660725	0.328624794653104	0.331287056116709
ZB_12	0.580256395108407	0.532990475982715	0.594290658851764	0.484190230284943	0.569713830881635	0.237473679835984	0.593633932259235	0.603863945300471	0.481156783137346	0.541363613746292	0.514933460710745	0	0.186655112031026	0.566243673930319	0.56520108976549	0.465702356932467	0.424589814112291	0.542589619771371	0.295988074426074	0.705428433533299	0.615829896302447	0.523654799483757	0.496276139152363	0.587769969588151	0.273359402658427	0.285067455025703	0.131167089545642	0.538627021759866	0.615435101536561	0.308018767327788	0.489617190160445	0.341165390602507	0.31567667500827	0.299199616347919	0.449296034884151	0.585776442641285	0.573392926210838	0.267524290574906	0.418893282694824	0.38498302305672	0.335109072242332	0.422156869454344	0.596203754506316	0.526002027217661	0.579652761102971	0.575250242087124	0.515390854747072	0.377260114786697	0.487866922753538	0.629744126835082	0.54565332064238	0.484881813281173	0.543086161666575	0.216714645853969	0.314916553515167	0.491509907821856	0.362337527603634	0.54417217348356	0.343539595507935	0.502790766718622	0.629744126835082	0.621354661351384	0.435627236084909	0.593177756811245
ZB_13	0.692939592652104	0.62393179225852	0.688234343078031	0.510051487696622	0.571871383030235	0.123735192883644	0.617607189139937	0.604548982873762	0.556324282259724	0.549999835526857	0.602729888407534	0.186655112031026	0	0.56830289377254	0.567393963080386	0.565364461424624	0.519761550017239	0.485351256221796	0.137233623401061	0.702077932142253	0.621657878652896	0.54940460348395	0.57126824159655	0.686802846701289	0.27180833668451	0.174201060893596	0.242846441690765	0.567709380533269	0.598180303206405	0.157970703638419	0.583118183680019	0.214585583565999	0.312479976341277	0.214104013315413	0.549835790371254	0.680569396063906	0.595294900416988	0.25850624887879	0.544323293282314	0.511147430317457	0.33146297305745	0.504211541155434	0.67527907951968	0.556203762487623	0.5811825840485	0.675049510405603	0.629349472988068	0.510703244569478	0.593346974482155	0.629444071594186	0.646154858272355	0.59183352222642	0.54872687867181	0.217575375429476	0.212009105465994	0.502202100211993	0.257616825286841	0.631049951522634	0.243836038627491	0.618360704368104	0.629444071594186	0.562541039907164	0.53645195579983	0.594334057095781
ZB_14	0.721490833354761	0.41797384636419	0.352275726331328	0.220473662831297	0.320646233509009	0.524967769944256	0.386876474623919	0.143796964923083	0.271273498101516	0.45354329702078	0.263319147742808	0.566243673930319	0.56830289377254	0	0.169188072258037	0.439493857329361	0.350026205236134	0.199272572070108	0.46172945653311	0.469338411333844	0.63095849374988	0.180179966035174	0.400415850293894	0.290252378454948	0.433256263315222	0.511292749669607	0.535791764357129	0.459422947431722	0.213620727904184	0.441922837565905	0.431637506075123	0.418431412025876	0.397573393259653	0.508831261151249	0.487402815828723	0.37965021555772	0.165940601265329	0.394188803451386	0.476308906857887	0.301293109182583	0.371485578605692	0.402253442109446	0.260461035491792	0.477349792919622	0.078722943499737	0.336851968983531	0.461040569061916	0.571550961696369	0.286133302208158	0.328726786189314	0.324174497724448	0.377672779525065	0.54786912198562	0.480054647425155	0.514608153580316	0.422712927169348	0.391187873342319	0.436211042315086	0.430314583995264	0.409865280725336	0.328726786189314	0.325285528062475	0.376325370394185	0.305634677183757
ZB_15	0.655782715621586	0.336804408850726	0.39762070222999	0.280386333655587	0.360909717210157	0.541989195084957	0.430035825254985	0.153557464139258	0.249523885294893	0.355497638830773	0.146190312173806	0.56520108976549	0.567393963080386	0.169188072258037	0	0.387468417407252	0.295045495117435	0.303577829863505	0.523940134951355	0.410218431113115	0.55460099228884	0.169421080900197	0.403325794927261	0.338326543877019	0.496110716586018	0.528345879688229	0.533293221726611	0.434601474364359	0.183622719932444	0.502037573486904	0.365777874296296	0.485646266793117	0.462465345150367	0.526455012006386	0.394239003318634	0.475897848973423	0.0811360075887147	0.464962668873372	0.437781775126372	0.315717881333975	0.436779873868557	0.38628574270677	0.307702191016756	0.383307412677328	0.195780734965456	0.383992630558649	0.356624177134823	0.570606271514832	0.34853911198136	0.253941537038446	0.35442964799138	0.407329704231009	0.46336182735426	0.540797239538944	0.56770189024177	0.372913407251207	0.461551403147769	0.384382201052169	0.496393022516915	0.352452940153986	0.253941537038446	0.257736868834385	0.394001924714069	0.303030303030303
ZB_16	0.479144445674569	0.205016906416144	0.482948821657768	0.436282839118438	0.368867374377693	0.584422423994062	0.46442613294592	0.440945918931314	0.238447140588064	0.326378280122987	0.318834777582474	0.465702356932467	0.565364461424624	0.439493857329361	0.387468417407252	0	0.342699485744812	0.468406783155507	0.606786243313148	0.434832555574289	0.514345226916294	0.43743654035914	0.194280078895464	0.452600335948075	0.46105522990883	0.616498687913561	0.471469115619388	0.420044978398532	0.460797297733807	0.56132095410628	0.200127927316398	0.588248876603215	0.435693957118374	0.572245666838555	0.257367135862131	0.552316148674881	0.435496672710641	0.574161676749563	0.263045260452554	0.20601406922962	0.4288674933606	0.136433557544896	0.424280053024814	0.354826609964999	0.454759780392974	0.423930592475415	0.293830248369199	0.525163120081228	0.463096673924833	0.282270808745574	0.447879602140984	0.45448701306729	0.422270748597392	0.507723713228727	0.649280024988287	0.433110516643995	0.570424219644291	0.165431782645884	0.594297689723151	0.111320919406459	0.282270808745574	0.556166964430729	0.0902671505399851	0.311837620420197
ZB_17	0.577620325624453	0.317059432502532	0.321851392957927	0.381498733504729	0.422788309636651	0.505012378247067	0.365665358986319	0.392031825893641	0.213274722192396	0.326003796052273	0.18740036147414	0.424589814112291	0.519761550017239	0.350026205236134	0.295045495117435	0.342699485744812	0	0.383007031074532	0.51265763387882	0.523789221027366	0.488713787737711	0.328617662278432	0.262978346978233	0.402805806374083	0.365490579950065	0.53546094374587	0.384342045719457	0.365420572193736	0.346044177307724	0.470678818580016	0.301620759028099	0.498021674754647	0.338999252341352	0.488731492728407	0.360649157251959	0.354558391618978	0.342804130467625	0.480552005138553	0.356723772311078	0.234027288315678	0.333059984120747	0.329169830807084	0.37761943635241	0.350701681256079	0.321660870421103	0.377308646988866	0.337606194023901	0.493665370947088	0.226313245906473	0.403355373131298	0.333822630217086	0.332886444078198	0.409282290318178	0.413069951613976	0.551652889481883	0.330330596491793	0.477495432920413	0.24006686382924	0.496105303004656	0.415168995212903	0.403355373131298	0.452526586432166	0.342865841992549	0.376700084442768
ZB_18	0.745290007015509	0.509523096150334	0.399868761022024	0.284373046630829	0.452761878804397	0.475028353757259	0.281004620155693	0.27286434858518	0.314677620007722	0.433122770148087	0.373385491077428	0.542589619771371	0.485351256221796	0.199272572070108	0.303577829863505	0.468406783155507	0.383007031074532	0	0.426717347470274	0.565211200650378	0.602693335288272	0.245188657327013	0.43216887158894	0.36483881072448	0.369218304211204	0.492517601311875	0.566086456635033	0.389749179383097	0.31608685617049	0.373046535651218	0.460389774740572	0.439911225696705	0.341561225195326	0.425574019594851	0.564495588015449	0.423987625192604	0.255101066443705	0.454915833919535	0.520320157881855	0.300280021494903	0.315416996822025	0.423553473328735	0.381426245074913	0.428734721686381	0.200044265657836	0.350511447089907	0.509621327534422	0.610465654466417	0.337586794860075	0.442606197423749	0.389689106129375	0.376301237291895	0.497881657141232	0.427790468041846	0.463394819139721	0.404025982583761	0.397275818946844	0.465137395166782	0.398804797031761	0.475641908344389	0.442606197423749	0.260743799720327	0.400303077160971	0.421487095172816
ZB_19	0.718648432700174	0.630586962435203	0.58897924875073	0.419190788063388	0.582734560197013	0.151262633041191	0.539161634855279	0.521151532587091	0.549235925833216	0.561378923766816	0.56157131303053	0.295988074426074	0.137233623401061	0.46172945653311	0.523940134951355	0.606786243313148	0.51265763387882	0.426717347470274	0	0.703879175900845	0.64560592603911	0.533110157966314	0.611144685548797	0.582789505956552	0.199423593452868	0.134058705670895	0.284687670107819	0.585397077783202	0.545942902118374	0.0731376909641867	0.621603139195988	0.0792499382314355	0.231456551741134	0.228624491658502	0.561359309220879	0.581193237890626	0.506025081075426	0.134923424379617	0.563961402946829	0.504137597568557	0.252033563806415	0.550080708361205	0.563774839823806	0.567187576996994	0.474452169405953	0.59454268302015	0.643037695439964	0.550797015999514	0.491691659724848	0.636082088888098	0.544481563687354	0.520786140683929	0.560571912433668	0.14348276022015	0.126851461620096	0.465602806400988	0.123337033647338	0.665091071905167	0.136929085330725	0.625397471916613	0.636082088888098	0.514900878753008	0.579620421555852	0.60337681871901
ZB_20	0.762410647508417	0.340404258177807	0.470222394181727	0.511524045546516	0.337431035131465	0.719320197996562	0.548180393277776	0.472984525347766	0.48218966846569	0.45955805432316	0.429879529584126	0.705428433533299	0.702077932142253	0.469338411333844	0.410218431113115	0.434832555574289	0.523789221027366	0.565211200650378	0.703879175900845	0	0.682918193376716	0.48965071514879	0.392724774610498	0.469343251871638	0.677798714180506	0.710648394819661	0.673036748910178	0.598492922037791	0.43883754656354	0.694154780767131	0.397460315679339	0.67994847436937	0.670105527765359	0.715838907597915	0.400862240235229	0.554163993201644	0.466109836079189	0.669502120049558	0.506049023572537	0.555427061738145	0.662065379648111	0.494816022064815	0.435271166820359	0.489372913174834	0.433075479615832	0.513323837542099	0.45443830809068	0.672372178762368	0.557619045477239	0.199061869623741	0.607102355420494	0.635796126648074	0.577521091286274	0.716543042876192	0.769431554524362	0.574295653323138	0.664882539269691	0.369288002419424	0.687444295803021	0.429774035021319	0.199061869623741	0.605266971224613	0.468757745305356	0.264296791956366
ZB_21	0.353286736020806	0.471026590460463	0.605107771034822	0.676979300554415	0.577025344586042	0.66373890655561	0.520877039816878	0.599975057621513	0.526226799369788	0.231640146878825	0.48689262682742	0.615829896302447	0.621657878652896	0.63095849374988	0.55460099228884	0.514345226916294	0.488713787737711	0.602693335288272	0.64560592603911	0.682918193376716	0	0.632160753520709	0.537812141666705	0.624399378659771	0.576269443799542	0.671342029327888	0.558518441777559	0.382035277603621	0.657448259176985	0.669464942869146	0.527860117731916	0.642208439192732	0.561421716855333	0.656697594971061	0.477204654846768	0.668037208998169	0.594251492629357	0.685391615927766	0.470355912411577	0.576949472239414	0.568303133223232	0.531992022238343	0.596873825363543	0.26558636003085	0.640566345090341	0.653933692106555	0.403004435403823	0.540453380952271	0.524605788831716	0.573625314081049	0.571610796248211	0.6008563599456	0.260650499401407	0.602846165438633	0.714534754254811	0.290499406630328	0.626242684780292	0.459961398348568	0.666429644581561	0.526113229890462	0.573625314081049	0.547992288101302	0.550555381250437	0.589784826974268
ZB_22	0.692740111057791	0.43270381634455	0.386503853048681	0.270863038121569	0.372727696147597	0.541960951157209	0.445009169056891	0.202300420862437	0.280008175708787	0.468923383549099	0.269069914771884	0.523654799483757	0.54940460348395	0.180179966035174	0.169421080900197	0.43743654035914	0.328617662278432	0.245188657327013	0.533110157966314	0.48965071514879	0.632160753520709	0	0.366488037306891	0.361113686769331	0.496628664738607	0.551018989629383	0.534079388667842	0.447761024647	0.223714275670545	0.510898648883441	0.415019882757076	0.518002595658361	0.472030595159745	0.502614572679904	0.504464464732065	0.400698117053708	0.194254319081433	0.489590261031044	0.437824982036313	0.272119353866612	0.44640443038409	0.413267340930376	0.380001021423134	0.464388870276975	0.20647386194855	0.400904814477032	0.432152399802078	0.548085897029737	0.302445346184259	0.339632450051985	0.38937542345236	0.410222801902057	0.540174914847621	0.541550368436005	0.528376286485211	0.479800319846952	0.495775914156966	0.433951794939602	0.462517958358052	0.389919435113388	0.339632450051985	0.305743661739202	0.386370506454584	0.297383876134544
ZB_23	0.601701306505714	0.185052060196973	0.437831167262121	0.442497243984985	0.277546273329585	0.615345925393849	0.475392966892502	0.454191112467641	0.203364742854047	0.344526872385763	0.284895214571819	0.496276139152363	0.57126824159655	0.400415850293894	0.403325794927261	0.194280078895464	0.262978346978233	0.43216887158894	0.611144685548797	0.392724774610498	0.537812141666705	0.366488037306891	0	0.465278944668114	0.488954285188491	0.645865592820428	0.501253492371454	0.393771231374805	0.376833034856861	0.558886294148812	0.145474675363674	0.601962224952813	0.435742785561845	0.605686589549422	0.288390772665019	0.450228970324171	0.448819109144265	0.58901027105367	0.316122787545172	0.290273466572274	0.42906861676255	0.180923343447244	0.43804428432842	0.371655477133184	0.369721083621507	0.437708219911593	0.330743598693247	0.487294976210736	0.358503505830428	0.241795087088411	0.459872957499269	0.453847496073984	0.449557457872848	0.514994492722018	0.652611385705571	0.457607310258358	0.585324733169468	0.128021785435035	0.591002846580231	0.270362653902654	0.241795087088411	0.564283700679704	0.175922358642645	0.199289835774523
ZB_24	0.684171682548013	0.43062290235421	0.105496499380338	0.384918165040522	0.569996487597422	0.655680563711098	0.181722751343661	0.292848586858872	0.300663569528195	0.435846168477399	0.268948774805213	0.587769969588151	0.686802846701289	0.290252378454948	0.338326543877019	0.452600335948075	0.402805806374083	0.36483881072448	0.582789505956552	0.469343251871638	0.624399378659771	0.361113686769331	0.465278944668114	0	0.459649247037719	0.632974183393642	0.57788043570905	0.496433759111013	0.374214589338936	0.578963956091885	0.444029192324572	0.550784927637773	0.457351943229133	0.623121079668425	0.471948040273283	0.215779270933772	0.273158282385541	0.525197952121221	0.470124882055836	0.349124732406579	0.431634767809719	0.478256254352146	0.0353941073877483	0.430986127796023	0.306794394350482	0.0916283515153572	0.395298814335893	0.597305664353658	0.247753788386751	0.490717475918811	0.261384481391196	0.290313075338179	0.50782519958097	0.506486739957276	0.627561240842491	0.403503641225721	0.530760312520342	0.449054591538762	0.539091945250431	0.388308675653611	0.490717475918811	0.429299799267918	0.455648117589469	0.522577775640718
ZB_25	0.644451932203164	0.529627066286419	0.472318835699361	0.390900012281121	0.596163081376225	0.272009605890616	0.391713477654541	0.493293256923915	0.419351805261117	0.447723605509562	0.450153190829234	0.273359402658427	0.27180833668451	0.433256263315222	0.496110716586018	0.46105522990883	0.365490579950065	0.369218304211204	0.199423593452868	0.677798714180506	0.576269443799542	0.496628664738607	0.488954285188491	0.459649247037719	0	0.287624318217052	0.300479651231074	0.466919273571003	0.528922038338012	0.184775060386473	0.4829114660427	0.243998192664493	0.0932004718342971	0.264166557848002	0.519097484581869	0.463956357968567	0.478010272332414	0.27555139512111	0.441437722561521	0.348611265246825	0.0998900908951558	0.421765590296689	0.448370644619013	0.453940569646645	0.446720940604619	0.448119239684437	0.527216256227476	0.461724673501419	0.382194897846281	0.609685049538453	0.422262595434814	0.362239121208993	0.512186049546867	0.162844491129638	0.299235312972206	0.38872674206494	0.301430423434736	0.532546476794993	0.196150934887991	0.516022856765371	0.609685049538453	0.478123281731998	0.433941635976284	0.57648181040721
ZB_26	0.686981821015091	0.631302814630056	0.654856548184002	0.458063171236075	0.579515519673503	0.0677898293857029	0.62504202790653	0.569738437289052	0.572968554916271	0.581335097473065	0.568133624241486	0.285067455025703	0.174201060893596	0.511292749669607	0.528345879688229	0.616498687913561	0.53546094374587	0.492517601311875	0.134058705670895	0.710648394819661	0.671342029327888	0.551018989629383	0.645865592820428	0.632974183393642	0.287624318217052	0	0.273034258915526	0.566337053465047	0.531855070500563	0.17564108973563	0.640161049170462	0.151966348519488	0.347751576638333	0.153593804369468	0.556728909838047	0.617493214094727	0.54955194656788	0.197524596728063	0.55112671007328	0.51840081192251	0.365843202800942	0.573590914658687	0.621131571347208	0.587481342918782	0.520125697279053	0.640159662475182	0.63678069824932	0.50143413606917	0.55600691097348	0.637281763898481	0.560186004886733	0.554371911881267	0.556715949059412	0.22606332237108	0.133174413131676	0.513299057921484	0.196975914251253	0.678031472965192	0.212145591649309	0.625718988607467	0.637281763898481	0.534172480909277	0.587354020741094	0.601930983020302
ZB_27	0.552480254885201	0.509501822865501	0.544343251838468	0.493334823982796	0.535542361243779	0.289794298938044	0.577745086980498	0.591741816374352	0.486320329765922	0.464404944830914	0.483410851644089	0.131167089545642	0.242846441690765	0.535791764357129	0.533293221726611	0.471469115619388	0.384342045719457	0.566086456635033	0.284687670107819	0.673036748910178	0.558518441777559	0.534079388667842	0.501253492371454	0.57788043570905	0.300479651231074	0.273034258915526	0	0.484863042399611	0.585214953365792	0.332844933932476	0.494717742500455	0.299743185520869	0.342120948427886	0.3627318858664	0.414767491860679	0.544889153892657	0.563611866733749	0.245278748578888	0.36876206936414	0.416401488971298	0.351524214361621	0.428511795898586	0.56577192694098	0.480896097485896	0.550014140364493	0.598995457215911	0.467202449436129	0.361729085292204	0.435171779884717	0.597322186995818	0.493688010278652	0.486373872577162	0.48748169759153	0.257148938962538	0.337337919489504	0.422881474267312	0.341482539415834	0.504033666797309	0.374495887441154	0.492839533429003	0.597322186995818	0.629001392643565	0.441826476484913	0.560266998736426
ZB_28	0.493297163743807	0.374694748962506	0.483708899169278	0.488899552704935	0.465365129280224	0.594825513715963	0.413686211494976	0.525235391636636	0.418706993290578	0.187721918786525	0.373734813910491	0.538627021759866	0.567709380533269	0.459422947431722	0.434601474364359	0.420044978398532	0.365420572193736	0.389749179383097	0.585397077783202	0.598492922037791	0.382035277603621	0.447761024647	0.393771231374805	0.496433759111013	0.466919273571003	0.566337053465047	0.484863042399611	0	0.467541081868445	0.570930506889893	0.412246198227536	0.578805562294894	0.451672859374456	0.562950401266583	0.417356910502037	0.441145978791649	0.448328721969071	0.611307403344949	0.310097232961904	0.39279845907553	0.426657311937445	0.343429771959366	0.509382833571315	0.179943436846274	0.464190480538372	0.509538461538461	0.261427174874439	0.345485894719349	0.379642142373774	0.468595648598276	0.37546964797675	0.424083218438278	0.206607236497116	0.535865494156255	0.578053906038559	0.313016289749394	0.561053020297222	0.367288158464123	0.576083926274639	0.369829917894717	0.468595648598276	0.357154844550339	0.35870563777992	0.431983084581957
ZB_29	0.700889888136896	0.387827121332276	0.380616705662788	0.284583139264089	0.364397416399005	0.569181272174017	0.469554557446165	0.216618963489617	0.269438235659739	0.47430444058328	0.222067458213718	0.615435101536561	0.598180303206405	0.213620727904184	0.183622719932444	0.460797297733807	0.346044177307724	0.31608685617049	0.545942902118374	0.43883754656354	0.657448259176985	0.223714275670545	0.376833034856861	0.374214589338936	0.528922038338012	0.531855070500563	0.585214953365792	0.467541081868445	0	0.52376584079996	0.404420070734068	0.510258732993417	0.486761116594201	0.54950124266808	0.464419197711603	0.391627597114934	0.230684149824109	0.481640301118786	0.516420943858574	0.368906321181346	0.461797017829288	0.44163270785607	0.358644392934218	0.498651886379809	0.166386822556549	0.392478524639152	0.470822994651139	0.590764692302821	0.346186621218577	0.287027611112691	0.349398588079415	0.402424659922523	0.539579281760663	0.553979241473054	0.547851963619599	0.484716477302477	0.487868470292322	0.408728605319134	0.52035574832893	0.431087215556874	0.287027611112691	0.316151116129943	0.444107156746186	0.307267578141064
ZB_30	0.737589979053752	0.614211973492214	0.585053372648518	0.40119610415326	0.592779004835784	0.149742693246161	0.507348636439101	0.499342922038332	0.496601751207729	0.558561382287891	0.540087725079267	0.308018767327788	0.157970703638419	0.441922837565905	0.502037573486904	0.56132095410628	0.470678818580016	0.373046535651218	0.0731376909641867	0.694154780767131	0.669464942869146	0.510898648883441	0.558886294148812	0.578963956091885	0.184775060386473	0.17564108973563	0.332844933932476	0.570930506889893	0.52376584079996	0	0.569776586630346	0.146591471704321	0.181845047679981	0.224107651146551	0.566418933117861	0.577603202358911	0.484726096419873	0.198193127627698	0.561029122870525	0.460366847826087	0.203165399282139	0.497994739271295	0.560806824309287	0.564111959197668	0.454634052769665	0.560582772831219	0.643984341549942	0.56669428456424	0.491964486401439	0.610651872312671	0.523431763367664	0.489403749756065	0.590155708854577	0.162773055479389	0.142103319426458	0.501580246693655	0.187454138760186	0.613564825839413	0.132791572659525	0.60145274978379	0.610651872312671	0.493302859236842	0.527215533040872	0.587135543831715
ZB_31	0.591592564591809	0.172453037233407	0.417118355063011	0.418012997926825	0.350889359991804	0.609588631593522	0.456438088441608	0.432636371108412	0.265544431101416	0.334114334907746	0.244937231483587	0.489617190160445	0.583118183680019	0.431637506075123	0.365777874296296	0.200127927316398	0.301620759028099	0.460389774740572	0.621603139195988	0.397460315679339	0.527860117731916	0.415019882757076	0.145474675363674	0.444029192324572	0.4829114660427	0.640161049170462	0.494717742500455	0.412246198227536	0.404420070734068	0.569776586630346	0	0.613128056409397	0.480081064958201	0.599558273018039	0.277317124415497	0.490614781307086	0.413789880216859	0.600847670136345	0.377573710617827	0.350666797518183	0.45557106475887	0.237634344753874	0.41652904527706	0.361423302833768	0.401711742256301	0.416189704864332	0.288904097650503	0.45593200125763	0.388684719535783	0.247707580062889	0.388830212346174	0.380350772889417	0.439624765478424	0.539782630588199	0.662803158233773	0.448538619957979	0.6379062492084	0.134509058795194	0.602269849854168	0.243646711745816	0.247707580062889	0.533636240048261	0.217375748273973	0.295160735843174
ZB_32	0.70743985622677	0.62456382935459	0.578520624315565	0.393451228491178	0.548265405319133	0.184183341096877	0.540968165203537	0.482633351523853	0.526986839856435	0.553282898581869	0.529150661267855	0.341165390602507	0.214585583565999	0.418431412025876	0.485646266793117	0.588248876603215	0.498021674754647	0.439911225696705	0.0792499382314355	0.67994847436937	0.642208439192732	0.518002595658361	0.601962224952813	0.550784927637773	0.243998192664493	0.151966348519488	0.299743185520869	0.578805562294894	0.510258732993417	0.146591471704321	0.613128056409397	0	0.256476262007353	0.263443678785243	0.527853571901744	0.570279747353517	0.466290140561504	0.105586554026243	0.554372663235337	0.478738978920753	0.267382836844073	0.52814091052452	0.530311629998535	0.570734267993281	0.433149571654114	0.575248008018531	0.627251369119973	0.547838118184623	0.475396446853549	0.607127759552532	0.510618712175122	0.523100044009002	0.552140144075555	0.165920536292856	0.171666491496191	0.476546457586242	0.0715149795394128	0.651227417228813	0.171653748408424	0.597084027533471	0.607127759552532	0.50344657761346	0.559620818609561	0.571614690932363
ZB_33	0.639119054310762	0.50672790983359	0.470271137597995	0.39128967739727	0.560434223195494	0.323288547664747	0.379349873357331	0.459556554327551	0.36170477158622	0.436165933038094	0.415798634266051	0.31567667500827	0.312479976341277	0.397573393259653	0.462465345150367	0.435693957118374	0.338999252341352	0.341561225195326	0.231456551741134	0.670105527765359	0.561421716855333	0.472030595159745	0.435742785561845	0.457351943229133	0.0932004718342971	0.347751576638333	0.342120948427886	0.451672859374456	0.486761116594201	0.181845047679981	0.480081064958201	0.256476262007353	0	0.318034941323202	0.518003024746023	0.461818853698502	0.443778154401208	0.277175513435492	0.438976965292049	0.320279802350326	0.0283769083611538	0.364925370589499	0.436625529839829	0.44248866032606	0.412257595561365	0.436369774491985	0.534769997366098	0.484140127492458	0.363423467358805	0.580036609952171	0.427854336692359	0.395237817540927	0.496262735754022	0.168341732358099	0.316072571062974	0.369947412797687	0.260593682137062	0.501328077861434	0.218803147536359	0.483022960010094	0.580036609952171	0.453036497993173	0.398280983055356	0.554671143090926
ZB_34	0.669387373402037	0.63325072326656	0.636274674674675	0.430276549449007	0.579595612528083	0.0964159296212043	0.565526073778561	0.549738416481013	0.526594436773624	0.581471562537442	0.567803005008347	0.299199616347919	0.214104013315413	0.508831261151249	0.526455012006386	0.572245666838555	0.488731492728407	0.425574019594851	0.228624491658502	0.715838907597915	0.656697594971061	0.502614572679904	0.605686589549422	0.623121079668425	0.264166557848002	0.153593804369468	0.3627318858664	0.562950401266583	0.54950124266808	0.224107651146551	0.599558273018039	0.263443678785243	0.318034941323202	0	0.626404024719112	0.614071359816221	0.525992087021205	0.31844222634368	0.537245561603995	0.444332400286095	0.337564431278251	0.527817510337072	0.622671072016784	0.566959729290964	0.518036662657371	0.578046980606362	0.626876408389669	0.502760196622629	0.532296846071131	0.639574573157004	0.556642128339514	0.521766246930971	0.533381813708731	0.284426752667566	0.191383194855553	0.510978436588516	0.30699629928203	0.640351457788662	0.164166572068493	0.60676811677771	0.639574573157004	0.50855134927389	0.541918703329466	0.602874163058121
