ZB_1	ZB_3	ZB_4	ZB_6	ZB_7	ZB_8	ZB_9	ZB_10	ZB_11	ZB_12	ZB_13	ZB_14	ZB_15	ZB_16	ZB_17	ZB_18	ZB_19	ZB_20	ZB_21	ZB_22	ZB_23	ZB_24	ZB_25	ZB_26	ZB_27	ZB_28	ZB_29	ZB_30	ZB_32	ZB_33	ZB_34	ZB_36	ZB_37	ZB_38	ZB_39	ZB_41	ZB_43	ZB_44	ZB_45	ZB_46	ZB_48	ZB_49	ZB_51	ZB_52	ZB_53	ZB_54	ZB_55	ZB_56	ZB_57	ZB_58	ZB_59	ZB_61	ZB_62	ZB_64
ZB_1	0	0.729892868564119	0.593408040610109	0.487034217126478	0.724077382471543	0.87435061230128	0.734582974720282	0.413081422337759	0.98306955211025	0.547389598487886	0.520269244779019	0.850753329336113	0.472376149264263	0.630019072222166	0.735075173544494	0.594124782637275	0.557833689971702	0.772821911617547	0.463920460536027	0.920439237836884	0.922227469214283	0.74832975617932	0.577086242786751	0.538078231292517	0.463920460536027	0.463920460536027	0.786250673874914	0.558008835536004	0.480896059897872	0.563282429420887	0.534205804970159	0.744272190972699	0.877864244306539	0.568055232968544	0.463920460536027	0.572686804131999	0.732623706546901	0.463920460536027	0.61699560166911	0.724077382471543	0.503962524716738	0.716864219904776	0.729892868564119	0.736465173874678	0.463920460536027	0.576887487065191	0.599736216376876	0.365527870536861	0.558422451801535	0.809695402615026	0.540452541305296	0.463920460536027	0.525023479469552	0.942186003717821
ZB_3	0.729892868564119	0	0.503627678285897	0.44006188603277	0.086412014921286	0.418983544415017	0.801698276619513	0.823657858970259	0.883913441865719	0.716526021715964	0.754428155871087	0.336160994103293	0.942162016309562	0.743218817858891	0.585714450108747	0.502153621682123	0.297464693800409	0.640882903011209	0.949757155420531	0.865951624847808	0.885333690340719	0.135584403962212	0.328584705788296	0.497702574235279	0.949757155420531	0.949757155420531	0.592024501374437	0.257470128804966	0.342705557439798	0.321525553459211	0.393554159598859	0.0659647929843896	0.388921663382244	0.274347729063344	0.949757155420531	0.365938954701219	0.119947711192267	0.949757155420531	0.489881483431569	0.086412014921286	0.775222487831572	0.0577953783780391	0	0.030371997638883	0.949757155420531	0.341624838561649	0.333137504041825	0.824284122292747	0.296162201303403	0.780523164593506	0.227976161635738	0.949757155420531	0.69681403901503	0.888124615597033
ZB_4	0.593408040610109	0.503627678285897	0	0.475069713943272	0.492940636006329	0.390480076911904	0.955863217929542	0.457060687371546	0.937805098535527	0.467966762970097	0.474783381470784	0.358567563553713	0.626305948846769	0.844703810295647	0.772801126516464	0.0708200103145951	0.346731747341529	0.740649747618166	0.637153174240694	0.847575074217858	0.870154838442933	0.537508904087267	0.199995432721128	0.462854796020809	0.637153174240694	0.637153174240694	0.690971047879163	0.346990512051	0.321964125140989	0.242342483603588	0.408571344760489	0.530052369891334	0.410026042538378	0.361833326502079	0.637153174240694	0.259502734694956	0.508646103317967	0.637153174240694	0.0683969790447825	0.492940636006329	0.502282032564192	0.479685102058988	0.503627678285897	0.515705517285088	0.637153174240694	0.267155132288414	0.321972226254415	0.608627968666326	0.347601599709482	0.882634470700096	0.321052376568632	0.637153174240694	0.275904886960493	0.872787736926239
ZB_6	0.487034217126478	0.44006188603277	0.475069713943272	0	0.494728548722783	0.701426577763994	0.841124372984593	0.566257710682645	0.894547506926787	0.453650260226293	0.429056018608257	0.662027814624632	0.701464032017149	0.766741160507622	0.533970798996775	0.435831909466855	0.224288297150456	0.791698697305271	0.7101296420875	0.900336440659021	0.955086114665716	0.408750381411701	0.341462837678005	0.124013347523391	0.7101296420875	0.7101296420875	0.737278877263751	0.182591757227804	0.291312396820398	0.334473403247351	0.137693951500511	0.42427099130609	0.678215614824004	0.201171332413391	0.7101296420875	0.314663918173793	0.466210338875758	0.7101296420875	0.462436529059781	0.494728548722783	0.453753007308758	0.482976680895483	0.44006188603277	0.452789201153116	0.7101296420875	0.305531033781504	0.234081003508026	0.588536949951446	0.22298580465345	0.800628256730101	0.220795198240349	0.7101296420875	0.500906910386425	0.898372917688107
ZB_7	0.724077382471543	0.086412014921286	0.492940636006329	0.494728548722783	0	0.403184631253223	0.79630608561114	0.819861160737073	0.943479239817683	0.766328984562881	0.803344318549389	0.264575812274368	0.940916747486091	0.736236462093863	0.648787117775702	0.491434842529733	0.316674181046457	0.631117844249613	0.948675412179062	0.862306601340897	0.84635121196493	0.159176459401865	0.389817618065611	0.551059072133492	0.948675412179062	0.948675412179062	0.580930892212481	0.316287076633011	0.32899214530202	0.342089226254028	0.449277936414684	0.0906905991523586	0.372305312016503	0.293557216309392	0.948675412179062	0.312878476100888	0.0388023447472457	0.948675412179062	0.440426726558113	0	0.823652123365695	0.0321750902527076	0.086412014921286	0.056040017282403	0.948675412179062	0.361579328321845	0.352346991287874	0.820618087569001	0.315371688549451	0.774555183084064	0.289770603791258	0.948675412179062	0.690286355979787	0.885082516761217
ZB_8	0.87435061230128	0.418983544415017	0.390480076911904	0.701426577763994	0.403184631253223	0	0.968054782225694	0.791659203748415	0.908750626307878	0.722045277922872	0.772342756678939	0.188474653529572	0.9615701502375	0.814154496677682	0.750601879958968	0.391721196057318	0.568406968667105	0.725917294639971	0.972460040550513	0.769286439542872	0.806875134520186	0.4679394709165	0.471463070695768	0.732565115852419	0.972460040550513	0.972460040550513	0.600149237821128	0.568577926072287	0.530922306005155	0.499440386268647	0.606976044903278	0.457310174628204	0.0491948073288966	0.57838408955319	0.972460040550513	0.510777604565751	0.42634246694179	0.972460040550513	0.430970691358503	0.403184631253223	0.799937574051189	0.383343657787636	0.418983544415017	0.436630174832196	0.972460040550513	0.515833294109649	0.552049160497411	0.869504858861638	0.568981651760565	0.866956259105284	0.551441445806483	0.972460040550513	0.609790871119581	0.807448853939381
ZB_9	0.734582974720282	0.801698276619513	0.955863217929542	0.841124372984593	0.79630608561114	0.968054782225694	0	0.927712883020146	0.960856307175306	0.945165847062645	0.941687753544604	0.947557019730236	0.905362241372567	0.629910250354275	0.760587481890524	0.955942243613477	0.879218868835362	0.717077609741301	0.903448917973478	1	1	0.818407002339094	0.895351260091148	0.847173521607278	0.903448917973478	0.903448917973478	0.745676223122468	0.852755046880534	0.827065693910055	0.900552906950177	0.865038889847841	0.814779208750755	0.969277739148504	0.856101904098297	0.903448917973478	0.90267087381053	0.804209887100172	0.903448917973478	0.958461608890211	0.79630608561114	0.939585361996787	0.78953433380626	0.801698276619513	0.807721096093812	0.903448917973478	0.903617244280857	0.878558821452945	0.826260150145549	0.852892839018758	0.583086779762031	0.846906342361549	0.903448917973478	0.942299131983085	0.960303769774487
ZB_10	0.413081422337759	0.823657858970259	0.457060687371546	0.566257710682645	0.819861160737073	0.791659203748415	0.927712883020146	0	0.979642036443668	0.350099016998665	0.300614266014793	0.772123536666473	0.344789371270989	0.798377240281415	0.757373514976377	0.45820129181117	0.645314983939619	0.865312098332468	0.33169911015891	0.903641027949053	0.906251710435573	0.835694565364148	0.565646070141985	0.53335132515932	0.33169911015891	0.33169911015891	0.873682781964491	0.645455477473111	0.583599235951858	0.58863794883995	0.589607629486585	0.833045543355363	0.798571715534498	0.653514224948652	0.33169911015891	0.59795492377203	0.825440713847615	0.33169911015891	0.494196096159983	0.819861160737073	0.270124485503527	0.815151975445084	0.823657858970259	0.827948654195857	0.33169911015891	0.602109711261381	0.631872066579571	0.405850585058506	0.645787260986363	0.917885505481121	0.631372644023451	0.33169911015891	0.250182327084935	0.92982256208048
ZB_11	0.98306955211025	0.883913441865719	0.937805098535527	0.894547506926787	0.943479239817683	0.908750626307878	0.960856307175306	0.979642036443668	0	0.845048054543961	0.833013662250288	0.924664200895464	0.949492254095323	0.967196870925684	0.807040076379259	0.937927715996578	0.913768105807378	0.974441630209533	0.972025794974427	1	1	0.893694791349376	0.894398803372935	0.896832100731054	0.972025794974427	0.972025794974427	0.957463543747503	0.913802262941078	0.951604835348062	0.899988645518494	0.90916824500016	0.891571067641317	0.912851740994774	0.915761525464639	0.972025794974427	0.953195863820524	0.945553985849195	0.972025794974427	0.9418136256852	0.943479239817683	0.825581753737094	0.941708820243758	0.883913441865719	0.88743922253528	0.972025794974427	0.903263933560308	0.910499830647893	0.981116403810744	0.913882926965534	0.963416761986003	0.910378409806677	0.972025794974427	0.984018767573427	0.727963579057958
ZB_12	0.547389598487886	0.716526021715964	0.467966762970097	0.453650260226293	0.766328984562881	0.722045277922872	0.945165847062645	0.350099016998665	0.845048054543961	0	0.0730820136427163	0.710661961039262	0.535929100152424	0.848206484338151	0.560800011838873	0.468933899422614	0.496310074917367	0.889712995807804	0.529400331349555	0.923847145411452	0.899833152581964	0.686888062237824	0.455461204099107	0.414115472144056	0.529400331349555	0.529400331349555	0.874719572384464	0.496509590471042	0.547087218541061	0.483062123667466	0.417199788549297	0.731053516046616	0.730275195331817	0.507953857153917	0.529400331349555	0.501955211545827	0.772992863616284	0.529400331349555	0.499738791241961	0.766328984562881	0.113177160945179	0.760730777723376	0.716526021715964	0.72315849182203	0.529400331349555	0.499295417960072	0.477219722262544	0.457462758754111	0.496980757860039	0.937386226009942	0.534713031483587	0.529400331349555	0.46388638379928	0.850490419916345
ZB_13	0.520269244779019	0.754428155871087	0.474783381470784	0.429056018608257	0.803344318549389	0.772342756678939	0.941687753544604	0.300614266014793	0.833013662250288	0.0730820136427163	0	0.75649539111658	0.499886885616768	0.838336174452982	0.533547606324459	0.475765063676107	0.533120748893955	0.888212229326363	0.492296324403127	0.924173469568451	0.925799492275835	0.723649721354445	0.49852473589773	0.385740660095561	0.492296324403127	0.492296324403127	0.894040045536731	0.533305683449214	0.586543939075945	0.523942903591565	0.459792001553515	0.76701323897094	0.77908342399367	0.543913580078241	0.492296324403127	0.541744774344399	0.808952586540607	0.492296324403127	0.506980568813571	0.803344318549389	0.043256413072783	0.798632911878498	0.754428155871087	0.760173825808539	0.492296324403127	0.538892427122146	0.515425557652296	0.521111433546141	0.533742416976661	0.933483830737779	0.571509124461759	0.492296324403127	0.4381497606247	0.838871282061377
ZB_14	0.850753329336113	0.336160994103293	0.358567563553713	0.662027814624632	0.264575812274368	0.188474653529572	0.947557019730236	0.772123536666473	0.924664200895464	0.710661961039262	0.75649539111658	0	0.925259412794039	0.813742748243506	0.691788328310306	0.356662727853864	0.46817060833648	0.688943654426059	0.935074159450891	0.812770097914603	0.791074606193953	0.344369795228708	0.440319875759651	0.659137755842648	0.935074159450891	0.935074159450891	0.629360620857506	0.50319474995332	0.496367449919446	0.428203483910306	0.570797917273174	0.331271872490342	0.221176252849776	0.4804648896297	0.935074159450891	0.397156974132692	0.293111995141961	0.935074159450891	0.292137225655231	0.264575812274368	0.781641087557176	0.296750902527076	0.336160994103293	0.30578899646441	0.935074159450891	0.446424573045372	0.448013741713843	0.844834447162369	0.468878760085479	0.859235561542347	0.483927126846784	0.935074159450891	0.608210810426877	0.843739864479878
ZB_15	0.472376149264263	0.942162016309562	0.626305948846769	0.701464032017149	0.940916747486091	0.9615701502375	0.905362241372567	0.344789371270989	0.949492254095323	0.535929100152424	0.499886885616768	0.925259412794039	0	0.915613629230072	0.92191625508651	0.62709100361052	0.755877540174263	0.929060756203153	0.02902702186575	1	1	0.946109903207334	0.70104305231247	0.691018917457173	0.02902702186575	0.02902702186575	0.919156107263887	0.755974239006841	0.713399850036396	0.716867893311129	0.727964859341059	0.945241057616342	0.962845209151549	0.76152091046958	0.02902702186575	0.723280577060269	0.942746770076964	0.02902702186575	0.651865493032656	0.940916747486091	0.477628807725895	0.939372194490857	0.942162016309562	0.943569342674253	0.02902702186575	0.726140232518004	0.746625054434606	0.40068129847474	0.756202598829549	0.909349750864793	0.746281312079074	0.02902702186575	0.506292117375177	0.972373506676037
ZB_16	0.630019072222166	0.743218817858891	0.844703810295647	0.766741160507622	0.736236462093863	0.814154496677682	0.629910250354275	0.798377240281415	0.967196870925684	0.848206484338151	0.838336174452982	0.813742748243506	0.915613629230072	0	0.665063195623467	0.844995605151527	0.809256746991884	0.507073964767092	0.914095691175252	0.840551107801154	0.847574975527276	0.764854970430865	0.76641223117282	0.831689293693074	0.914095691175252	0.914095691175252	0.559270392687605	0.809332301899454	0.776067122395477	0.778776851997037	0.822661200536902	0.760157335381116	0.821739574990201	0.813666152045505	0.914095691175252	0.783787354347769	0.74647110582345	0.914095691175252	0.854271085960657	0.736236462093863	0.832355528228251	0.727467711101786	0.743218817858891	0.751017775316591	0.914095691175252	0.786021724691571	0.840340424734658	0.740783912263453	0.809510729134174	0.508529874213837	0.801758806143709	0.914095691175252	0.840073319755601	0.882889907384516
ZB_17	0.735075173544494	0.585714450108747	0.772801126516464	0.533970798996775	0.648787117775702	0.750601879958968	0.760587481890524	0.757373514976377	0.807040076379259	0.560800011838873	0.533547606324459	0.691788328310306	0.92191625508651	0.665063195623467	0	0.736987719747492	0.596919390404796	0.756335906934875	0.920983560179801	0.913718931662251	0.91581803169111	0.503089098213208	0.679575438844419	0.522205506065201	0.920983560179801	0.920983560179801	0.771718416763301	0.597079053814752	0.654928592130643	0.69466247282661	0.578059535204858	0.562254948570661	0.75866865643422	0.606237390643003	0.920983560179801	0.674049171812778	0.613762591658323	0.920983560179801	0.750847698952176	0.648787117775702	0.567590293276334	0.638701250877455	0.585714450108747	0.59727947468804	0.920983560179801	0.664545699390162	0.620328054032429	0.743747595228934	0.597456108087472	0.793847712509188	0.635282494827297	0.920983560179801	0.796806474124629	0.813790279468135
ZB_18	0.594124782637275	0.502153621682123	0.0708200103145951	0.435831909466855	0.491434842529733	0.391721196057318	0.955942243613477	0.45820129181117	0.937927715996578	0.468933899422614	0.475765063676107	0.356662727853864	0.62709100361052	0.844995605151527	0.736987719747492	0	0.345356475200813	0.780005431964643	0.637915441202652	0.847895287808977	0.870418254088327	0.536135463175489	0.251196967681873	0.461359050023831	0.637915441202652	0.637915441202652	0.691551699978344	0.345615784666431	0.275597820576448	0.289730138872828	0.367199558985667	0.528656785614601	0.4111889139818	0.360489846478944	0.637915441202652	0.257943826459165	0.507186949725976	0.637915441202652	0.0664357515157962	0.491434842529733	0.50321231704999	0.478139944164803	0.502153621682123	0.514267327746333	0.637915441202652	0.312363873226535	0.320544829922098	0.609345573656372	0.346228158797704	0.882854995477765	0.31962304375212	0.637915441202652	0.277426062682039	0.873054983870164
ZB_19	0.557833689971702	0.297464693800409	0.346731747341529	0.224288297150456	0.316674181046457	0.568406968667105	0.879218868835362	0.645314983939619	0.913768105807378	0.496310074917367	0.533120748893955	0.46817060833648	0.755877540174263	0.809256746991884	0.596919390404796	0.345356475200813	0	0.73323916215624	0.762963688153546	0.900425635072703	0.888887334909069	0.230696013735375	0.183419346116371	0.280618820561165	0.762963688153546	0.762963688153546	0.696945963459719	0.0458468250606843	0.191020088441973	0.137778958802441	0.178837684842357	0.246216623629764	0.546076278653445	0.023116964737065	0.762963688153546	0.117797886276649	0.288155971199432	0.762963688153546	0.298769714176492	0.316674181046457	0.55331627063491	0.339404041370076	0.297464693800409	0.27473483347679	0.762963688153546	0.108585893903582	0.0819067397155466	0.611576528067207	0.0449314369771244	0.836967315142446	0.0831819071951325	0.762963688153546	0.526971650746143	0.916896267185074
ZB_20	0.772821911617547	0.640882903011209	0.740649747618166	0.791698697305271	0.631117844249613	0.725917294639971	0.717077609741301	0.865312098332468	0.974441630209533	0.889712995807804	0.888212229326363	0.688943654426059	0.929060756203153	0.507073964767092	0.756335906934875	0.780005431964643	0.73323916215624	0	0.927991111728352	0.730512609250553	0.872639016384322	0.671141788171196	0.673319669557374	0.789664855122238	0.927991111728352	0.927991111728352	0.500852436496547	0.733344828228978	0.721814685184297	0.690612006553158	0.837749534107186	0.664571987971229	0.736646399267758	0.739405863037904	0.927991111728352	0.697619362168732	0.645431336828147	0.927991111728352	0.756627443935447	0.631117844249613	0.884682938205564	0.618854451838086	0.640882903011209	0.651790006633035	0.927991111728352	0.700744204046838	0.76396500201407	0.771211485328577	0.733594364702103	0.450163906867278	0.722753040360483	0.927991111728352	0.739338714290254	0.910609821597062
ZB_21	0.463920460536027	0.949757155420531	0.637153174240694	0.7101296420875	0.948675412179062	0.972460040550513	0.903448917973478	0.33169911015891	0.972025794974427	0.529400331349555	0.492296324403127	0.935074159450891	0.02902702186575	0.914095691175252	0.920983560179801	0.637915441202652	0.762963688153546	0.927991111728352	0	1	1	0.953186615701922	0.709720882169914	0.688138275360808	0	0	0.933153455134817	0.763057580106996	0.721718998856117	0.725086375162883	0.72573441360189	0.952431864737133	0.973373785230901	0.768443248215904	0	0.731312917800618	0.95026512078824	0	0.661970800978619	0.948675412179062	0.469341961070814	0.94733368601344	0.949757155420531	0.950979675212925	0	0.734089565976853	0.753979774519766	0.389747713579299	0.763279311324137	0.907595758493832	0.753646009981104	0	0.498896181972286	0.971744729276473
ZB_22	0.920439237836884	0.865951624847808	0.847575074217858	0.900336440659021	0.862306601340897	0.769286439542872	1	0.903641027949053	1	0.923847145411452	0.924173469568451	0.812770097914603	1	0.840551107801154	0.913718931662251	0.847895287808977	0.900425635072703	0.730512609250553	1	0	0.745892995892996	0.877246420956442	0.878059363207143	0.892935405822422	1	1	0.728786116957859	0.900465077264339	0.910981967991718	0.884514109294995	0.90215538527711	0.874794098164616	0.780636348697724	0.902727492155443	1	0.887129759294	0.867649428065088	1	0.858000478672482	0.862306601340897	0.921149065463585	0.857729019709716	0.865951624847808	0.870022941781426	1	0.888296175429238	0.896651666908598	0.904135259631491	0.90055822225533	0.886120503846078	0.896511458888512	1	0.789495988804131	0.877670848370281
ZB_23	0.922227469214283	0.885333690340719	0.870154838442933	0.955086114665716	0.84635121196493	0.806875134520186	1	0.906251710435573	1	0.899833152581964	0.925799492275835	0.791074606193953	1	0.847574975527276	0.91581803169111	0.870418254088327	0.888887334909069	0.872639016384322	1	0.745892995892996	0	0.863022201277019	0.895403830141549	0.95197047788365	1	1	0.73080274868923	0.914185782793436	0.8996121511758	0.87113204180612	0.90102270757497	0.860285712610865	0.815912621264373	0.891455922469817	1	0.874050783417444	0.852313145208264	1	0.841546112115732	0.84635121196493	0.922905882882477	0.878526302217638	0.885333690340719	0.854961692701836	1	0.875352359435388	0.884676053612038	0.873803142571864	0.889035285792103	0.979735239516283	0.910857645672979	1	0.921157538551613	0.885768541549654
ZB_24	0.74832975617932	0.135584403962212	0.537508904087267	0.408750381411701	0.159176459401865	0.4679394709165	0.818407002339094	0.835694565364148	0.893694791349376	0.686888062237824	0.723649721354445	0.344369795228708	0.946109903207334	0.764854970430865	0.503089098213208	0.536135463175489	0.230696013735375	0.671141788171196	0.953186615701922	0.877246420956442	0.863022201277019	0	0.409875261295479	0.46508090482241	0.953186615701922	0.953186615701922	0.62640015172501	0.23030890932193	0.339253872405011	0.365289941205671	0.363299769103603	0.0726442901968242	0.482194094714999	0.20757904899831	0.953186615701922	0.345770770428866	0.124151933284486	0.953186615701922	0.489610734255479	0.159176459401865	0.743818351964021	0.187092047049874	0.135584403962212	0.107668816314203	0.953186615701922	0.336771731358645	0.266368823976792	0.802001033572483	0.189907304377785	0.799016086299347	0.267643991456378	0.953186615701922	0.717508810972629	0.897551135351353
ZB_25	0.577086242786751	0.328584705788296	0.199995432721128	0.341462837678005	0.389817618065611	0.471463070695768	0.895351260091148	0.565646070141985	0.894398803372935	0.455461204099107	0.49852473589773	0.440319875759651	0.70104305231247	0.76641223117282	0.679575438844419	0.251196967681873	0.183419346116371	0.673319669557374	0.709720882169914	0.878059363207143	0.895403830141549	0.409875261295479	0	0.378011289788832	0.709720882169914	0.709720882169914	0.628874337030926	0.183742800156579	0.266049711710839	0.0529335114004401	0.294247054927379	0.364327919727885	0.444116488447639	0.202296212297169	0.709720882169914	0.163743927757957	0.407893803132732	0.709720882169914	0.244377099656506	0.389817618065611	0.522150776899709	0.374600255836265	0.328584705788296	0.34492172836256	0.709720882169914	0.0839491451851619	0.211557016927559	0.575264164567498	0.224110684537228	0.800347113194298	0.151320315906778	0.709720882169914	0.420720602424083	0.89822960852711
ZB_26	0.538078231292517	0.497702574235279	0.462854796020809	0.124013347523391	0.551059072133492	0.732565115852419	0.847173521607278	0.53335132515932	0.896832100731054	0.414115472144056	0.385740660095561	0.659137755842648	0.691018917457173	0.831689293693074	0.522205506065201	0.461359050023831	0.280618820561165	0.789664855122238	0.688138275360808	0.892935405822422	0.95197047788365	0.46508090482241	0.378011289788832	0	0.688138275360808	0.688138275360808	0.78588161383408	0.240232445430313	0.388782224541913	0.370073724344022	0.169931928482888	0.480601514716799	0.708814502253581	0.2575018558241	0.688138275360808	0.349998594834612	0.522540862286466	0.688138275360808	0.449917662708872	0.551059072133492	0.412311315836283	0.540617369097992	0.497702574235279	0.509119724563824	0.688138275360808	0.340743238812542	0.211124014128804	0.558762790099045	0.279316328064159	0.834321372854914	0.278435886442858	0.688138275360808	0.477934618106906	0.900475403059115
ZB_27	0.463920460536027	0.949757155420531	0.637153174240694	0.7101296420875	0.948675412179062	0.972460040550513	0.903448917973478	0.33169911015891	0.972025794974427	0.529400331349555	0.492296324403127	0.935074159450891	0.02902702186575	0.914095691175252	0.920983560179801	0.637915441202652	0.762963688153546	0.927991111728352	0	1	1	0.953186615701922	0.709720882169914	0.688138275360808	0	0	0.933153455134817	0.763057580106996	0.721718998856117	0.725086375162883	0.72573441360189	0.952431864737133	0.973373785230901	0.768443248215904	0	0.731312917800618	0.95026512078824	0	0.661970800978619	0.948675412179062	0.469341961070814	0.94733368601344	0.949757155420531	0.950979675212925	0	0.734089565976853	0.753979774519766	0.389747713579299	0.763279311324137	0.907595758493832	0.753646009981104	0	0.498896181972286	0.971744729276473
ZB_28	0.463920460536027	0.949757155420531	0.637153174240694	0.7101296420875	0.948675412179062	0.972460040550513	0.903448917973478	0.33169911015891	0.972025794974427	0.529400331349555	0.492296324403127	0.935074159450891	0.02902702186575	0.914095691175252	0.920983560179801	0.637915441202652	0.762963688153546	0.927991111728352	0	1	1	0.953186615701922	0.709720882169914	0.688138275360808	0	0	0.933153455134817	0.763057580106996	0.721718998856117	0.725086375162883	0.72573441360189	0.952431864737133	0.973373785230901	0.768443248215904	0	0.731312917800618	0.95026512078824	0	0.661970800978619	0.948675412179062	0.469341961070814	0.94733368601344	0.949757155420531	0.950979675212925	0	0.734089565976853	0.753979774519766	0.389747713579299	0.763279311324137	0.907595758493832	0.753646009981104	0	0.498896181972286	0.971744729276473
ZB_29	0.786250673874914	0.592024501374437	0.690971047879163	0.737278877263751	0.580930892212481	0.600149237821128	0.745676223122468	0.873682781964491	0.957463543747503	0.874719572384464	0.894040045536731	0.629360620857506	0.919156107263887	0.559270392687605	0.771718416763301	0.691551699978344	0.696945963459719	0.500852436496547	0.933153455134817	0.728786116957859	0.73080274868923	0.62640015172501	0.628874337030926	0.78588161383408	0.933153455134817	0.933153455134817	0	0.697066005554831	0.678060078232981	0.648519321542696	0.714916985296004	0.618936520683975	0.61646870366899	0.703951652935845	0.933153455134817	0.65648003804793	0.597191756205773	0.933153455134817	0.710009281715021	0.580930892212481	0.890874356887681	0.566999047485829	0.592024501374437	0.604415532255415	0.933153455134817	0.660030019193456	0.727500960196348	0.756787112239852	0.697349491826863	0.462034273759345	0.685033189592519	0.933153455134817	0.75728213320593	0.89878886983342
ZB_30	0.558008835536004	0.257470128804966	0.346990512051	0.182591757227804	0.316287076633011	0.568577926072287	0.852755046880534	0.645455477473111	0.913802262941078	0.496509590471042	0.533305683449214	0.50319474995332	0.755974239006841	0.809332301899454	0.597079053814752	0.345615784666431	0.0458468250606843	0.733344828228978	0.763057580106996	0.900465077264339	0.914185782793436	0.23030890932193	0.183742800156579	0.240232445430313	0.763057580106996	0.763057580106996	0.697066005554831	0	0.1485497791116	0.18044075253098	0.136084030793893	0.245829519216318	0.546256081421142	0.0227298603236193	0.763057580106996	0.160921581754175	0.287768866785986	0.763057580106996	0.337709890290055	0.316287076633011	0.553493205584655	0.300384923667679	0.257470128804966	0.274347729063344	0.763057580106996	0.151922542683954	0.0815196353021008	0.611730385669283	0.0445443325636787	0.837031893675322	0.038203441012545	0.763057580106996	0.527159021007698	0.91692918522937
ZB_32	0.480896059897872	0.342705557439798	0.321964125140989	0.291312396820398	0.32899214530202	0.530922306005155	0.827065693910055	0.583599235951858	0.951604835348062	0.547087218541061	0.586543939075945	0.496367449919446	0.713399850036396	0.776067122395477	0.654928592130643	0.275597820576448	0.191020088441973	0.721814685184297	0.721718998856117	0.910981967991718	0.8996121511758	0.339253872405011	0.266049711710839	0.388782224541913	0.721718998856117	0.721718998856117	0.678060078232981	0.1485497791116	0	0.260676219717004	0.243694712433082	0.328600962243532	0.542613917233413	0.167903123704908	0.721718998856117	0.231943718210772	0.29801851888491	0.721718998856117	0.312272648975084	0.32899214530202	0.608191167211345	0.312007749225331	0.342705557439798	0.358225195263529	0.721718998856117	0.231051986697007	0.22669289868339	0.543990235946385	0.149346568027227	0.808599372779964	0.11472939580406	0.721718998856117	0.483491560337053	0.90243608759188
ZB_33	0.563282429420887	0.321525553459211	0.242342483603588	0.334473403247351	0.342089226254028	0.499440386268647	0.900552906950177	0.58863794883995	0.899988645518494	0.483062123667466	0.523942903591565	0.428203483910306	0.716867893311129	0.778776851997037	0.69466247282661	0.289730138872828	0.137778958802441	0.690612006553158	0.725086375162883	0.884514109294995	0.87113204180612	0.365289941205671	0.0529335114004401	0.370073724344022	0.725086375162883	0.725086375162883	0.648519321542696	0.18044075253098	0.260676219717004	0	0.288346790780224	0.318013444916998	0.473541354643713	0.15771089220736	0.725086375162883	0.114410110660942	0.361579328321845	0.725086375162883	0.237203410321373	0.342089226254028	0.546371416589437	0.366421443162262	0.321525553459211	0.297193336550978	0.725086375162883	0.0327491619206008	0.165701786433597	0.597010632233501	0.17952536444742	0.810915441554158	0.148655744839886	0.725086375162883	0.451383895019708	0.903616672704367
ZB_34	0.534205804970159	0.393554159598859	0.408571344760489	0.137693951500511	0.449277936414684	0.606976044903278	0.865038889847841	0.589607629486585	0.90916824500016	0.417199788549297	0.459792001553515	0.570797917273174	0.727964859341059	0.822661200536902	0.578059535204858	0.367199558985667	0.178837684842357	0.837749534107186	0.72573441360189	0.90215538527711	0.90102270757497	0.363299769103603	0.294247054927379	0.169931928482888	0.72573441360189	0.72573441360189	0.714916985296004	0.136084030793893	0.243694712433082	0.288346790780224	0	0.378820378997992	0.582970832915706	0.155720720105292	0.72573441360189	0.268537305706666	0.420759726567659	0.72573441360189	0.397378933151341	0.449277936414684	0.483159461879538	0.436468954461573	0.393554159598859	0.407338588845017	0.72573441360189	0.259404421314377	0.128905709363203	0.550570161716635	0.177535192345352	0.853585066644469	0.174287471806438	0.72573441360189	0.521990931574608	0.903843871705522
ZB_36	0.744272190972699	0.0659647929843896	0.530052369891334	0.42427099130609	0.0906905991523586	0.457310174628204	0.814779208750755	0.833045543355363	0.891571067641317	0.731053516046616	0.76701323897094	0.331271872490342	0.945241057616342	0.760157335381116	0.562254948570661	0.528656785614601	0.246216623629764	0.664571987971229	0.952431864737133	0.874794098164616	0.860285712610865	0.0726442901968242	0.364327919727885	0.480601514716799	0.952431864737133	0.952431864737133	0.618936520683975	0.245829519216318	0.328600962243532	0.318013444916998	0.378820378997992	0	0.429231319354479	0.223099658892699	0.952431864737133	0.361291380323255	0.0539829182078773	0.952431864737133	0.481381959589556	0.0906905991523586	0.786741901547962	0.119947711192267	0.0659647929843896	0.0367076809444812	0.952431864737133	0.288389211897001	0.281889433871181	0.798808786030911	0.244914131132759	0.795000908605964	0.216580487366414	0.952431864737133	0.712954333643989	0.895504452169223
ZB_37	0.877864244306539	0.388921663382244	0.410026042538378	0.678215614824004	0.372305312016503	0.0491948073288966	0.969277739148504	0.798571715534498	0.912851740994774	0.730275195331817	0.77908342399367	0.221176252849776	0.962845209151549	0.821739574990201	0.75866865643422	0.4111889139818	0.546076278653445	0.736646399267758	0.973373785230901	0.780636348697724	0.815912621264373	0.482194094714999	0.444116488447639	0.708814502253581	0.973373785230901	0.973373785230901	0.61646870366899	0.546256081421142	0.542613917233413	0.473541354643713	0.582970832915706	0.429231319354479	0	0.556569617313131	0.973373785230901	0.485465162364256	0.396661337695654	0.973373785230901	0.448042390344422	0.372305312016503	0.805861190782316	0.35143776352337	0.388921663382244	0.407481333179171	0.973373785230901	0.490782434064986	0.528872114965888	0.873402252123056	0.57838408955319	0.872386291985481	0.528232957023112	0.973373785230901	0.622737568314527	0.816921370470791
ZB_38	0.568055232968544	0.274347729063344	0.361833326502079	0.201171332413391	0.293557216309392	0.57838408955319	0.856101904098297	0.653514224948652	0.915761525464639	0.507953857153917	0.543913580078241	0.4804648896297	0.76152091046958	0.813666152045505	0.606237390643003	0.360489846478944	0.023116964737065	0.739405863037904	0.768443248215904	0.902727492155443	0.891455922469817	0.20757904899831	0.202296212297169	0.2575018558241	0.768443248215904	0.768443248215904	0.703951652935845	0.0227298603236193	0.167903123704908	0.15771089220736	0.155720720105292	0.223099658892699	0.556569617313131	0	0.768443248215904	0.138191721430556	0.265039006462367	0.768443248215904	0.314980029966436	0.293557216309392	0.563642242655263	0.316287076633011	0.274347729063344	0.251617868739725	0.768443248215904	0.129192682360335	0.0587897749784815	0.620555699770925	0.0218144722400594	0.840736135969287	0.0600649424580675	0.768443248215904	0.537906630415477	0.918817373246075
ZB_39	0.463920460536027	0.949757155420531	0.637153174240694	0.7101296420875	0.948675412179062	0.972460040550513	0.903448917973478	0.33169911015891	0.972025794974427	0.529400331349555	0.492296324403127	0.935074159450891	0.02902702186575	0.914095691175252	0.920983560179801	0.637915441202652	0.762963688153546	0.927991111728352	0	1	1	0.953186615701922	0.709720882169914	0.688138275360808	0	0	0.933153455134817	0.763057580106996	0.721718998856117	0.725086375162883	0.72573441360189	0.952431864737133	0.973373785230901	0.768443248215904	0	0.731312917800618	0.95026512078824	0	0.661970800978619	0.948675412179062	0.469341961070814	0.94733368601344	0.949757155420531	0.950979675212925	0	0.734089565976853	0.753979774519766	0.389747713579299	0.763279311324137	0.907595758493832	0.753646009981104	0	0.498896181972286	0.971744729276473
ZB_41	0.572686804131999	0.365938954701219	0.259502734694956	0.314663918173793	0.312878476100888	0.510777604565751	0.90267087381053	0.59795492377203	0.953195863820524	0.501955211545827	0.541744774344399	0.397156974132692	0.723280577060269	0.783787354347769	0.674049171812778	0.257943826459165	0.117797886276649	0.697619362168732	0.731312917800618	0.887129759294	0.874050783417444	0.345770770428866	0.163743927757957	0.349998594834612	0.731312917800618	0.731312917800618	0.65648003804793	0.160921581754175	0.231943718210772	0.114410110660942	0.268537305706666	0.361291380323255	0.485465162364256	0.138191721430556	0.731312917800618	0	0.333331748823501	0.731312917800618	0.205136470526065	0.312878476100888	0.563574610469452	0.337331216806789	0.365938954701219	0.342541850860457	0.731312917800618	0.141500493390521	0.145626656924187	0.605845613999192	0.160006193670615	0.815198034190292	0.198256663888623	0.731312917800618	0.463809548973499	0.905799667080614
ZB_43	0.732623706546901	0.119947711192267	0.508646103317967	0.466210338875758	0.0388023447472457	0.42634246694179	0.804209887100172	0.825440713847615	0.945553985849195	0.772992863616284	0.808952586540607	0.293111995141961	0.942746770076964	0.74647110582345	0.613762591658323	0.507186949725976	0.288155971199432	0.645431336828147	0.95026512078824	0.867649428065088	0.852313145208264	0.124151933284486	0.407893803132732	0.522540862286466	0.95026512078824	0.95026512078824	0.597191756205773	0.287768866785986	0.29801851888491	0.361579328321845	0.420759726567659	0.0539829182078773	0.396661337695654	0.265039006462367	0.95026512078824	0.333331748823501	0	0.95026512078824	0.457758740082702	0.0388023447472457	0.82868124911763	0.0697289660556939	0.119947711192267	0.0906905991523586	0.95026512078824	0.331955095301848	0.323828781440848	0.78964446115189	0.286853478702426	0.783302970591516	0.260146370771261	0.95026512078824	0.699879310685951	0.889541584563334
ZB_44	0.463920460536027	0.949757155420531	0.637153174240694	0.7101296420875	0.948675412179062	0.972460040550513	0.903448917973478	0.33169911015891	0.972025794974427	0.529400331349555	0.492296324403127	0.935074159450891	0.02902702186575	0.914095691175252	0.920983560179801	0.637915441202652	0.762963688153546	0.927991111728352	0	1	1	0.953186615701922	0.709720882169914	0.688138275360808	0	0	0.933153455134817	0.763057580106996	0.721718998856117	0.725086375162883	0.72573441360189	0.952431864737133	0.973373785230901	0.768443248215904	0	0.731312917800618	0.95026512078824	0	0.661970800978619	0.948675412179062	0.469341961070814	0.94733368601344	0.949757155420531	0.950979675212925	0	0.734089565976853	0.753979774519766	0.389747713579299	0.763279311324137	0.907595758493832	0.753646009981104	0	0.498896181972286	0.971744729276473
ZB_45	0.61699560166911	0.489881483431569	0.0683969790447825	0.462436529059781	0.440426726558113	0.430970691358503	0.958461608890211	0.494196096159983	0.9418136256852	0.499738791241961	0.506980568813571	0.292137225655231	0.651865493032656	0.854271085960657	0.750847698952176	0.0664357515157962	0.298769714176492	0.756627443935447	0.661970800978619	0.858000478672482	0.841546112115732	0.489610734255479	0.244377099656506	0.449917662708872	0.661970800978619	0.661970800978619	0.710009281715021	0.337709890290055	0.312272648975084	0.237203410321373	0.397378933151341	0.481381959589556	0.448042390344422	0.314980029966436	0.661970800978619	0.205136470526065	0.457758740082702	0.661970800978619	0	0.440426726558113	0.532793478843782	0.465902710428258	0.489881483431569	0.465549266523335	0.661970800978619	0.261510981741201	0.272192383993807	0.632190634472911	0.299703429877694	0.889864966016947	0.312024259512444	0.661970800978619	0.325430805233486	0.881488671417934
ZB_46	0.724077382471543	0.086412014921286	0.492940636006329	0.494728548722783	0	0.403184631253223	0.79630608561114	0.819861160737073	0.943479239817683	0.766328984562881	0.803344318549389	0.264575812274368	0.940916747486091	0.736236462093863	0.648787117775702	0.491434842529733	0.316674181046457	0.631117844249613	0.948675412179062	0.862306601340897	0.84635121196493	0.159176459401865	0.389817618065611	0.551059072133492	0.948675412179062	0.948675412179062	0.580930892212481	0.316287076633011	0.32899214530202	0.342089226254028	0.449277936414684	0.0906905991523586	0.372305312016503	0.293557216309392	0.948675412179062	0.312878476100888	0.0388023447472457	0.948675412179062	0.440426726558113	0	0.823652123365695	0.0321750902527076	0.086412014921286	0.056040017282403	0.948675412179062	0.361579328321845	0.352346991287874	0.820618087569001	0.315371688549451	0.774555183084064	0.289770603791258	0.948675412179062	0.690286355979787	0.885082516761217
ZB_48	0.503962524716738	0.775222487831572	0.502282032564192	0.453753007308758	0.823652123365695	0.799937574051189	0.939585361996787	0.270124485503527	0.825581753737094	0.113177160945179	0.043256413072783	0.781641087557176	0.477628807725895	0.832355528228251	0.567590293276334	0.50321231704999	0.55331627063491	0.884682938205564	0.469341961070814	0.921149065463585	0.922905882882477	0.743818351964021	0.522150776899709	0.412311315836283	0.469341961070814	0.469341961070814	0.890874356887681	0.553493205584655	0.608191167211345	0.546371416589437	0.483159461879538	0.786741901547962	0.805861190782316	0.563642242655263	0.469341961070814	0.563574610469452	0.82868124911763	0.469341961070814	0.532793478843782	0.823652123365695	0	0.819427243838983	0.775222487831572	0.780481630624845	0.469341961070814	0.56061662211836	0.536386509895002	0.503783702515786	0.553911047586236	0.93112889121356	0.5916966465972	0.469341961070814	0.418639883290315	0.88150823802681
ZB_49	0.716864219904776	0.0577953783780391	0.479685102058988	0.482976680895483	0.0321750902527076	0.383343657787636	0.78953433380626	0.815151975445084	0.941708820243758	0.760730777723376	0.798632911878498	0.296750902527076	0.939372194490857	0.727467711101786	0.638701250877455	0.478139944164803	0.339404041370076	0.618854451838086	0.94733368601344	0.857729019709716	0.878526302217638	0.187092047049874	0.374600255836265	0.540617369097992	0.94733368601344	0.94733368601344	0.566999047485829	0.300384923667679	0.312007749225331	0.366421443162262	0.436468954461573	0.119947711192267	0.35143776352337	0.316287076633011	0.94733368601344	0.337331216806789	0.0697289660556939	0.94733368601344	0.465902710428258	0.0321750902527076	0.819427243838983	0	0.0577953783780391	0.086412014921286	0.94733368601344	0.385190721966497	0.375076851611493	0.816077613968892	0.338101548873071	0.767060328117819	0.272595571490867	0.94733368601344	0.68218982919458	0.88126211458146
