ZB_3	ZB_4	ZB_5	ZB_6	ZB_7	ZB_8	ZB_10	ZB_11	ZB_12	ZB_13	ZB_14	ZB_15	ZB_17	ZB_18	ZB_19	ZB_21	ZB_22	ZB_24	ZB_25	ZB_26	ZB_27	ZB_29	ZB_30	ZB_32	ZB_33	ZB_34	ZB_36	ZB_37	ZB_38	ZB_41	ZB_43	ZB_44	ZB_45	ZB_46	ZB_48	ZB_49	ZB_51	ZB_52	ZB_54	ZB_55	ZB_56	ZB_57	ZB_58	ZB_59	ZB_62
ZB_3	0	0.78924708600231	0.933748595038209	0.86200230258117	0.0116325796831708	0.730668567537663	0.941040384905534	0.886101365574567	0.942609068496087	0.92254782895526	0.649321218827134	0.394213691125805	0.458453703109285	0.302870074660011	0.827936124540209	0.887745765597072	0.781885692399353	0.50281938888416	0.860509109375992	0.869096925348938	0.953552971007475	0.756651647619332	0.8560887511	0.796910921725677	0.805516243528587	0.906492518293336	0.718056544350995	0.51742954355781	0.775928536494145	0.811107890668915	0.50281938888416	0.943121293800539	0.29466521152982	0.50281938888416	0.945762415631281	0.0116325796831708	0	0.359577354767093	0.805516243528587	0.828915525547168	0.943225966143283	0.778388478154684	0.78489653549036	0.805481208296738	0.602276861184225
ZB_4	0.78924708600231	0	0.325870678699341	0.504363509196572	0.790005100772963	0.726715218878456	0.29297649908114	0.80839627677525	0.530557175561223	0.499137469514009	0.680427162601478	0.794488526232495	0.903087790110999	0.769224135452899	0.492807199060352	0.809978458505239	0.749431036790926	0.705017518566328	0.380972924390518	0.511733512472838	0.453343558715178	0.735827856812636	0.520959825620142	0.401354187943555	0.366516898370637	0.493677930548691	0.28442788825704	0.836289192662016	0.339504396942758	0.385032634802718	0.705017518566328	0.32006484044452	0.768308344997763	0.705017518566328	0.450328145116552	0.790005100772963	0.78924708600231	0.746084452061316	0.366516898370637	0.474244471416249	0.424134924855935	0.429853757842444	1	0.426616827409371	0.865073430660114
ZB_5	0.933748595038209	0.325870678699341	0	0.493272564083562	0.93397660928495	0.810084779779354	0.346930146373009	0.789440679680389	0.384242466692349	0.488704531481081	0.818523641266447	0.925082543401853	0.938203051206457	0.927751186343187	0.54682960775578	0.791349841643169	0.804356815277047	0.831970168207402	0.446907089091113	0.524455881273352	0.355557068205381	0.816445651407209	0.53370209702779	0.465117491883999	0.43399081155408	0.506331449474752	0.333219838182846	0.936959822471385	0.409855481074446	0.450534389313999	0.831970168207402	0.372476384515651	0.927478056458653	0.831970168207402	0.222768119328336	0.93397660928495	0.933748595038209	0.879333702990219	0.43399081155408	0.530244043938596	0.177633601047694	0.416334311823929	1	0.487689342696232	0.935080848248852
ZB_6	0.86200230258117	0.504363509196572	0.493272564083562	0	0.862299889824229	0.722055004840977	0.412181023196067	0.767565853939708	0.177066607379594	0.157924207046025	0.730405466469153	0.934388224615614	0.89580708645208	0.916289938717178	0.105692014831125	0.761978870745947	0.721013150202152	0.67629873829554	0.277384825503281	0.0889913953018882	0.21369696071408	0.698972254517907	0.0797855613858948	0.151751976273001	0.195105215901383	0.12910472440047	0.397816872968512	0.924707617145565	0.235949216719875	0.169435437389971	0.67629873829554	0.385225990794035	0.916109030754783	0.67629873829554	0.34803570399282	0.862299889824229	0.86200230258117	0.83093305499728	0.195105215901383	0.131269501104831	0.383817922811525	0.226903103031913	0.958614329356159	0.112136641254186	0.923478504318898
ZB_7	0.0116325796831708	0.790005100772963	0.93397660928495	0.862299889824229	0	0.732235408601468	0.9412210380885	0.886773622364114	0.942744091541012	0.922707175293827	0.651361299739798	0.401260548634758	0.464753283559992	0.291237494976841	0.825911020615558	0.888398806879482	0.783154576801845	0.505711747159992	0.860833034262914	0.869362863696639	0.953665155986509	0.757975645223516	0.854063647175348	0.794520667011443	0.803029412429634	0.904460951438165	0.714738213893548	0.523043082845117	0.773291329823451	0.808692559021922	0.505711747159992	0.943289438323031	0.302870074660011	0.505711747159992	0.945915328347421	0	0.0116325796831708	0.36436839456467	0.803029412429634	0.829271708683473	0.943393493282974	0.775780223740806	0.787398743681394	0.803191821477778	0.60690340728834
ZB_8	0.730668567537663	0.726715218878456	0.810084779779354	0.722055004840977	0.732235408601468	0	0.633025892330056	0.369235241333114	0.759950480854569	0.723174986143262	0.0953105133255217	0.742427264341452	0.815377353923609	0.686586936066954	0.732774650117272	0.203428130511464	0.066330467372134	0.227849178653502	0.673852376137513	0.719581319330945	0.719012763310101	0.0934747165805139	0.725033624429332	0.684590679744982	0.666235910359766	0.708893711067702	0.760875781855239	0.689277447089947	0.652003797577606	0.675991321196103	0.227849178653502	0.647668267472758	0.684438184039291	0.227849178653502	0.843632011697429	0.732235408601468	0.730668567537663	0.672906484791013	0.666235910359766	0.722994480958161	0.648401104448202	0.655824232106189	1	0.697900840413089	0.743909832451499
ZB_10	0.941040384905534	0.29297649908114	0.346930146373009	0.412181023196067	0.9412210380885	0.633025892330056	0	0.66576480042861	0.434971659290318	0.406881968793101	0.650012410478076	0.934274376911625	0.945836782820301	0.936337361901372	0.474308795210445	0.595077500647882	0.621458457468751	0.676943107966896	0.358395685877991	0.448354603516825	0.252426930286624	0.645835758262628	0.459080490253651	0.379520297608442	0.343412417738575	0.427329720710277	0.483869065462355	0.94488410088839	0.31541471273627	0.362603462592748	0.676943107966896	0.0438454326279132	0.936125388205808	0.676943107966896	0.464410651816949	0.9412210380885	0.941040384905534	0.891544599322828	0.343412417738575	0.455069045274464	0.18162316101031	0.407226083079237	1	0.405704319448549	0.943453179940153
ZB_11	0.886101365574567	0.80839627677525	0.789440679680389	0.767565853939708	0.886773622364114	0.369235241333114	0.66576480042861	0	0.717554120242747	0.765470512969641	0.424817619195796	0.857828143317208	0.881902469709816	0.86714096833092	0.792132287152372	0.224537360742087	0.328372067986381	0.503595619610301	0.782129636096948	0.781869535146998	0.704396225822329	0.278751565015203	0.78611074276838	0.754651218378017	0.777190460458762	0.773555920115839	0.836485594897735	0.877277248827625	0.767978763464605	0.747961998982116	0.503595619610301	0.621919367800697	0.86621441704178	0.503595619610301	0.829900697784629	0.886773622364114	0.886101365574567	0.805114711720445	0.777190460458762	0.814156820542992	0.680504964502685	0.770449276962137	1	0.765004849337535	0.869949551991567
ZB_12	0.942609068496087	0.530557175561223	0.384242466692349	0.177066607379594	0.942744091541012	0.759950480854569	0.434971659290318	0.717554120242747	0	0.195089079058945	0.768023258371122	0.937687090031331	0.946330644406596	0.9391604736256	0.264044095717457	0.759807106452405	0.754573078515954	0.781270606190048	0.338294013745137	0.227708809062914	0.214781929543306	0.729105746034067	0.242724810093012	0.305183620217341	0.324806017959144	0.19827444436868	0.43599615014437	0.94562950322336	0.390113636811547	0.298525616066088	0.781270606190048	0.40506889921121	0.939007997083685	0.781270606190048	0.207755692193777	0.942744091541012	0.942609068496087	0.903806673228742	0.324806017959144	0.280086688090442	0.317759393213112	0.306494106199725	1	0.265223509379077	0.94458803352738
ZB_13	0.92254782895526	0.499137469514009	0.488704531481081	0.157924207046025	0.922707175293827	0.723174986143262	0.406881968793101	0.765470512969641	0.195089079058945	0	0.731540547163398	0.916802892552001	0.94274631682279	0.918509725355334	0.113681970315658	0.759833164392895	0.73842932451057	0.745397025308864	0.16910921925269	0.0699230718704238	0.206608617624088	0.695438800256831	0.0880069711492925	0.244517110492994	0.2620060997815	0.0344750131362034	0.479572370143715	0.923327021622041	0.324857008627954	0.237170733187667	0.745397025308864	0.379683942903671	0.918332582386745	0.745397025308864	0.342158394124196	0.922707175293827	0.92254782895526	0.824198602614849	0.2620060997815	0.12802132944081	0.3782631815085	0.316225326065071	1	0.206716679468154	0.939542530437307
ZB_14	0.649321218827134	0.680427162601478	0.818523641266447	0.730405466469153	0.651361299739798	0.0953105133255217	0.650012410478076	0.424817619195796	0.768023258371122	0.731540547163398	0	0.647116751015931	0.83101446706693	0.591925419699896	0.704622023557482	0.279349804293087	0.155318989803296	0.146501829942974	0.639492191888552	0.727627890219508	0.729080752792982	0.17335684403416	0.732774650117272	0.651361793299464	0.631073319015668	0.717555855649	0.72112140008631	0.718892573109621	0.615341829933734	0.641856478298526	0.146501829942974	0.663355266988878	0.589127670713769	0.146501829942974	0.849398113316743	0.651361299739798	0.649321218827134	0.603189510540521	0.631073319015668	0.693811497622156	0.664024361895021	0.619564753472535	1	0.666074201108063	0.768317917778166
ZB_15	0.394213691125805	0.794488526232495	0.925082543401853	0.934388224615614	0.401260548634758	0.742427264341452	0.934274376911625	0.857828143317208	0.937687090031331	0.916802892552001	0.647116751015931	0	0.632593726090283	0.1552326101877	0.895766059994624	0.860381103612545	0.789626195305708	0.698814792748319	0.872782833389507	0.922453360554532	0.949453866053464	0.759508845437616	0.923918686554415	0.876971416899535	0.86981195417734	0.919585767268453	0.829202514691154	0.416168410563029	0.86426057519875	0.873617150459387	0.698814792748319	0.936849854558949	0.141136494645187	0.698814792748319	0.940088921191748	0.401260548634758	0.394213691125805	0.612040729624909	0.86981195417734	0.89195120647934	0.936978855572811	0.865750774177333	1	0.882163179167412	0.53964250124564
ZB_17	0.458453703109285	0.903087790110999	0.938203051206457	0.89580708645208	0.464753283559992	0.815377353923609	0.945836782820301	0.881902469709816	0.946330644406596	0.94274631682279	0.83101446706693	0.632593726090283	0	0.649817505681427	0.906819445416085	0.884054079454372	0.81686434537203	0.730753681164354	0.934408819444743	0.90221897663564	0.958411388229402	0.838452481076535	0.904120176551933	0.890017861721592	0.883617617166482	0.941182820988344	0.84731456566071	0.569353102953486	0.878654928699522	0.887019295159692	0.730753681164354	0.947973082877987	0.645339780996443	0.730753681164354	0.950658195447482	0.464753283559992	0.458453703109285	0.653181488029163	0.883617617166482	0.910180935401889	0.948080056272658	0.879987100996353	0.602797644920378	0.894659068677442	0.511445721843524
ZB_18	0.302870074660011	0.769224135452899	0.927751186343187	0.916289938717178	0.291237494976841	0.686586936066954	0.936337361901372	0.86714096833092	0.9391604736256	0.918509725355334	0.591925419699896	0.1552326101877	0.649817505681427	0	0.876612258874558	0.869373050066855	0.746186797405041	0.651361299739798	0.852242519332063	0.905190461744735	0.950682895364164	0.719808976282367	0.904764885434348	0.854363953220542	0.845888883268107	0.899341134898057	0.79781714189181	0.327056787323565	0.8393173950152	0.850393314106628	0.651361299739798	0.93875667517994	0.0164125212616753	0.651361299739798	0.941807813008444	0.291237494976841	0.302870074660011	0.551666916035311	0.845888883268107	0.874459154757915	0.93887801091402	0.841081429702801	1	0.860509742381545	0.44537614514637
ZB_19	0.827936124540209	0.492807199060352	0.54682960775578	0.105692014831125	0.825911020615558	0.732774650117272	0.474308795210445	0.792132287152372	0.264044095717457	0.113681970315658	0.704622023557482	0.895766059994624	0.906819445416085	0.876612258874558	0	0.787135803469187	0.750499832468675	0.653920785298482	0.18066136212172	0.0470486871803558	0.296802913204046	0.711794573457883	0.0281526265597903	0.152766476061431	0.199358594356956	0.0820351189840606	0.389722045281324	0.916967057082157	0.232102683815001	0.175252493639333	0.653920785298482	0.450202694492822	0.878637362799209	0.653920785298482	0.416943124035774	0.825911020615558	0.827936124540209	0.73132762131293	0.199358594356956	0.0353067664245133	0.448943448052402	0.223578837295787	0.962988464271644	0.115438287719402	0.931566215375325
ZB_21	0.887745765597072	0.809978458505239	0.791349841643169	0.761978870745947	0.888398806879482	0.203428130511464	0.595077500647882	0.224537360742087	0.759807106452405	0.759833164392895	0.279349804293087	0.860381103612545	0.884054079454372	0.869373050066855	0.787135803469187	0	0.146837460523597	0.384926376712912	0.740199977530615	0.776626367299942	0.697290844163324	0.261415029256203	0.780969520165186	0.748753808110352	0.734132915147139	0.76811291920533	0.837639278119492	0.879599035230806	0.722796014461482	0.741903800994669	0.384926376712912	0.612831502812751	0.868477475006856	0.384926376712912	0.831148817441521	0.888398806879482	0.887745765597072	0.807526077759136	0.734132915147139	0.7793451958382	0.613716240595475	0.725839265136174	1	0.759356307676938	0.87255393878575
ZB_22	0.781885692399353	0.749431036790926	0.804356815277047	0.721013150202152	0.783154576801845	0.066330467372134	0.621458457468751	0.328372067986381	0.754573078515954	0.73842932451057	0.155318989803296	0.789626195305708	0.81686434537203	0.746186797405041	0.750499832468675	0.146837460523597	0	0.279066303515193	0.695485900460622	0.738181621479601	0.712280771604324	0.13429746786928	0.743272272632556	0.705511927371024	0.688374638417637	0.728202927267549	0.785905548247552	0.740878609170884	0.675086548328011	0.697482968293794	0.279066303515193	0.637018898725435	0.744446660517065	0.279066303515193	0.83976950864086	0.783154576801845	0.781885692399353	0.716801006637975	0.688374638417637	0.741368386500866	0.637796656892965	0.678653571648749	1	0.717939218861217	0.725716478262153
ZB_24	0.50281938888416	0.705017518566328	0.831970168207402	0.67629873829554	0.505711747159992	0.227849178653502	0.676943107966896	0.503595619610301	0.781270606190048	0.745397025308864	0.146501829942974	0.698814792748319	0.730753681164354	0.651361299739798	0.653920785298482	0.384926376712912	0.279066303515193	0	0.660500645379716	0.694170858363221	0.745503209163504	0.286575358815982	0.682073411858272	0.591518507090365	0.591825107951077	0.731921825307413	0.649526077439414	0.760075325559622	0.549315764741985	0.603560637998876	0	0.688345013477089	0.649321218827134	0	0.858776761729032	0.505711747159992	0.50281938888416	0.477633306586914	0.591825107951077	0.649645336266737	0.688918543709172	0.55426354751054	0.893054728061963	0.608756280204297	0.802259766788663
ZB_25	0.860509109375992	0.380972924390518	0.446907089091113	0.277384825503281	0.860833034262914	0.673852376137513	0.358395685877991	0.782129636096948	0.338294013745137	0.16910921925269	0.639492191888552	0.872782833389507	0.934408819444743	0.852242519332063	0.18066136212172	0.740199977530615	0.695485900460622	0.660500645379716	0	0.193575747113064	0.194860131312426	0.686880107564434	0.20881398868151	0.231370081939989	0.112736834429302	0.163755025159852	0.360653592011653	0.8986585776879	0.186526383098663	0.136973555746556	0.660500645379716	0.376733079555773	0.851877317155376	0.660500645379716	0.373622901258818	0.860833034262914	0.860509109375992	0.749469942233225	0.112736834429302	0.150674422332654	0.327437366588024	0.176787584820095	1	0.191755985292221	0.91647680035951
ZB_26	0.869096925348938	0.511733512472838	0.524455881273352	0.0889913953018882	0.869362863696639	0.719581319330945	0.448354603516825	0.781869535146998	0.227708809062914	0.0699230718704238	0.727627890219508	0.922453360554532	0.90221897663564	0.905190461744735	0.0470486871803558	0.776626367299942	0.738181621479601	0.694170858363221	0.193575747113064	0	0.262084980275334	0.697565423684282	0.0194434446570308	0.199815163241786	0.216314805867967	0.0408770719030856	0.431781831882302	0.912867591658843	0.279151370995357	0.191795033126224	0.694170858363221	0.423058347146395	0.904994764672989	0.694170858363221	0.388156700011205	0.869362863696639	0.869096925348938	0.771982811268169	0.216314805867967	0.0723192573757204	0.421736929752369	0.270627524476142	0.961161147237581	0.162486974899757	0.928187533083732
ZB_27	0.953552971007475	0.453343558715178	0.355557068205381	0.21369696071408	0.953665155986509	0.719012763310101	0.252426930286624	0.704396225822329	0.214781929543306	0.206608617624088	0.729080752792982	0.949453866053464	0.958411388229402	0.950682895364164	0.296802913204046	0.697290844163324	0.712280771604324	0.745503209163504	0.194860131312426	0.262084980275334	0	0.685895840349053	0.276432590122942	0.247232963840176	0.17660740912703	0.233960795953648	0.43342467678471	0.957851993928657	0.252064958700826	0.147378947650383	0.745503209163504	0.21814621273209	0.950555784659219	0.745503209163504	0.276123269757458	0.953665155986509	0.953552971007475	0.913075168216371	0.17660740912703	0.313216582448641	0.216355468054581	0.241937036259275	1	0.20503332098452	0.957020285469711
ZB_29	0.756651647619332	0.735827856812636	0.816445651407209	0.698972254517907	0.757975645223516	0.0934747165805139	0.645835758262628	0.278751565015203	0.729105746034067	0.695438800256831	0.17335684403416	0.759508845437616	0.838452481076535	0.719808976282367	0.711794573457883	0.261415029256203	0.13429746786928	0.286575358815982	0.686880107564434	0.697565423684282	0.685895840349053	0	0.703445793631249	0.659827640905515	0.679781601292892	0.686038722719816	0.773016623256469	0.711896670669699	0.666542693897285	0.650553139816245	0.286575358815982	0.605727938248537	0.718032938030864	0.286575358815982	0.847969814995131	0.757975645223516	0.756651647619332	0.698637916347585	0.679781601292892	0.732909078045347	0.660177282452799	0.670093277403687	1	0.674182792968669	0.762552060709814
ZB_30	0.8560887511	0.520959825620142	0.53370209702779	0.0797855613858948	0.854063647175348	0.725033624429332	0.459080490253651	0.78611074276838	0.242724810093012	0.0880069711492925	0.732774650117272	0.923918686554415	0.904120176551933	0.904764885434348	0.0281526265597903	0.780969520165186	0.743272272632556	0.682073411858272	0.20881398868151	0.0194434446570308	0.276432590122942	0.703445793631249	0	0.180919102621221	0.227511220916746	0.0554433688836689	0.417874671841114	0.914561745818258	0.260255310374791	0.203405120199123	0.682073411858272	0.43427608024399	0.906789989358999	0.682073411858272	0.400053041353312	0.854063647175348	0.8560887511	0.75948024787272	0.227511220916746	0.0634593929843036	0.432980355755934	0.251731463855577	0.96191630832181	0.143590914279192	0.929583814809904
ZB_32	0.796910921725677	0.401354187943555	0.465117491883999	0.151751976273001	0.794520667011443	0.684590679744982	0.379520297608442	0.754651218378017	0.305183620217341	0.244517110492994	0.651361793299464	0.876971416899535	0.890017861721592	0.854363953220542	0.152766476061431	0.748753808110352	0.705511927371024	0.591518507090365	0.231370081939989	0.199815163241786	0.247232963840176	0.659827640905515	0.180919102621221	0	0.137071832633336	0.234801595045491	0.279681531153711	0.901995210798736	0.174089136235166	0.10981980444474	0.591518507090365	0.35106757467373	0.856754207934776	0.591518507090365	0.383051877505318	0.794520667011443	0.796910921725677	0.766910379565548	0.137071832633336	0.188073242485944	0.349581270833243	0.164452898988091	0.956314835659124	0.0421996428556562	0.919226774329533
ZB_33	0.805516243528587	0.366516898370637	0.43399081155408	0.195105215901383	0.803029412429634	0.666235910359766	0.343412417738575	0.777190460458762	0.324806017959144	0.2620060997815	0.631073319015668	0.86981195417734	0.883617617166482	0.845888883268107	0.199358594356956	0.734132915147139	0.688374638417637	0.591825107951077	0.112736834429302	0.216314805867967	0.17660740912703	0.679781601292892	0.227511220916746	0.137071832633336	0	0.251901621293664	0.267388601270545	0.896291969997287	0.081327214012584	0.0292284614766467	0.591825107951077	0.362603462592748	0.84841823524813	0.591825107951077	0.359739862947929	0.803029412429634	0.805516243528587	0.773814097827693	0	0.185142705730941	0.311731134483345	0.0709006481135347	0.953772643448748	0.0948721897776797	0.91452629836236
ZB_34	0.906492518293336	0.493677930548691	0.506331449474752	0.12910472440047	0.904460951438165	0.708893711067702	0.427329720710277	0.773555920115839	0.19827444436868	0.0344750131362034	0.717555855649	0.919585767268453	0.941182820988344	0.899341134898057	0.0820351189840606	0.76811291920533	0.728202927267549	0.731921825307413	0.163755025159852	0.0408770719030856	0.233960795953648	0.686038722719816	0.0554433688836689	0.234801595045491	0.251901621293664	0	0.466879919623828	0.909546710734785	0.314137802799062	0.227381848551921	0.731921825307413	0.401069347120664	0.901481570846484	0.731921825307413	0.364837492128306	0.904460951438165	0.906492518293336	0.809575698027903	0.251901621293664	0.0999074689983983	0.399697566493255	0.305613956279847	1	0.197473406703462	0.925450541692906
ZB_36	0.718056544350995	0.28442788825704	0.333219838182846	0.397816872968512	0.714738213893548	0.760875781855239	0.483869065462355	0.836485594897735	0.43599615014437	0.479572370143715	0.72112140008631	0.829202514691154	0.84731456566071	0.79781714189181	0.389722045281324	0.837639278119492	0.785905548247552	0.649526077439414	0.360653592011653	0.431781831882302	0.43342467678471	0.773016623256469	0.417874671841114	0.279681531153711	0.267388601270545	0.466879919623828	0	0.863942417916571	0.314184183147247	0.288452079820124	0.649526077439414	0.499957150610842	0.801135472349257	0.649526077439414	0.338660980198172	0.714738213893548	0.718056544350995	0.684229382778654	0.267388601270545	0.380846392611098	0.421910570529402	0.213985934395288	0.939352985894079	0.310078713281357	0.887864563850711
ZB_37	0.51742954355781	0.836289192662016	0.936959822471385	0.924707617145565	0.523043082845117	0.689277447089947	0.94488410088839	0.877277248827625	0.94562950322336	0.923327021622041	0.718892573109621	0.416168410563029	0.569353102953486	0.327056787323565	0.916967057082157	0.879599035230806	0.740878609170884	0.760075325559622	0.8986585776879	0.912867591658843	0.957851993928657	0.711896670669699	0.914561745818258	0.901995210798736	0.896291969997287	0.909546710734785	0.863942417916571	0	0.89186973158031	0.89932319615704	0.760075325559622	0.947094679449873	0.315827796486757	0.760075325559622	0.949868809064945	0.523043082845117	0.51742954355781	0.690950951774041	0.896291969997287	0.913928137953145	0.947205291697488	0.893056826750257	1	0.906130977901173	0.175823688528225
ZB_38	0.775928536494145	0.339504396942758	0.409855481074446	0.235949216719875	0.773291329823451	0.652003797577606	0.31541471273627	0.767978763464605	0.390113636811547	0.324857008627954	0.615341829933734	0.86426057519875	0.878654928699522	0.8393173950152	0.232102683815001	0.722796014461482	0.675086548328011	0.549315764741985	0.186526383098663	0.279151370995357	0.252064958700826	0.666542693897285	0.260255310374791	0.174089136235166	0.081327214012584	0.314137802799062	0.314184183147247	0.89186973158031	0	0.107640347193056	0.549315764741985	0.336251342392643	0.841954601685894	0.549315764741985	0.429954812317067	0.773291329823451	0.775928536494145	0.74451242898044	0.081327214012584	0.22461176257527	0.282382500455518	0.110953974480811	0.951801451902145	0.13188949337951	0.910881594215407
ZB_41	0.811107890668915	0.385032634802718	0.450534389313999	0.169435437389971	0.808692559021922	0.675991321196103	0.362603462592748	0.747961998982116	0.298525616066088	0.237170733187667	0.641856478298526	0.873617150459387	0.887019295159692	0.850393314106628	0.175252493639333	0.741903800994669	0.697482968293794	0.603560637998876	0.136973555746556	0.191795033126224	0.147378947650383	0.650553139816245	0.203405120199123	0.10981980444474	0.0292284614766467	0.227381848551921	0.288452079820124	0.89932319615704	0.107640347193056	0	0.603560637998876	0.333375001116101	0.852848737019742	0.603560637998876	0.377527508200478	0.808692559021922	0.811107890668915	0.779898271101762	0.0292284614766467	0.204848426643815	0.331848174504674	0.097512424751505	0.955123797958874	0.0676201615890842	0.917024563157942
ZB_43	0.50281938888416	0.705017518566328	0.831970168207402	0.67629873829554	0.505711747159992	0.227849178653502	0.676943107966896	0.503595619610301	0.781270606190048	0.745397025308864	0.146501829942974	0.698814792748319	0.730753681164354	0.651361299739798	0.653920785298482	0.384926376712912	0.279066303515193	0	0.660500645379716	0.694170858363221	0.745503209163504	0.286575358815982	0.682073411858272	0.591518507090365	0.591825107951077	0.731921825307413	0.649526077439414	0.760075325559622	0.549315764741985	0.603560637998876	0	0.688345013477089	0.649321218827134	0	0.858776761729032	0.505711747159992	0.50281938888416	0.477633306586914	0.591825107951077	0.649645336266737	0.688918543709172	0.55426354751054	0.893054728061963	0.608756280204297	0.802259766788663
ZB_44	0.943121293800539	0.32006484044452	0.372476384515651	0.385225990794035	0.943289438323031	0.647668267472758	0.0438454326279132	0.621919367800697	0.40506889921121	0.379683942903671	0.663355266988878	0.936849854558949	0.947973082877987	0.93875667517994	0.450202694492822	0.612831502812751	0.637018898725435	0.688345013477089	0.376733079555773	0.423058347146395	0.21814621273209	0.605727938248537	0.43427608024399	0.35106757467373	0.362603462592748	0.401069347120664	0.499957150610842	0.947094679449873	0.336251342392643	0.333375001116101	0.688345013477089	0	0.938560531066209	0.688345013477089	0.481714328012041	0.943289438323031	0.943121293800539	0.895074063028134	0.362603462592748	0.468354006159025	0.213635738995871	0.424204640907182	1	0.378452291259954	0.945777610347209
ZB_45	0.29466521152982	0.768308344997763	0.927478056458653	0.916109030754783	0.302870074660011	0.684438184039291	0.936125388205808	0.86621441704178	0.939007997083685	0.918332582386745	0.589127670713769	0.141136494645187	0.645339780996443	0.0164125212616753	0.878637362799209	0.868477475006856	0.744446660517065	0.649321218827134	0.851877317155376	0.904994764672989	0.950555784659219	0.718032938030864	0.906789989358999	0.856754207934776	0.84841823524813	0.901481570846484	0.801135472349257	0.315827796486757	0.841954601685894	0.852848737019742	0.649321218827134	0.938560531066209	0	0.649321218827134	0.941630754081311	0.302870074660011	0.29466521152982	0.548287628993134	0.84841823524813	0.874195616827352	0.938682644474406	0.843689684116679	1	0.862799129200505	0.436121476896939
ZB_46	0.50281938888416	0.705017518566328	0.831970168207402	0.67629873829554	0.505711747159992	0.227849178653502	0.676943107966896	0.503595619610301	0.781270606190048	0.745397025308864	0.146501829942974	0.698814792748319	0.730753681164354	0.651361299739798	0.653920785298482	0.384926376712912	0.279066303515193	0	0.660500645379716	0.694170858363221	0.745503209163504	0.286575358815982	0.682073411858272	0.591518507090365	0.591825107951077	0.731921825307413	0.649526077439414	0.760075325559622	0.549315764741985	0.603560637998876	0	0.688345013477089	0.649321218827134	0	0.858776761729032	0.505711747159992	0.50281938888416	0.477633306586914	0.591825107951077	0.649645336266737	0.688918543709172	0.55426354751054	0.893054728061963	0.608756280204297	0.802259766788663
ZB_48	0.945762415631281	0.450328145116552	0.222768119328336	0.34803570399282	0.945915328347421	0.843632011697429	0.464410651816949	0.829900697784629	0.207755692193777	0.342158394124196	0.849398113316743	0.940088921191748	0.950658195447482	0.941807813008444	0.416943124035774	0.831148817441521	0.83976950864086	0.858776761729032	0.373622901258818	0.388156700011205	0.276123269757458	0.847969814995131	0.400053041353312	0.383051877505318	0.359739862947929	0.364837492128306	0.338660980198172	0.949868809064945	0.429954812317067	0.377527508200478	0.858776761729032	0.481714328012041	0.941630754081311	0.858776761729032	0	0.945915328347421	0.945762415631281	0.899582804108214	0.359739862947929	0.395603850352287	0.334495885107441	0.34081390541585	1	0.340852234649661	0.948687783343137
ZB_49	0.0116325796831708	0.790005100772963	0.93397660928495	0.862299889824229	0	0.732235408601468	0.9412210380885	0.886773622364114	0.942744091541012	0.922707175293827	0.651361299739798	0.401260548634758	0.464753283559992	0.291237494976841	0.825911020615558	0.888398806879482	0.783154576801845	0.505711747159992	0.860833034262914	0.869362863696639	0.953665155986509	0.757975645223516	0.854063647175348	0.794520667011443	0.803029412429634	0.904460951438165	0.714738213893548	0.523043082845117	0.773291329823451	0.808692559021922	0.505711747159992	0.943289438323031	0.302870074660011	0.505711747159992	0.945915328347421	0	0.0116325796831708	0.36436839456467	0.803029412429634	0.829271708683473	0.943393493282974	0.775780223740806	0.787398743681394	0.803191821477778	0.60690340728834
ZB_51	0	0.78924708600231	0.933748595038209	0.86200230258117	0.0116325796831708	0.730668567537663	0.941040384905534	0.886101365574567	0.942609068496087	0.92254782895526	0.649321218827134	0.394213691125805	0.458453703109285	0.302870074660011	0.827936124540209	0.887745765597072	0.781885692399353	0.50281938888416	0.860509109375992	0.869096925348938	0.953552971007475	0.756651647619332	0.8560887511	0.796910921725677	0.805516243528587	0.906492518293336	0.718056544350995	0.51742954355781	0.775928536494145	0.811107890668915	0.50281938888416	0.943121293800539	0.29466521152982	0.50281938888416	0.945762415631281	0.0116325796831708	0	0.359577354767093	0.805516243528587	0.828915525547168	0.943225966143283	0.778388478154684	0.78489653549036	0.805481208296738	0.602276861184225
ZB_52	0.359577354767093	0.746084452061316	0.879333702990219	0.83093305499728	0.36436839456467	0.672906484791013	0.891544599322828	0.805114711720445	0.903806673228742	0.824198602614849	0.603189510540521	0.612040729624909	0.653181488029163	0.551666916035311	0.73132762131293	0.807526077759136	0.716801006637975	0.477633306586914	0.749469942233225	0.771982811268169	0.913075168216371	0.698637916347585	0.75948024787272	0.766910379565548	0.773814097827693	0.809575698027903	0.684229382778654	0.690950951774041	0.74451242898044	0.779898271101762	0.477633306586914	0.895074063028134	0.548287628993134	0.477633306586914	0.899582804108214	0.36436839456467	0.359577354767093	0	0.773814097827693	0.729389674923188	0.895252131280952	0.747123138923588	0.862242870259973	0.77614401431703	0.745289095369266
ZB_54	0.805516243528587	0.366516898370637	0.43399081155408	0.195105215901383	0.803029412429634	0.666235910359766	0.343412417738575	0.777190460458762	0.324806017959144	0.2620060997815	0.631073319015668	0.86981195417734	0.883617617166482	0.845888883268107	0.199358594356956	0.734132915147139	0.688374638417637	0.591825107951077	0.112736834429302	0.216314805867967	0.17660740912703	0.679781601292892	0.227511220916746	0.137071832633336	0	0.251901621293664	0.267388601270545	0.896291969997287	0.081327214012584	0.0292284614766467	0.591825107951077	0.362603462592748	0.84841823524813	0.591825107951077	0.359739862947929	0.803029412429634	0.805516243528587	0.773814097827693	0	0.185142705730941	0.311731134483345	0.0709006481135347	0.953772643448748	0.0948721897776797	0.91452629836236
ZB_55	0.828915525547168	0.474244471416249	0.530244043938596	0.131269501104831	0.829271708683473	0.722994480958161	0.455069045274464	0.814156820542992	0.280086688090442	0.12802132944081	0.693811497622156	0.89195120647934	0.910180935401889	0.874459154757915	0.0353067664245133	0.7793451958382	0.741368386500866	0.649645336266737	0.150674422332654	0.0723192573757204	0.313216582448641	0.732909078045347	0.0634593929843036	0.188073242485944	0.185142705730941	0.0999074689983983	0.380846392611098	0.913928137953145	0.22461176257527	0.204848426643815	0.649645336266737	0.468354006159025	0.874195616827352	0.649645336266737	0.395603850352287	0.829271708683473	0.828915525547168	0.729389674923188	0.185142705730941	0	0.428775352859902	0.21587736375847	0.968046125251299	0.150745054143915	0.929061610216716
ZB_56	0.943225966143283	0.424134924855935	0.177633601047694	0.383817922811525	0.943393493282974	0.648401104448202	0.18162316101031	0.680504964502685	0.317759393213112	0.3782631815085	0.664024361895021	0.936978855572811	0.948080056272658	0.93887801091402	0.448943448052402	0.613716240595475	0.637796656892965	0.688918543709172	0.327437366588024	0.421736929752369	0.216355468054581	0.660177282452799	0.432980355755934	0.349581270833243	0.311731134483345	0.399697566493255	0.421910570529402	0.947205291697488	0.282382500455518	0.331848174504674	0.688918543709172	0.213635738995871	0.938682644474406	0.688918543709172	0.334495885107441	0.943393493282974	0.943225966143283	0.895252131280952	0.311731134483345	0.428775352859902	0	0.29026077801858	1	0.37702870891071	0.945893792446683
ZB_57	0.778388478154684	0.429853757842444	0.416334311823929	0.226903103031913	0.775780223740806	0.655824232106189	0.407226083079237	0.770449276962137	0.306494106199725	0.316225326065071	0.619564753472535	0.865750774177333	0.879987100996353	0.841081429702801	0.223578837295787	0.725839265136174	0.678653571648749	0.55426354751054	0.176787584820095	0.270627524476142	0.241937036259275	0.670093277403687	0.251731463855577	0.164452898988091	0.0709006481135347	0.305613956279847	0.213985934395288	0.893056826750257	0.110953974480811	0.097512424751505	0.55426354751054	0.424204640907182	0.843689684116679	0.55426354751054	0.34081390541585	0.775780223740806	0.778388478154684	0.747123138923588	0.0709006481135347	0.21587736375847	0.29026077801858	0	0.952330593875819	0.122253256132435	0.91185996993394
ZB_58	0.78489653549036	1	1	0.958614329356159	0.787398743681394	1	1	1	1	1	1	1	0.602797644920378	1	0.962988464271644	1	1	0.893054728061963	1	0.961161147237581	1	1	0.96191630832181	0.956314835659124	0.953772643448748	1	0.939352985894079	1	0.951801451902145	0.955123797958874	0.893054728061963	1	1	0.893054728061963	1	0.787398743681394	0.78489653549036	0.862242870259973	0.953772643448748	0.968046125251299	1	0.952330593875819	0	0.958158333992399	1
ZB_59	0.805481208296738	0.426616827409371	0.487689342696232	0.112136641254186	0.803191821477778	0.697900840413089	0.405704319448549	0.765004849337535	0.265223509379077	0.206716679468154	0.666074201108063	0.882163179167412	0.894659068677442	0.860509742381545	0.115438287719402	0.759356307676938	0.717939218861217	0.608756280204297	0.191755985292221	0.162486974899757	0.20503332098452	0.674182792968669	0.143590914279192	0.0421996428556562	0.0948721897776797	0.197473406703462	0.310078713281357	0.906130977901173	0.13188949337951	0.0676201615890842	0.608756280204297	0.378452291259954	0.862799129200505	0.608756280204297	0.340852234649661	0.803191821477778	0.805481208296738	0.77614401431703	0.0948721897776797	0.150745054143915	0.37702870891071	0.122253256132435	0.958158333992399	0	0.922635375605127
ZB_62	0.602276861184225	0.865073430660114	0.935080848248852	0.923478504318898	0.60690340728834	0.743909832451499	0.943453179940153	0.869949551991567	0.94458803352738	0.939542530437307	0.768317917778166	0.53964250124564	0.511445721843524	0.44537614514637	0.931566215375325	0.87255393878575	0.725716478262153	0.802259766788663	0.91647680035951	0.928187533083732	0.957020285469711	0.762552060709814	0.929583814809904	0.919226774329533	0.91452629836236	0.925450541692906	0.887864563850711	0.175823688528225	0.910881594215407	0.917024563157942	0.802259766788663	0.945777610347209	0.436121476896939	0.802259766788663	0.948687783343137	0.60690340728834	0.602276861184225	0.745289095369266	0.91452629836236	0.929061610216716	0.945893792446683	0.91185996993394	1	0.922635375605127	0
