ZB_1	ZB_2	ZB_3	ZB_4	ZB_5	ZB_6	ZB_7	ZB_8	ZB_9	ZB_10	ZB_11	ZB_12	ZB_13	ZB_14	ZB_15	ZB_16	ZB_17	ZB_18	ZB_19	ZB_20	ZB_21	ZB_22	ZB_23	ZB_24	ZB_25	ZB_26	ZB_27	ZB_28	ZB_29	ZB_30	ZB_31	ZB_32	ZB_33	ZB_34	ZB_35	ZB_36	ZB_37	ZB_38	ZB_39	ZB_40	ZB_41	ZB_42	ZB_43	ZB_44	ZB_45	ZB_46	ZB_47	ZB_48	ZB_49	ZB_50	ZB_51	ZB_52	ZB_53	ZB_54	ZB_55	ZB_56	ZB_57	ZB_58	ZB_59	ZB_60	ZB_61	ZB_62	ZB_63	ZB_64
ZB_1	0	0.55292590643506	0.364003762312789	0.482636893522699	0.549192912394919	0.612708117614187	0.457392300562461	0.538390830271102	0.44651856277248	0.409616050189805	0.566862679504903	0.650894674947337	0.643243627585298	0.500392835060413	0.490960734482208	0.473930772506768	0.584181294257743	0.467112737655966	0.582764790138916	0.542448291424338	0.451930468204053	0.490358331037698	0.524682536811259	0.422095934578598	0.628933149322198	0.617095678654828	0.542289244464909	0.403801294749661	0.464736910856354	0.633041360790052	0.505081951358795	0.581408977577987	0.633129095636811	0.6392873422755	0.532439465259996	0.533781734293212	0.478550534866796	0.607210521245509	0.476392748721653	0.450748523128175	0.576160164015684	0.499087593367282	0.380293048048422	0.403690898015563	0.457265007485822	0.476340172071476	0.780802496428193	0.655274899212884	0.40456410033532	0.544272180616927	0.492460706423196	0.498434529642848	0.447561624156531	0.601742770625081	0.577637213237284	0.463408787970909	0.582764790138916	0.481154447628674	0.621371811432248	0.459691985007089	0.515391965963722	0.544614146817469	0.492698516100557	0.54039264659027
ZB_2	0.55292590643506	0	0.518446821830644	0.235677687815972	0.00870881578918584	0.457260620420418	0.349547058450351	0.212949491576629	0.210984609356292	0.255290151665963	0.032732251074923	0.43427261616402	0.546879967943832	0.250868292880505	0.241123286292748	0.231225856864685	0.197527227248575	0.354991292467836	0.333693400725857	0.0240832336154602	0.35881371097057	0.445289455004338	0.279440348922654	0.398375471076799	0.534736518530232	0.458876705523323	0.383804393255327	0.510157970279951	0.4420342008606	0.406422267422193	0.160999510459426	0.33669270272415	0.462757019497496	0.432945491841437	0.0210912003289276	0.482183870599925	0.372071653325736	0.381685471685585	0.405313230793463	0.259006946603575	0.348123087985463	0.219036607271901	0.399009195068513	0.30081181651328	0.300294116504326	0.386413041148046	0.791979401605257	0.524836756572375	0.585059869523484	0.0199705549709816	0.574805346060497	0.403595474186801	0.538452451528363	0.415596463353337	0.36090413084212	0.415124514994186	0.333693400725857	0.26735490264902	0.447742493731771	0.307372413989233	0.0656842610283906	0.473039885780248	0.183465396262962	0.0286793707601674
ZB_3	0.364003762312789	0.518446821830644	0	0.4169289287203	0.514315576243427	0.639978737979526	0.277593074375577	0.507527714576173	0.406611412481507	0.365796431212861	0.533853854267927	0.614465614549876	0.602234853100339	0.465909063790894	0.472928139181075	0.436825775476156	0.591037100748693	0.428782012987517	0.586775052773517	0.512963834627756	0.313917341894715	0.435588198817677	0.475088479697164	0.258048838943332	0.600603250872099	0.596240866183175	0.568316783029103	0.292715543525938	0.304903124310002	0.631119451569743	0.465356093996859	0.585432271625864	0.594763092269327	0.619602768354986	0.528371732898068	0.349544436334348	0.306041402884818	0.571900850705497	0.333573836728804	0.399798865601995	0.580233907115815	0.458682499537648	0.301479389878756	0.362225927911896	0.490145838815562	0.322062507493201	0.675997698540811	0.625842915467751	0.296481618978956	0.508867010102595	0.335840025564787	0.349368980044827	0.203685332969191	0.519033809255858	0.581747202500766	0.335831478537361	0.586775052773517	0.44425657825214	0.613966323453006	0.319914307853594	0.523531973548463	0.371130555928972	0.457461043935266	0.504569025589621
ZB_4	0.482636893522699	0.235677687815972	0.4169289287203	0	0.229142549092463	0.523633994988469	0.254354272825996	0.235321939905708	0.217286844986098	0.168398868814958	0.260053066584751	0.493915020649333	0.553664815965028	0.237523561822598	0.211694788235499	0.253853950457949	0.312525453724204	0.245352026821091	0.421689771274424	0.224607071731534	0.244283441930762	0.349410919135263	0.214030826334068	0.262207852193995	0.558505220269926	0.545816496857698	0.43835225781619	0.413866789316066	0.353666228646518	0.48134796520528	0.257906062874251	0.419891895521386	0.504118112642723	0.511974777085624	0.25137923913973	0.382299930111943	0.287421484286698	0.451435293958102	0.300101748219406	0.170409002607676	0.412936455894894	0.205962097172761	0.261832197204618	0.204830169856124	0.257762000635795	0.267952213998182	0.7469928063738	0.589797645856292	0.497416154331205	0.220524136013882	0.484860968582254	0.271141798253906	0.469500657030223	0.467287336714998	0.440022632968691	0.269442838370565	0.421689771274424	0.165817034516002	0.501215421450245	0.207709080678061	0.243722304283604	0.368432104070631	0.239957106515018	0.213726143115021
ZB_5	0.549192912394919	0.00870881578918584	0.514315576243427	0.229142549092463	0	0.463040312663783	0.343832617590071	0.206672236212869	0.20408705524288	0.248747633192244	0.0411560077191319	0.440156003611906	0.544245849213651	0.24477954447085	0.234456307294402	0.224742949377868	0.191711646111136	0.349851683126304	0.340140604427371	0.032792049404646	0.353180680669636	0.440900753012347	0.273729102083968	0.393176104861434	0.531982993146714	0.464762867940597	0.379725154484199	0.505969703673317	0.437132289657547	0.412201959665559	0.153860950223343	0.343139906425664	0.459577504571335	0.438828879289323	0.029616336739676	0.477952240288866	0.36667113148605	0.388132675387099	0.414022046582648	0.252671278626979	0.354570291686978	0.212564198114288	0.393779155427117	0.294669220685789	0.294840645991139	0.381131332962868	0.790151872922837	0.530898996174744	0.581673176082254	0.0286793707601674	0.57133062504747	0.398521019897839	0.534397606048435	0.422311166884249	0.367351334543635	0.410123689596887	0.340140604427371	0.261282942194113	0.453522185975136	0.30128745514651	0.0577913493348499	0.468756890511307	0.176517984996474	0.0201460027982398
ZB_6	0.612708117614187	0.457260620420418	0.639978737979526	0.523633994988469	0.463040312663783	0	0.564844664021568	0.420961152901096	0.474253992467191	0.512425988975994	0.434802429183889	0.113263841266915	0.204731875489129	0.458550686671551	0.565195055627952	0.45989951749114	0.336653643848424	0.440040884119075	0.169350813329871	0.473243698015799	0.571578221170965	0.566705168707785	0.396876793759878	0.557968087581429	0.199153807628687	0.0984131749915357	0.219896264019603	0.623441598919509	0.625653187683659	0.0624680258188112	0.419911770697111	0.17223062772801	0.122204966245519	0.106593482333628	0.442961653099416	0.549029570660502	0.549265363485371	0.207268705607426	0.605366816725164	0.498021293832812	0.183205643938628	0.410163787477295	0.559866951507753	0.522554938035007	0.434436123583903	0.599759751733097	0.881127826753546	0.206362102268257	0.62965247655905	0.470514277915943	0.622873431858913	0.575454572743488	0.674570141035298	0.273501845164874	0.187223998662853	0.550998675359082	0.169350813329871	0.457358916161201	0.0865000785792865	0.549866721183862	0.450008783506172	0.551139748206926	0.436396064668316	0.476293970159308
ZB_7	0.457392300562461	0.349547058450351	0.277593074375577	0.254354272825996	0.343832617590071	0.564844664021568	0	0.327269024966911	0.193873124739121	0.152183297937377	0.370837847445577	0.513579377982209	0.577396587213127	0.27652390652851	0.278090345618363	0.227559672877287	0.449575709557272	0.234454877688115	0.479982790674084	0.340488935119667	0.0997257910862793	0.322833385352893	0.281621164532496	0.113663361223014	0.57579965991229	0.545322830284779	0.518051894444123	0.336378176976914	0.219725608871786	0.535787384917543	0.275932185229199	0.483221781689907	0.535793106315746	0.5504179429769	0.363265891745115	0.245283301524144	0.0600353586446068	0.469934021069515	0.159785581729184	0.220504884627559	0.476763026251715	0.266651210627178	0.210251686254629	0.173060465446835	0.300274035113571	0.251636627426927	0.684187231759657	0.585677320092314	0.409054885559853	0.336292450345317	0.369759945916908	0.175989895140571	0.341346185221199	0.452333494802544	0.499532599223639	0.195472958786696	0.479982790674084	0.255618518451951	0.522848543225679	0.11043709489779	0.356577757196214	0.289085579697209	0.256744832482183	0.330341679185069
ZB_8	0.538390830271102	0.212949491576629	0.507527714576173	0.235321939905708	0.206672236212869	0.420961152901096	0.327269024966911	0	0.216887230576413	0.258038445611082	0.184397655896389	0.403420609270227	0.490703143660316	0.114962879370171	0.253195192375824	0.204547921886738	0.181806233293101	0.225334686262315	0.308322820507686	0.202210548689764	0.351107881006537	0.311527738053391	0.145881940066679	0.378113813686208	0.486165401176232	0.431258065747776	0.348263816842066	0.522044153084756	0.4678162814468	0.385724639194014	0.18351420792269	0.311413257507492	0.423291027867463	0.424574984889524	0.228060736140109	0.347672432322364	0.351028621649204	0.345770859947556	0.410174632905641	0.274421295300686	0.323190959637424	0.223598266017122	0.378624483256966	0.291633580526058	0.153412983576701	0.331303098521443	0.784854689638789	0.478935875288514	0.462155976258097	0.198404842154273	0.450592214667919	0.329900335984253	0.552541042840612	0.363291197523562	0.336360359638759	0.427235839878509	0.308322820507686	0.229699856276465	0.406815347758069	0.298360721928372	0.220686492731033	0.32833240947091	0.164647928768377	0.191892476541487
ZB_9	0.44651856277248	0.210984609356292	0.406611412481507	0.217286844986098	0.20408705524288	0.474253992467191	0.193873124739121	0.216887230576413	0	0.0937369051384574	0.236688646046344	0.467367823797818	0.55795437048701	0.201516169049818	0.279554268251405	0.118741090967496	0.3318191957496	0.209998029968796	0.362175860422573	0.199162226452056	0.196316394157342	0.417942505432164	0.184940496310888	0.248978374587924	0.539570892976654	0.481248341162513	0.400323215543237	0.426301357081394	0.342127085863477	0.436913871468845	0.122173918308529	0.360103240567718	0.483899194399831	0.494135529249233	0.227546199109584	0.372022407203811	0.225847429474999	0.414003214506203	0.28753520880469	0.129783140236668	0.372487195818441	0.161055780935485	0.248481777262294	0.135978818684013	0.313680531162251	0.355625235043746	0.739260262628977	0.544189523698769	0.489016052690892	0.194986684908749	0.476237891959408	0.258322022954578	0.460029532456276	0.430715239960496	0.391561134206508	0.312637042598082	0.362175860422573	0.174496348973141	0.459644225765246	0.141277155305293	0.219471751747009	0.351690132773901	0.1193678960855	0.187805315287052
ZB_10	0.409616050189805	0.255290151665963	0.365796431212861	0.168398868814958	0.248747633192244	0.512425988975994	0.152183297937377	0.258038445611082	0.0937369051384574	0	0.2796661813996	0.487480326456484	0.559616004900124	0.227944072002315	0.241224983815126	0.115625616992092	0.369813919392221	0.199830532053471	0.404627279929624	0.244311307740729	0.156932395398768	0.392644025783235	0.198078457415043	0.196583775953646	0.56688095308307	0.524516680269333	0.42660321784845	0.387786090636279	0.296444316026468	0.474657788793914	0.171007773080595	0.407866270945446	0.50887912187277	0.5319854948686	0.270996976264101	0.33157400331168	0.187230013610273	0.435500997119433	0.237760406173188	0.112515452089769	0.400465713400328	0.160381895716128	0.195568305757316	0.0978648353453468	0.299681797897938	0.314164687420477	0.720668930510187	0.561685483544235	0.455944346824447	0.240114822966379	0.442284117950266	0.20763461083644	0.422533921894534	0.448220183763126	0.423679878880703	0.266549175165464	0.404627279929624	0.160799248508855	0.496974956999258	0.0885219384756818	0.263339666492108	0.309958471011918	0.149039987801433	0.233301727652118
ZB_11	0.566862679504903	0.032732251074923	0.533853854267927	0.260053066584751	0.0411560077191319	0.434802429183889	0.370837847445577	0.184397655896389	0.236688646046344	0.2796661813996	0	0.411411495734138	0.524421776707303	0.221730485666261	0.265963029420727	0.211423625233343	0.171578981574757	0.326294390067335	0.308641455471216	0.0560271862409859	0.37980118156888	0.416686360700162	0.25098450829828	0.417760197960408	0.51187539810035	0.436004802375165	0.358250032626454	0.525779763365089	0.460297677489251	0.383964076185664	0.141521602360026	0.311640757469509	0.439895899067614	0.410084371411555	0.0524789559759639	0.452602616037874	0.392210280141315	0.356633526430944	0.424778667434066	0.282638320506503	0.323071142730822	0.199654301344247	0.418502784580803	0.323697819683786	0.272283990143004	0.406107928313389	0.79878838406067	0.501280669054406	0.553601932744399	0.0520491248264888	0.545109570989311	0.38239322965435	0.553559941767952	0.389505092110012	0.335852185587479	0.433777066741435	0.308641455471216	0.247637930893075	0.425284302495242	0.330043674035955	0.0951381402372544	0.443628853968402	0.163827803951192	0.0604728814706978
ZB_12	0.650894674947337	0.43427261616402	0.614465614549876	0.493915020649333	0.440156003611906	0.113263841266915	0.513579377982209	0.403420609270227	0.467367823797818	0.487480326456484	0.411411495734138	0	0.134807671025993	0.460005006624619	0.548789623509771	0.424440121351592	0.311501793391276	0.430600398793625	0.174286305176358	0.450542450982855	0.528624668482958	0.517509165418942	0.371510389708204	0.53060027492499	0.135384610337203	0.13637911580031	0.209904611987311	0.603406149054564	0.57654467333413	0.0596250852824038	0.39454035694984	0.177166119574497	0.0415196214494363	0.12951173987181	0.419717106750747	0.521325590043963	0.497134451660889	0.145232284140891	0.555697093461279	0.457217670275996	0.178767308494858	0.402777051368001	0.569146947278457	0.51388443366953	0.427123227688456	0.574367312202193	0.842127545124915	0.158512231652521	0.603780664355633	0.447764061532459	0.596847564781979	0.508284522718519	0.649719089931068	0.199381400167351	0.192182064423613	0.52333944296131	0.174286305176358	0.42166588368092	0.111659671869096	0.489984652445257	0.426890671852994	0.507133986797891	0.400318220772443	0.453647448980346
ZB_13	0.643243627585298	0.546879967943832	0.602234853100339	0.553664815965028	0.544245849213651	0.204731875489129	0.577396587213127	0.490703143660316	0.55795437048701	0.559616004900124	0.524421776707303	0.134807671025993	0	0.54723294841339	0.605429704136082	0.51558966113046	0.39573852158045	0.522677554605175	0.265337888374538	0.543559887120363	0.596042155273939	0.515690511404497	0.448280778846637	0.593202803407573	0.161396771041354	0.195726488896702	0.27824266429553	0.569897851535501	0.629463971684501	0.151043138454909	0.485014770146051	0.268217702772677	0.152233729945296	0.232106030573649	0.53258100062283	0.556706323945445	0.55429197850553	0.229849232961075	0.610046097870636	0.537720226023786	0.260097258186998	0.493264146720488	0.61036164578209	0.574385139318885	0.501550505979187	0.606731892911211	0.834551325318788	0.212288345179453	0.574097360421633	0.540793806333148	0.566829126089769	0.535994157550912	0.660462582039805	0.296607186734226	0.245628657421822	0.587401732767532	0.265337888374538	0.504236925308944	0.167717952172983	0.550073980202291	0.511293051010758	0.5320203754119	0.491430361598302	0.53808823986467
ZB_14	0.500392835060413	0.250868292880505	0.465909063790894	0.237523561822598	0.24477954447085	0.458550686671551	0.27652390652851	0.114962879370171	0.201516169049818	0.227944072002315	0.221730485666261	0.460005006624619	0.54723294841339	0	0.253069703602033	0.195710302977804	0.247362068582515	0.143683880190248	0.36741658156284	0.240636657753128	0.292989201770266	0.253835742207835	0.193600658736292	0.32492827403665	0.529303087472393	0.449994764340627	0.394781871501856	0.482470312342911	0.408396900656963	0.43853398987745	0.223616282684161	0.36545556195348	0.475854729485183	0.44734127039041	0.265518213623385	0.300962612869232	0.303371915056438	0.408074058910192	0.359671265468367	0.267363346593746	0.368228901913127	0.230909835601278	0.325070821529745	0.224442591646271	0.158743807707255	0.311835945671069	0.766115226823293	0.533519138163727	0.415378947885456	0.236757617774256	0.40273801442303	0.312094383943969	0.514422625877734	0.423732150077678	0.395454120693913	0.379862668161435	0.36741658156284	0.24466133950631	0.437264603229394	0.284267764955967	0.258370423834155	0.310429886967925	0.222499636398895	0.230436365527643
ZB_15	0.490960734482208	0.241123286292748	0.472928139181075	0.211694788235499	0.234456307294402	0.565195055627952	0.278090345618363	0.253195192375824	0.279554268251405	0.241224983815126	0.265963029420727	0.548789623509771	0.605429704136082	0.253069703602033	0	0.277162692480631	0.357825678087213	0.326216506594388	0.466991396169994	0.229855756996746	0.285296710186125	0.363171701132061	0.330619785929635	0.31814467561272	0.630775995475535	0.55491352780211	0.485870660997024	0.471013383626784	0.425724163903215	0.52751937868896	0.280457244547749	0.470081833169801	0.569550216654643	0.560384614219089	0.257128907086506	0.434827496143857	0.317499773436387	0.505599072144154	0.333813557952789	0.263569164749754	0.472304876410532	0.297501753750764	0.324631430802816	0.261345346692718	0.242432808858612	0.303801077724475	0.729191525087478	0.58767218163363	0.532273225166874	0.225659272222396	0.538198980236821	0.382093878074737	0.526264624845794	0.52186710022926	0.485557160128963	0.357190978628138	0.466991396169994	0.261820566318927	0.520302371477463	0.28747525480773	0.249325929740889	0.464981031839327	0.252886333654557	0.218716569109463
ZB_16	0.473930772506768	0.231225856864685	0.436825775476156	0.253853950457949	0.224742949377868	0.45989951749114	0.227559672877287	0.204547921886738	0.118741090967496	0.115625616992092	0.211423625233343	0.424440121351592	0.51558966113046	0.195710302977804	0.277162692480631	0	0.300621610898029	0.196506123227722	0.326786560635766	0.220221956662341	0.238564213939085	0.40951410306797	0.168643984254821	0.287702963030915	0.511179743981757	0.461684833454375	0.369238853835605	0.454890004752957	0.375908805997041	0.40544894471596	0.0822188581731928	0.330025551651588	0.445322086382238	0.487503233439814	0.24680809028721	0.345194496197578	0.257213658061966	0.366189960083534	0.324317635592658	0.124396375358274	0.342369395382514	0.12267258886263	0.287548940018292	0.16968451570667	0.284393219237805	0.386541033204033	0.752966757765008	0.522151304055413	0.469554845454947	0.216195726199196	0.457003387030965	0.230580985732545	0.487756971636371	0.385756063418076	0.356171834419701	0.346851323428122	0.326786560635766	0.117089493246395	0.435991077059194	0.177475502166616	0.239208251743019	0.324184089311435	0.0581506668018988	0.209455737789903
ZB_17	0.584181294257743	0.197527227248575	0.591037100748693	0.312525453724204	0.191711646111136	0.336653643848424	0.449575709557272	0.181806233293101	0.3318191957496	0.369813919392221	0.171578981574757	0.311501793391276	0.39573852158045	0.247362068582515	0.357825678087213	0.300621610898029	0	0.31269020873905	0.199157215572402	0.18751986945424	0.457417307791987	0.393268970195947	0.233796621966842	0.468646565320735	0.402567380736468	0.366145899118891	0.234962318493538	0.551125887640782	0.552305101715742	0.2858152908502	0.239816659138535	0.202156517570695	0.330161892161089	0.310174669068693	0.21156164821408	0.466269650275085	0.458700870388686	0.24714928653213	0.507763099138699	0.332805129989856	0.213586902832008	0.249437241297603	0.478628127568512	0.408335122807277	0.258293412357171	0.452876363394027	0.823969448126236	0.445587163840739	0.559829439131367	0.184065111167874	0.550477974661049	0.451728631829928	0.632539935375233	0.310972235300337	0.226367945688665	0.493966231283848	0.199157215572402	0.292758554302512	0.327135517159777	0.413886811453621	0.144536427518901	0.450445764130056	0.259441017704685	0.178052040370532
ZB_18	0.467112737655966	0.354991292467836	0.428782012987517	0.245352026821091	0.349851683126304	0.440040884119075	0.234454877688115	0.225334686262315	0.209998029968796	0.199830532053471	0.326294390067335	0.430600398793625	0.522677554605175	0.143683880190248	0.326216506594388	0.196506123227722	0.31269020873905	0	0.350659253597956	0.346884871920365	0.240138270820089	0.306056668410483	0.141009067878874	0.275365849824738	0.520921322109967	0.469199781696081	0.378742960944596	0.384641298683525	0.353515014024305	0.426674358611531	0.242936850171116	0.348549210343006	0.447789936632272	0.445168094377283	0.367364189499762	0.234949866336991	0.257669853231921	0.372352311220481	0.312994459950056	0.195739497310986	0.35135831534659	0.182506756519603	0.268227474424909	0.188476362778258	0.217002469660235	0.366022552964181	0.74388470219402	0.531373459023456	0.359902121595095	0.34308272896788	0.345968832316137	0.27638530944474	0.4693765427393	0.416257208808663	0.371706322349281	0.269271919055968	0.350659253597956	0.152291696814655	0.424992792388763	0.259882575249736	0.361326197152082	0.274595730834982	0.22446250172644	0.337750801770521
ZB_19	0.582764790138916	0.333693400725857	0.586775052773517	0.421689771274424	0.340140604427371	0.169350813329871	0.479982790674084	0.308322820507686	0.362175860422573	0.404627279929624	0.308641455471216	0.174286305176358	0.265337888374538	0.36741658156284	0.466991396169994	0.326786560635766	0.199157215572402	0.350659253597956	0	0.351522404883097	0.487391195610922	0.492916357956707	0.276123984098863	0.498000115428405	0.279991976327055	0.200938583137536	0.0884304010437526	0.575923033738324	0.553923428993167	0.114900240554691	0.281811456444141	0.00323899101582244	0.204256900591979	0.234314445902063	0.317743009051349	0.495754508266248	0.470271064372323	0.0518273540836296	0.524566137852997	0.369662966545	0.0155828347467483	0.290900568922126	0.50743026637728	0.441020457061508	0.348645347323735	0.552672593897889	0.833693901357683	0.315367666153006	0.582614383428678	0.348477757066255	0.57531091340596	0.482016779092768	0.631006867990129	0.156611861492909	0.0293852737839355	0.497875942446697	0	0.331828683259208	0.159156394758489	0.446265453852248	0.325604030595472	0.480804780834687	0.300351706853824	0.35492496076777
ZB_20	0.542448291424338	0.0240832336154602	0.512963834627756	0.224607071731534	0.032792049404646	0.473243698015799	0.340488935119667	0.202210548689764	0.199162226452056	0.244311307740729	0.0560271862409859	0.450542450982855	0.543559887120363	0.240636657753128	0.229855756996746	0.220221956662341	0.18751986945424	0.346884871920365	0.351522404883097	0	0.342990805040864	0.438896373920499	0.26998984138479	0.390445183074349	0.546969268092434	0.475154214202492	0.397012546047191	0.49839829209308	0.459783016982139	0.422405345017574	0.14851040104421	0.35452170688139	0.479026854316331	0.449215326660272	0.0446664896396358	0.476276921736352	0.363655430057021	0.399514475842825	0.397391482921646	0.248398859384128	0.365952092142703	0.207989882176174	0.384320455383031	0.290760590543623	0.291379320574409	0.378275785915296	0.786845963139467	0.537414020598404	0.581106366049394	0.00419648477434966	0.565055746596156	0.395892311482424	0.562535685143823	0.43416520768185	0.37873313499936	0.438568769671751	0.351522404883097	0.257236411539538	0.463725571327152	0.297454876627812	0.0514182609273995	0.46699308375425	0.17141949509662	0.0130827645013103
ZB_21	0.451930468204053	0.35881371097057	0.313917341894715	0.244283441930762	0.353180680669636	0.571578221170965	0.0997257910862793	0.351107881006537	0.196316394157342	0.156932395398768	0.37980118156888	0.528624668482958	0.596042155273939	0.292989201770266	0.285296710186125	0.238564213939085	0.457417307791987	0.240138270820089	0.487391195610922	0.342990805040864	0	0.352426382707027	0.291855520657164	0.122555444445523	0.597040636566637	0.567438712097734	0.511870192667911	0.354448308917511	0.186281970684578	0.542400771874058	0.286247589176131	0.485725465012431	0.539963105595651	0.576169386737154	0.372337099440652	0.279430521154227	0.153546112474286	0.486783702012791	0.129286908723654	0.205791833339282	0.488167253343884	0.277098835617621	0.208565933877549	0.153324050465048	0.325548201709965	0.260079864508177	0.679637011741337	0.597709842518999	0.417923192269244	0.345747934124118	0.393607774021054	0.211879836140191	0.377206819732928	0.476051952953016	0.506989886186591	0.204177203044381	0.487391195610922	0.246258867412858	0.541458800629077	0.0958185378467765	0.365744247140341	0.321398493160039	0.267333588303374	0.339881940393637
ZB_22	0.490358331037698	0.445289455004338	0.435588198817677	0.349410919135263	0.440900753012347	0.566705168707785	0.322833385352893	0.311527738053391	0.417942505432164	0.392644025783235	0.416686360700162	0.517509165418942	0.515690511404497	0.253835742207835	0.363171701132061	0.40951410306797	0.393268970195947	0.306056668410483	0.492916357956707	0.438896373920499	0.352426382707027	0	0.370712063609354	0.349620097090747	0.577739334437347	0.535323624776476	0.479507926288813	0.414672958129358	0.364664872627895	0.545094041353046	0.441409934065565	0.491344389838906	0.526755203541905	0.532830352180998	0.455856667872319	0.244837323650453	0.332718210781994	0.46653640758803	0.353947792107145	0.420370006713279	0.48526317929121	0.435244923356595	0.348531341176597	0.360820069648509	0.216514945199349	0.237682544590777	0.739305879918408	0.531484746282385	0.308165367161043	0.435121508500475	0.293354654238719	0.264575987610791	0.464668997438039	0.443819837878573	0.478288861495778	0.349743310599511	0.492916357956707	0.405709752391168	0.524849775542849	0.355956543139712	0.40784557657965	0.26268835848467	0.428688359063157	0.430569780386601
ZB_23	0.524682536811259	0.279440348922654	0.475088479697164	0.214030826334068	0.273729102083968	0.396876793759878	0.281621164532496	0.145881940066679	0.184940496310888	0.198078457415043	0.25098450829828	0.371510389708204	0.448280778846637	0.193600658736292	0.330619785929635	0.168643984254821	0.233796621966842	0.141009067878874	0.276123984098863	0.26998984138479	0.291855520657164	0.370712063609354	0	0.336667426032976	0.442905091414253	0.440189908496079	0.317106442405635	0.463867969126643	0.418645057431051	0.353805273535992	0.147170582961253	0.279362975114685	0.392139343601322	0.419480404451012	0.293191343420662	0.313266989976436	0.308004985412005	0.315139178936794	0.370819217227272	0.186630570205431	0.280435184451662	0.138803074770346	0.336896848548611	0.257853748209794	0.220681673291431	0.425967998154081	0.770256100507369	0.478160636032525	0.425714340857113	0.266208020276998	0.41331239429814	0.284431021985987	0.522834131938945	0.344127527319628	0.294328694534668	0.342889021792832	0.276123984098863	0.130846761883739	0.381029177383977	0.235042280744141	0.286480491511798	0.282756704518	0.126359283642558	0.260284222949543
ZB_24	0.422095934578598	0.398375471076799	0.258048838943332	0.262207852193995	0.393176104861434	0.557968087581429	0.113663361223014	0.378113813686208	0.248978374587924	0.196583775953646	0.417760197960408	0.53060027492499	0.593202803407573	0.32492827403665	0.31814467561272	0.287702963030915	0.468646565320735	0.275365849824738	0.498000115428405	0.390445183074349	0.122555444445523	0.349620097090747	0.336667426032976	0	0.574010867866877	0.545412550280504	0.488466033942681	0.319714787994948	0.252037055547853	0.551871216935017	0.331508638007232	0.496368858686402	0.516818748220791	0.554921241948888	0.410863773931664	0.226247105937337	0.167115107377212	0.488710676921955	0.168237164254929	0.240239726027397	0.490053706608773	0.323095736823625	0.160552728872385	0.181183122914424	0.354113106037786	0.20615449039477	0.718050737716467	0.596092218716216	0.365638834999751	0.386317832350526	0.349535883379018	0.206779817360022	0.318435056252617	0.439829800352081	0.517668805619372	0.139668786837015	0.498000115428405	0.29524486535654	0.5512333384897	0.157932640226058	0.404774478197359	0.275209357968895	0.31412019600001	0.38090703118598
ZB_25	0.628933149322198	0.534736518530232	0.600603250872099	0.558505220269926	0.531982993146714	0.199153807628687	0.57579965991229	0.486165401176232	0.539570892976654	0.56688095308307	0.51187539810035	0.135384610337203	0.161396771041354	0.529303087472393	0.630775995475535	0.511179743981757	0.402567380736468	0.520921322109967	0.279991976327055	0.546969268092434	0.597040636566637	0.577739334437347	0.442905091414253	0.574010867866877	0	0.186420717048864	0.266370274504909	0.61529535282091	0.637361195740545	0.165756207075824	0.48693233764092	0.277912498343067	0.117668165363098	0.192581094135292	0.52018100911696	0.55422948699248	0.566290560939231	0.275732714849068	0.639355689111895	0.540412641551908	0.269876235242917	0.501059051702138	0.61815016587441	0.594607938331298	0.503985256201775	0.626913652555315	0.877981564700912	0.214316566537087	0.613885123261535	0.548227963898672	0.581508000678967	0.571027678797253	0.644284620323735	0.23778643355019	0.296188779524172	0.573887606117949	0.279991976327055	0.502265238879736	0.176714766707117	0.56624281196453	0.518639154414497	0.53686202374561	0.492605767291793	0.545554283675502
ZB_26	0.617095678654828	0.458876705523323	0.596240866183175	0.545816496857698	0.464762867940597	0.0984131749915357	0.545322830284779	0.431258065747776	0.481248341162513	0.524516680269333	0.436004802375165	0.13637911580031	0.195726488896702	0.449994764340627	0.55491352780211	0.461684833454375	0.366145899118891	0.469199781696081	0.200938583137536	0.475154214202492	0.567438712097734	0.535323624776476	0.440189908496079	0.545412550280504	0.186420717048864	0	0.219055835994643	0.621070431921363	0.610769324883562	0.0863846349600871	0.420907081400106	0.19863078854416	0.131449601975647	0.108867720961023	0.444314330831603	0.523810650447585	0.536169749835581	0.237949505069656	0.594520974777789	0.519409958554301	0.20034799783677	0.459580747538863	0.538456869327407	0.522428056790309	0.438719107384964	0.580771474335217	0.862953503842644	0.174710925902504	0.610939599691785	0.472374514291797	0.585039337785464	0.565956013595857	0.639459455764643	0.235223998055713	0.208841669363479	0.57490422238378	0.200938583137536	0.483709752514905	0.0844922147487793	0.556448411427986	0.451491279430812	0.517449971258475	0.437717042106565	0.478260676709072
ZB_27	0.542289244464909	0.383804393255327	0.568316783029103	0.43835225781619	0.379725154484199	0.219896264019603	0.518051894444123	0.348263816842066	0.400323215543237	0.42660321784845	0.358250032626454	0.209904611987311	0.27824266429553	0.394781871501856	0.485870660997024	0.369238853835605	0.234962318493538	0.378742960944596	0.0884304010437526	0.397012546047191	0.511870192667911	0.479507926288813	0.317106442405635	0.488466033942681	0.266370274504909	0.219055835994643	0	0.534783776524308	0.570359620544799	0.193524460540167	0.322958921070723	0.0854682408923186	0.194657249824252	0.242709904278179	0.367534117359421	0.48864249482392	0.507998522681189	0.129429190128643	0.543979951531174	0.394371789011293	0.086740519677174	0.33231172907271	0.477159180143168	0.456812554944399	0.389701053079241	0.532510209691706	0.840134070053673	0.282168007797297	0.547363792773848	0.398885249043095	0.548266964594472	0.499833905030383	0.613727843811414	0.156555589643915	0.0960282357936452	0.473828597753581	0.0884304010437526	0.368991170256947	0.237780614743966	0.479269180296328	0.3647988878468	0.451126694964993	0.342037065698212	0.3949058461211
ZB_28	0.403801294749661	0.510157970279951	0.292715543525938	0.413866789316066	0.505969703673317	0.623441598919509	0.336378176976914	0.522044153084756	0.426301357081394	0.387786090636279	0.525779763365089	0.603406149054564	0.569897851535501	0.482470312342911	0.471013383626784	0.454890004752957	0.551125887640782	0.384641298683525	0.575923033738324	0.49839829209308	0.354448308917511	0.414672958129358	0.463867969126643	0.319714787994948	0.61529535282091	0.621070431921363	0.534783776524308	0	0.394004538397229	0.626958297115365	0.456352648384451	0.574544988779343	0.590353669198404	0.603994031072756	0.520220845126827	0.377039406095592	0.347543904301349	0.552742880647202	0.362032725906204	0.377855386287688	0.569210106009704	0.401949927364836	0.321468946456537	0.350398830800655	0.511742856241294	0.350408692612873	0.701525146648716	0.613876328076174	0.32286198314266	0.500446299622328	0.276396026522995	0.35164115526559	0.350434159454927	0.571429979440214	0.563084141619263	0.265102946716679	0.575923033738324	0.401598583132209	0.616574145576229	0.367455156525116	0.515313637196914	0.392906520780444	0.474452606736344	0.496089573949771
ZB_29	0.464736910856354	0.4420342008606	0.304903124310002	0.353666228646518	0.437132289657547	0.625653187683659	0.219725608871786	0.4678162814468	0.342127085863477	0.296444316026468	0.460297677489251	0.57654467333413	0.629463971684501	0.408396900656963	0.425724163903215	0.375908805997041	0.552305101715742	0.353515014024305	0.553923428993167	0.459783016982139	0.186281970684578	0.364664872627895	0.418645057431051	0.252037055547853	0.637361195740545	0.610769324883562	0.570359620544799	0.394004538397229	0	0.601793233299871	0.414141317890213	0.552473895962845	0.587127738124538	0.607412659575159	0.453802369306939	0.315086078587021	0.23344414893617	0.529540772001793	0.246283907472125	0.351550489332183	0.546862258449064	0.406797240580829	0.290409510218643	0.251910301024505	0.437963558363957	0.320518412552197	0.663371061019602	0.621822666120183	0.370697080400368	0.462004755831581	0.410305940650962	0.21679002600898	0.281089673842885	0.511518513807883	0.557425862474267	0.229104402047342	0.553923428993167	0.371309224956414	0.583276421515608	0.245022947397504	0.478129303740926	0.377847597158501	0.398962793516726	0.457278292455786
ZB_30	0.633041360790052	0.406422267422193	0.631119451569743	0.48134796520528	0.412201959665559	0.0624680258188112	0.535787384917543	0.385724639194014	0.436913871468845	0.474657788793914	0.383964076185664	0.0596250852824038	0.151043138454909	0.43853398987745	0.52751937868896	0.40544894471596	0.2858152908502	0.426674358611531	0.114900240554691	0.422405345017574	0.542400771874058	0.545094041353046	0.353805273535992	0.551871216935017	0.165756207075824	0.0863846349600871	0.193524460540167	0.626958297115365	0.601793233299871	0	0.365461197921931	0.11778005495283	0.0897163081813342	0.123756394339341	0.392123300101192	0.549866592560096	0.527117852866191	0.160980380875669	0.575586360435834	0.437306309414709	0.128755071163448	0.373542404956017	0.560289390322535	0.507015271413177	0.415668169651679	0.598701504781408	0.851540703710585	0.208484878641947	0.627405276033966	0.419675924917718	0.620885563113662	0.537603099986105	0.670604619066726	0.247118352461051	0.141026936838455	0.5517603693255	0.114900240554691	0.40993193872775	0.0522736072474292	0.505688355848929	0.399170430507948	0.536521164867865	0.381945491893136	0.425455617161084
ZB_31	0.505081951358795	0.160999510459426	0.465356093996859	0.257906062874251	0.153860950223343	0.419911770697111	0.275932185229199	0.18351420792269	0.122173918308529	0.171007773080595	0.141521602360026	0.39454035694984	0.485014770146051	0.223616282684161	0.280457244547749	0.0822188581731928	0.239816659138535	0.242936850171116	0.281811456444141	0.14851040104421	0.286247589176131	0.441409934065565	0.147170582961253	0.331508638007232	0.48693233764092	0.420907081400106	0.322958921070723	0.456352648384451	0.414141317890213	0.365461197921931	0	0.285050447459963	0.415087658857755	0.44814174787894	0.178153284065432	0.384122969655217	0.302651861155515	0.33363881052777	0.353967040414443	0.177614645940625	0.297394291190889	0.0821406917556154	0.331700275683908	0.221681342658433	0.287158271670791	0.421796224121286	0.768436714655861	0.490579285557632	0.501045778793545	0.14444766198011	0.489284773049875	0.278764294480918	0.519137542075912	0.368221658528027	0.311196730228076	0.385710584032797	0.281811456444141	0.126485735286819	0.409717352125729	0.228984434357406	0.169787739113294	0.364361640643422	0.0373765030854559	0.137023417422144
ZB_32	0.581408977577987	0.33669270272415	0.585432271625864	0.419891895521386	0.343139906425664	0.17223062772801	0.483221781689907	0.311413257507492	0.360103240567718	0.407866270945446	0.311640757469509	0.177166119574497	0.268217702772677	0.36545556195348	0.470081833169801	0.330025551651588	0.202156517570695	0.348549210343006	0.00323899101582244	0.35452170688139	0.485725465012431	0.491344389838906	0.279362975114685	0.496368858686402	0.277912498343067	0.19863078854416	0.0854682408923186	0.574544988779343	0.552473895962845	0.11778005495283	0.285050447459963	0	0.201958689736372	0.23709744556095	0.320742311049642	0.494115954387461	0.473510055388146	0.0550663450994521	0.523021207830422	0.367614676162553	0.0123839552507233	0.294139559937948	0.505829653063266	0.439204043998309	0.351735784323541	0.55128587115176	0.833153487001058	0.313390357819554	0.581258082118713	0.351477059064548	0.573930879352062	0.480333584240899	0.629807818841228	0.153871258099665	0.032624264799758	0.496244282202582	0.00323899101582244	0.329657449761462	0.162036209156628	0.449504444868071	0.328603332593765	0.479117647574882	0.303590697869646	0.357924262766063
ZB_33	0.633129095636811	0.462757019497496	0.594763092269327	0.504118112642723	0.459577504571335	0.122204966245519	0.535793106315746	0.423291027867463	0.483899194399831	0.50887912187277	0.439895899067614	0.0415196214494363	0.152233729945296	0.475854729485183	0.569550216654643	0.445322086382238	0.330161892161089	0.447789936632272	0.204256900591979	0.479026854316331	0.539963105595651	0.526755203541905	0.392139343601322	0.516818748220791	0.117668165363098	0.131449601975647	0.194657249824252	0.590353669198404	0.587127738124538	0.0897163081813342	0.415087658857755	0.201958689736372	0	0.138575891617252	0.448201510084224	0.505502063273728	0.5177248482496	0.174530452261633	0.568437604135443	0.467288110261292	0.203693166231669	0.423376652375849	0.563869576915539	0.531825367910166	0.454330653941486	0.560930587562793	0.856798236002144	0.143438153500686	0.59068285270318	0.476248464865935	0.583520565848103	0.517816985222472	0.646457690190015	0.196314707645212	0.220468981132548	0.516697719373309	0.204256900591979	0.438683198141503	0.131218393967919	0.503049906655885	0.446233665839119	0.500058809792086	0.421045953603115	0.473148795100123
ZB_34	0.6392873422755	0.432945491841437	0.619602768354986	0.511974777085624	0.438828879289323	0.106593482333628	0.5504179429769	0.424574984889524	0.494135529249233	0.5319854948686	0.410084371411555	0.12951173987181	0.232106030573649	0.44734127039041	0.560384614219089	0.487503233439814	0.310174669068693	0.445168094377283	0.234314445902063	0.449215326660272	0.576169386737154	0.532830352180998	0.419480404451012	0.554921241948888	0.192581094135292	0.108867720961023	0.242709904278179	0.603994031072756	0.607412659575159	0.123756394339341	0.44814174787894	0.23709744556095	0.138575891617252	0	0.418389982428165	0.52203817474711	0.536709989147848	0.262558951262911	0.602587319229393	0.519184757303485	0.238944120671923	0.438863239939516	0.552079668679874	0.52073966142665	0.424725882521742	0.577449830565883	0.87228534701049	0.207186851711883	0.622423015687308	0.446436937209876	0.597447722744046	0.563474494245273	0.650240540029773	0.267321027225826	0.251871204951844	0.543140505063562	0.234314445902063	0.477288568324388	0.122823602100711	0.563175677258818	0.425563547530411	0.531649472427226	0.464367875909381	0.452320324657763
