ZB_1	ZB_2	ZB_3	ZB_4	ZB_5	ZB_6	ZB_7	ZB_8	ZB_9	ZB_10	ZB_11	ZB_12	ZB_13	ZB_14	ZB_15	ZB_16	ZB_17	ZB_18	ZB_19	ZB_20	ZB_21	ZB_22	ZB_23	ZB_24	ZB_25	ZB_26	ZB_27	ZB_28	ZB_29	ZB_30	ZB_31	ZB_32	ZB_33	ZB_34	ZB_35	ZB_36	ZB_37	ZB_38	ZB_39	ZB_40	ZB_41	ZB_42	ZB_43	ZB_44	ZB_45	ZB_46	ZB_47	ZB_48	ZB_49	ZB_50	ZB_51	ZB_52	ZB_53	ZB_54	ZB_55	ZB_56	ZB_57	ZB_58	ZB_59	ZB_60	ZB_61	ZB_62	ZB_63	ZB_64
ZB_1	0	0.442152108978395	0.542315739303225	0.551323017129416	0.52556829200354	0.603503130514228	0.431941418962014	0.567711172496585	0.629388252020927	0.389644428428577	0.525042892515647	0.536018507215611	0.580165781179571	0.670863706383979	0.709510681062237	0.658959514572764	0.435422968668324	0.634407628462077	0.502114700278888	0.527260272769586	0.491218643853985	0.589039964093277	0.503660496188823	0.548753600095435	0.58099942934509	0.567703958530635	0.579013618407374	0.359128163838309	0.6754230214128	0.566420049651569	0.55651392104058	0.562589009152249	0.526134861090649	0.596446600612626	0.609224777268612	0.498722652273295	0.566386057853541	0.515427957628622	0.35175389370843	0.557349544991443	0.506112532325634	0.666756442771474	0.528193296330885	0.456844290276906	0.542450698905323	0.455896949983607	0.419889824091652	0.431510734010713	0.53161368601329	0.493303968238292	0.574211826341977	0.597543577863984	0.420655250717972	0.4699039328292	0.595917254682306	0.342917616086323	0.507458706998271	0.464471678045049	0.538676684519273	0.575683148623909	0.588110762602342	0.787821845242278	0.585570712252359	0.593648631221832
ZB_2	0.442152108978395	0	0.735972362421247	0.594728815515185	0.203592390378701	0.626378709754291	0.55778606868477	0.633383453789591	0.638828677912871	0.678705105481351	0.280721561712338	0.650078470354439	0.523632992771254	0.833899970417013	0.851292634369389	0.58995122163827	0.389682320240988	0.721363814122261	0.586148018435228	0.295781076792662	0.670064529775146	0.674851375789143	0.708344783766233	0.685948639351121	0.624236344237332	0.550378521459633	0.579474157915849	0.542663984321764	0.645723720067104	0.577609058385491	0.607335374759227	0.575009538565185	0.623307014402694	0.621884910291093	0.435705738533107	0.647763668430335	0.685952361742373	0.539487455543593	0.631686395450532	0.553245368763389	0.676300994427563	0.741252910207004	0.574946355734533	0.687343406096102	0.755411162721596	0.641910509526683	0.625485881339231	0.5226951998311	0.556053666863312	0.307050980816175	0.569906540891586	0.679349948960989	0.65921427267897	0.601596948040321	0.553145377536718	0.561040975374092	0.637737992794598	0.527053890821345	0.533632031620359	0.610912842702349	0.293285712794636	0.832932953193532	0.774622061800902	0.566347698364364
ZB_3	0.542315739303225	0.735972362421247	0	0.550124619962829	0.715830527582687	0.715873586202587	0.469111916837485	0.442580859294885	0.558067636017901	0.41014534775418	0.734354181448852	0.557468288019558	0.75509515774465	0.38360567103208	0.457594632358278	0.587921193427076	0.704031970012724	0.396042686548821	0.611005938550157	0.726711247469623	0.586639746067502	0.281857384164553	0.298574068194681	0.299018690339314	0.677861090827055	0.721708658205607	0.719362038085199	0.516272094591794	0.567348772694467	0.684077551024419	0.525384635346305	0.701870793699858	0.56498900384016	0.690693987201204	0.707759025881346	0.339408176410412	0.446008594014804	0.712293987240938	0.404200333162082	0.613233654835225	0.556929388407681	0.469373461012312	0.415957881401444	0.389010347845486	0.488479271260795	0.353268561668569	0.417299398744713	0.607709287708485	0.457908654273244	0.671440753716699	0.390174800876677	0.470454946869778	0.431792285728403	0.573674495990017	0.727291167195863	0.478312713846223	0.610403526722764	0.44272682540197	0.709315506002643	0.582330312781289	0.76864885748291	0.678711657545004	0.37208931792158	0.709875469313409
ZB_4	0.551323017129416	0.594728815515185	0.550124619962829	0	0.636017319470987	0.555984199243183	0.608993221852423	0.511818225639295	0.518150430684821	0.527827085600389	0.635068728171402	0.471341334328292	0.529057725991775	0.659917175053263	0.687836369392417	0.483466544315625	0.52695818671414	0.51143249105666	0.48328477648592	0.607832191834539	0.616989534789256	0.410151630143765	0.564995589417725	0.431288515994809	0.558668104811361	0.561081224159593	0.544454210991023	0.467969278788741	0.482176547563366	0.38719257502691	0.551761235175955	0.500437467690204	0.523754520877764	0.548283910359251	0.650234027472831	0.549034365752022	0.433528215374516	0.588817239492511	0.541410056283275	0.600971498461021	0.67528039372921	0.563517572824708	0.562910974801808	0.574168813419929	0.687031395780173	0.585324816363125	0.585591406938154	0.454295927353694	0.37819045486007	0.602033686239194	0.391242164439855	0.586200439696296	0.489932854420173	0.465157832042883	0.441132496308143	0.49852954009454	0.519109055636774	0.521856002552459	0.618282764260334	0.56104557740935	0.665782044095753	0.675113212622197	0.647210393883674	0.703621656918572
ZB_5	0.52556829200354	0.203592390378701	0.715830527582687	0.636017319470987	0	0.71088102825492	0.492982580213269	0.619928606286613	0.61057665679654	0.729509544415636	0.4008691125468	0.724068823053927	0.601994518237403	0.825446716764962	0.821439200555549	0.533121082094365	0.429906194220919	0.670596444270309	0.687160235383322	0.178639874557175	0.719219394143498	0.646739423407235	0.756705008588552	0.680139845683561	0.690816437684672	0.645634384607911	0.651117483082254	0.656761790387718	0.563574597818082	0.652869019598259	0.599779528351748	0.668064708886442	0.716233670278409	0.70254332182261	0.394937398468666	0.622013529515404	0.683909135297838	0.625509121131294	0.672169521887175	0.537366664003801	0.712299515038198	0.68917234441921	0.555856222065955	0.717777871808253	0.732595545173288	0.61590442814149	0.632344945644468	0.604342262441023	0.538014733519505	0.359692337200134	0.528088955015133	0.660577452365628	0.713837673030974	0.674175653323648	0.642393568995092	0.615608312034181	0.710339591069058	0.545862840780969	0.612454751131222	0.603615001505903	0.254349796005081	0.804668188391601	0.784778241747255	0.469721635826112
ZB_6	0.603503130514228	0.626378709754291	0.715873586202587	0.555984199243183	0.71088102825492	0	0.629408834968805	0.628460233048534	0.651299613926724	0.556030265256611	0.611318441179073	0.317310169588794	0.210197247552227	0.830791937086418	0.826871391156877	0.740791101243286	0.521219853371254	0.731642327306444	0.236922677211713	0.780805934975473	0.683574557174733	0.732214458800135	0.654886033602759	0.670349702810924	0.213279175951715	0.193326994070925	0.203815265718476	0.592568425142055	0.585256938243919	0.21242347568769	0.682378560604419	0.21037574028259	0.334430620558301	0.123063152684558	0.769321448968335	0.667602415855594	0.686958130384856	0.217239370995923	0.597065209174975	0.787506392636442	0.486628850689124	0.85431530013504	0.641797066483229	0.641743333090666	0.76590111155216	0.701108392346616	0.682426631685222	0.433832826341737	0.557786389343454	0.699157448168694	0.618030141303243	0.705613659951488	0.552109475990584	0.369040878591567	0.164633354740648	0.686839003530331	0.237967451088731	0.7361463510604	0.251744554297856	0.771778538949983	0.782424338059697	0.865474105900236	0.759327786822393	0.720476508843372
ZB_7	0.431941418962014	0.55778606868477	0.469111916837485	0.608993221852423	0.492982580213269	0.629408834968805	0	0.415069271469472	0.568168755029314	0.567929254284891	0.503002243205175	0.603719945095338	0.647160331634918	0.681858397071991	0.673350098830832	0.578248341254122	0.459877035830619	0.648307526605717	0.566339738608196	0.520524415898266	0.716706125021987	0.584525724415388	0.554431781456141	0.564405339763858	0.615634861347362	0.645068362112761	0.646753147524759	0.620960536740783	0.548508935318211	0.628720116681835	0.508798586153317	0.636329896304667	0.597909902983569	0.558666766333068	0.5918291681997	0.506243388591761	0.650610965170444	0.598941498450436	0.538271635101248	0.709929262046324	0.620823670341754	0.677621742782472	0.442896533752161	0.545015242261462	0.646792639989	0.465815480955424	0.592908398911603	0.644357713496682	0.490816317286612	0.445651947147241	0.461708821360506	0.52601544711313	0.597748759932327	0.608552654653975	0.671684773730471	0.600667980660292	0.556655232760177	0.599063994979156	0.607907724171154	0.693728727476709	0.579106726395271	0.796891816101014	0.612068490309981	0.39356893035919
ZB_8	0.567711172496585	0.633383453789591	0.442580859294885	0.511818225639295	0.619928606286613	0.628460233048534	0.415069271469472	0	0.482062707916522	0.530385947493145	0.60813205505278	0.540898953139626	0.605426443816635	0.611614516928024	0.598858948830515	0.449835301645002	0.609313240421707	0.610938154600914	0.558496320866217	0.611864885942679	0.612834080334201	0.530273241525732	0.424371022459946	0.434607776464048	0.569939957913056	0.621669470941509	0.557501216615853	0.584549529847956	0.48964493492896	0.617284121969861	0.359912998706975	0.598490661438906	0.556573527618517	0.608629373406639	0.581124115362854	0.531247354407046	0.61257040295541	0.573241558035168	0.49061335461314	0.599674722059611	0.559958195119735	0.600490044303833	0.265403382195032	0.388314516033989	0.553739454231702	0.442914930112853	0.544695429542562	0.575093099849335	0.411674616256447	0.571959901337376	0.419820590431581	0.481408605197013	0.561471081122138	0.547076796017177	0.664539594485176	0.547157099722664	0.518553142357564	0.535805257468613	0.5257885448289	0.599088233022823	0.655909376133951	0.738811503137135	0.527822152925991	0.557725849274488
ZB_9	0.629388252020927	0.638828677912871	0.558067636017901	0.518150430684821	0.61057665679654	0.651299613926724	0.568168755029314	0.482062707916522	0	0.518652566495127	0.669695741686175	0.527624662140592	0.669605950612923	0.580445133641809	0.599232787816422	0.331218868406488	0.643821367443629	0.571699746845107	0.550332309028798	0.54463571858275	0.55414983005525	0.537313822880411	0.509870874895201	0.601598494607929	0.574506470012555	0.672567840283067	0.656897722245509	0.56562371921567	0.395530673707938	0.556981176295797	0.268992748199954	0.620352189384359	0.638718851857502	0.628884379065173	0.624282529396904	0.539030652599813	0.617903835496844	0.633954324765898	0.541357399139985	0.501490720025959	0.670240873262809	0.486675065746899	0.436539286311397	0.545509658246657	0.543905447317056	0.591946998878952	0.50218304603404	0.5270415501444	0.453681068423355	0.637285659311631	0.413653478502361	0.58549932519086	0.519848809860842	0.590799556455859	0.610340979930955	0.576012305277217	0.519039788166249	0.516472089935285	0.651524995597763	0.460039435774987	0.600700485408076	0.682501366625777	0.391039326403161	0.521009129020117
ZB_10	0.389644428428577	0.678705105481351	0.41014534775418	0.527827085600389	0.729509544415636	0.556030265256611	0.567929254284891	0.530385947493145	0.518652566495127	0	0.727001905613058	0.432898513522974	0.614985286517494	0.603050736041115	0.589716797578727	0.67586453382554	0.621481686052723	0.567007833885077	0.478558180642029	0.750591417515524	0.525906907070957	0.535262811626213	0.313235921179421	0.465370583475429	0.512204717877737	0.620800320547984	0.59740417508445	0.269720703993305	0.588592967038249	0.514626533960758	0.560454837192503	0.534127136682013	0.508936965541313	0.538453765495	0.76854553437777	0.48629432366427	0.526205137018775	0.550431269468203	0.247805628042317	0.634089514576983	0.402381141292951	0.536917215308793	0.529164391793716	0.326104902849089	0.54762641324838	0.441901321498875	0.384250010669978	0.475535295627057	0.551374369180642	0.707341902687481	0.602907439458072	0.512239538726449	0.12919904363419	0.423959212949304	0.565716058904341	0.434016483432312	0.427959148311606	0.455505347035622	0.566265337231676	0.609260204618656	0.790353853611246	0.749713196985805	0.40642682317025	0.760445429376485
ZB_11	0.525042892515647	0.280721561712338	0.734354181448852	0.635068728171402	0.4008691125468	0.611318441179073	0.503002243205175	0.60813205505278	0.669695741686175	0.727001905613058	0	0.622594841688884	0.589104560511052	0.830587719353883	0.866842535072641	0.675287005717183	0.380110495603759	0.766280628447117	0.615464593429098	0.442236461867069	0.692694128703917	0.720582147797752	0.723493645323441	0.73109491424658	0.567700853975486	0.516406214520279	0.557041508263105	0.660681994219107	0.712480295979183	0.62445168679138	0.634972761909104	0.649370947992063	0.572364713648586	0.553809798801248	0.439880063884694	0.648808454222239	0.732228532692686	0.597277685335503	0.658119189725092	0.643659474869344	0.670652750364025	0.823874700665772	0.566702153723585	0.694428964367185	0.765013022633928	0.681235083405573	0.669553068274153	0.58248113526732	0.629266887875389	0.208318910246428	0.633992561595249	0.611157283079763	0.728426929754372	0.608634704957427	0.59865651275559	0.66668867959807	0.66949852003643	0.656462693174009	0.524392317244675	0.713280278856381	0.389862166279541	0.884692902417932	0.77922459871405	0.556905859808212
ZB_12	0.536018507215611	0.650078470354439	0.557468288019558	0.471341334328292	0.724068823053927	0.317310169588794	0.603719945095338	0.540898953139626	0.527624662140592	0.432898513522974	0.622594841688884	0	0.379470622771278	0.7286978324411	0.721211403668264	0.646590350380808	0.568803962356361	0.617559933064881	0.393872075342694	0.744151803777969	0.601701551236633	0.578746808608389	0.47114238350224	0.533315375123825	0.243567020492002	0.424725949735673	0.403101496251438	0.523737808827321	0.555380207029284	0.361118812927473	0.576316643442075	0.448169279768805	0.333128763987281	0.310577549751748	0.767716633906401	0.516829799717242	0.615506787504326	0.467314376695894	0.483712043704149	0.655572433813519	0.415416532214342	0.718540396478841	0.539440624479446	0.501461180407588	0.658370447318813	0.552876368352284	0.534056306177796	0.257071106181467	0.528035702684894	0.646975167189655	0.538790890695284	0.568583241118213	0.434893809297534	0.324220756383105	0.41421020372883	0.575348341252812	0.363814513288385	0.599050578717212	0.42501287726233	0.634336539208713	0.781607887064521	0.779058886575839	0.573678030237779	0.699096802094868
ZB_13	0.580165781179571	0.523632992771254	0.75509515774465	0.529057725991775	0.601994518237403	0.210197247552227	0.647160331634918	0.605426443816635	0.669605950612923	0.614985286517494	0.589104560511052	0.379470622771278	0	0.845457013641583	0.815222262697177	0.648960696902106	0.484111738742932	0.682601382374943	0.359034830231392	0.692324638876191	0.660391097736661	0.67734784275761	0.683930451728491	0.618766034954792	0.301451657265501	0.254888451274879	0.219276419370425	0.562949185613649	0.561393497597607	0.254534957763735	0.600184330848128	0.258986951779424	0.403759088482334	0.296167167032856	0.661093918699951	0.66118619177144	0.642845551212276	0.285800229908708	0.573017192115451	0.685250513595166	0.465732116690051	0.802928775603962	0.630076272340393	0.63138173542723	0.743160845232393	0.623479162456575	0.654007645665803	0.385402783747604	0.534643535912956	0.6354897811338	0.560401935784511	0.671732844280671	0.599063373954172	0.387045952049377	0.235190526476166	0.572064547730173	0.375448463847251	0.6430192718284	0.337770717406674	0.621039640222637	0.724328573575345	0.808446954845548	0.76945296333634	0.718181272942226
ZB_14	0.670863706383979	0.833899970417013	0.38360567103208	0.659917175053263	0.825446716764962	0.830791937086418	0.681858397071991	0.611614516928024	0.580445133641809	0.603050736041115	0.830587719353883	0.7286978324411	0.845457013641583	0	0.205323168644549	0.594175975591753	0.818932534373448	0.485016595878003	0.72167327516857	0.734922083045665	0.543513481215631	0.530903184872932	0.505655072613572	0.531072590203326	0.823166559889758	0.827945542659861	0.819332287475984	0.648842571268053	0.657412555315961	0.77704460596888	0.540844120057655	0.82213216707459	0.734392794787926	0.845335777698132	0.725997359577532	0.610888126687587	0.49722659684142	0.828581171102448	0.584184881369814	0.640480998835656	0.714888792982925	0.40824591597006	0.580037903718212	0.572752513882635	0.367824701776573	0.58991802716422	0.560175429247789	0.736618674691928	0.679915429689216	0.771567025358772	0.633636368000691	0.707167221347104	0.598533697617992	0.721693616225816	0.816413683300826	0.579206982738656	0.73772235150599	0.57581625759964	0.854602576997849	0.607161981980039	0.782267183564241	0.553982757472871	0.382443861937167	0.748384500145339
ZB_15	0.709510681062237	0.851292634369389	0.457594632358278	0.687836369392417	0.821439200555549	0.826871391156877	0.673350098830832	0.598858948830515	0.599232787816422	0.589716797578727	0.866842535072641	0.721211403668264	0.815222262697177	0.205323168644549	0	0.617651748132821	0.823770284327606	0.459017487321939	0.751299416841037	0.754116756377883	0.624021790989737	0.541089974465516	0.484803305849224	0.513100975931026	0.818880216716273	0.843874220699829	0.815047091216858	0.675351748403147	0.592123111551677	0.772132884749108	0.52361600041006	0.785882948867837	0.775359169339708	0.842066738567871	0.749494719155065	0.64130009696619	0.538501919561821	0.808416481364183	0.599851491875732	0.627846603456982	0.706146217387082	0.379525756726792	0.624395071036449	0.557265688354681	0.408339053770481	0.520259420874974	0.622202982537353	0.762289024858857	0.669889838112545	0.790320294105814	0.644273380102476	0.655156171479072	0.631383581387821	0.73485967603329	0.825514101302557	0.608649620876031	0.710912602674195	0.591660285459635	0.8517171893277	0.592079787263779	0.833727733980742	0.431266669376499	0.311791727066077	0.739616354675243
ZB_16	0.658959514572764	0.58995122163827	0.587921193427076	0.483466544315625	0.533121082094365	0.740791101243286	0.578248341254122	0.449835301645002	0.331218868406488	0.67586453382554	0.675287005717183	0.646590350380808	0.648960696902106	0.594175975591753	0.617651748132821	0	0.608864825241305	0.58329096871968	0.629211989560199	0.452022003742672	0.564329256279398	0.519667306858311	0.655795887833772	0.594062428756744	0.680402149901724	0.695523475229624	0.670648161082397	0.632113773413736	0.45994342956374	0.623256009694707	0.265657630228155	0.677850536173973	0.699655111586913	0.716897061443422	0.528458565490704	0.591531104637925	0.573355467007553	0.678321514337882	0.575754009084432	0.505738482071708	0.697569406132014	0.463545985160327	0.443481812562278	0.580031894962536	0.57896181125627	0.553728423898174	0.574742066839755	0.581556277807579	0.443624978873508	0.588902397888642	0.392045487946106	0.564361439476667	0.64962054805803	0.672325929177739	0.675361014624006	0.562493479901113	0.633467514545213	0.441685931674635	0.674838815263643	0.394571450706831	0.53681670214739	0.637746486935119	0.583426232563005	0.520599176522013
ZB_17	0.435422968668324	0.389682320240988	0.704031970012724	0.52695818671414	0.429906194220919	0.521219853371254	0.459877035830619	0.609313240421707	0.643821367443629	0.621481686052723	0.380110495603759	0.568803962356361	0.484111738742932	0.818932534373448	0.823770284327606	0.608864825241305	0	0.733274139334576	0.46175939255933	0.438937592890618	0.648290559990528	0.673112846185869	0.704677529648984	0.639746571560931	0.53894388229635	0.399480829215607	0.5038523832515	0.570131671764572	0.597954585198145	0.436994820349965	0.631884057971014	0.530581202023418	0.576680312136459	0.450251441530706	0.534205137438393	0.614587308324714	0.683453660112958	0.479291295165368	0.591547473778616	0.68334076589711	0.66587539041728	0.739318782000311	0.606467097278825	0.635379844114629	0.722435515481893	0.605353358234933	0.58046495049505	0.458033484783238	0.536255297857789	0.361304222169675	0.580399820360008	0.568489430541309	0.600675696594427	0.563221919757478	0.462567338979843	0.580324238987769	0.512777941913191	0.599549261482275	0.471655018179977	0.672440034068176	0.530346588373352	0.836641566154156	0.773885104804244	0.620541973964577
ZB_18	0.634407628462077	0.721363814122261	0.396042686548821	0.51143249105666	0.670596444270309	0.731642327306444	0.648307526605717	0.610938154600914	0.571699746845107	0.567007833885077	0.766280628447117	0.617559933064881	0.682601382374943	0.485016595878003	0.459017487321939	0.58329096871968	0.733274139334576	0	0.620826773167775	0.686904377628104	0.576386964163673	0.222869725750128	0.538798313282268	0.362869975436786	0.724989083996536	0.72847290539955	0.686267804357423	0.549175570471184	0.399899372006783	0.604810278868254	0.576662770190865	0.63135516060893	0.716312913877082	0.759401542995894	0.720538246475049	0.391906053335468	0.233275796274438	0.701302547304864	0.509798250054234	0.504416853714725	0.686733330977704	0.496704208472258	0.61937544958321	0.594605357051837	0.52881829772799	0.487655743343652	0.579843093964492	0.625898177357168	0.425737795825483	0.669850299780216	0.36709846455088	0.536265918451022	0.549727484544773	0.632759567363645	0.66589175374041	0.498597537916121	0.604782899275612	0.485915279833187	0.769470947777785	0.458529920790515	0.786013778511714	0.412693330253872	0.532822530972646	0.756822490348822
ZB_19	0.502114700278888	0.586148018435228	0.611005938550157	0.48328477648592	0.687160235383322	0.236922677211713	0.566339738608196	0.558496320866217	0.550332309028798	0.478558180642029	0.615464593429098	0.393872075342694	0.359034830231392	0.72167327516857	0.751299416841037	0.629211989560199	0.46175939255933	0.620826773167775	0	0.690873489754386	0.561549535991379	0.603952387409429	0.579376398143599	0.553671373613736	0.395455162484117	0.318395684572408	0.343510964199961	0.473911575695951	0.490517053040417	0.230498816888257	0.575110617033923	0.193209046224245	0.45366006429407	0.310233417281844	0.721440043855471	0.560735181081383	0.557937346950236	0.226960718012134	0.500892657394548	0.701330474986288	0.567669930954055	0.755695053311538	0.543231476496877	0.569772349722829	0.669899637837201	0.637201862468721	0.562248554485587	0.447642582182273	0.424056223975707	0.612287776261375	0.483900481540931	0.639118982586356	0.451898615966399	0.40286794718425	0.279588886249082	0.556487757445018	0.128611648707507	0.622072168382949	0.349090223917461	0.662537574274729	0.749122880932377	0.78689402611537	0.687713427168372	0.725621215285028
ZB_20	0.527260272769586	0.295781076792662	0.726711247469623	0.607832191834539	0.178639874557175	0.780805934975473	0.520524415898266	0.611864885942679	0.54463571858275	0.750591417515524	0.442236461867069	0.744151803777969	0.692324638876191	0.734922083045665	0.754116756377883	0.452022003742672	0.438937592890618	0.686904377628104	0.690873489754386	0	0.663439459833189	0.650633187956404	0.749075104156682	0.695702717303683	0.764568327751537	0.705848702217675	0.724099076610172	0.657496780216986	0.582914308002066	0.664435511768322	0.537156253800762	0.74461028327747	0.773043586838675	0.770085643466132	0.355345093648824	0.637923238717335	0.676569513670657	0.705470499603097	0.685755187104494	0.456351620059587	0.783110591983376	0.605517941997181	0.529741945329034	0.724157099021629	0.674374036712349	0.648474381340555	0.614808296454198	0.596045263942014	0.554708896958024	0.340586087545684	0.527300896679058	0.683692224014952	0.734535079645047	0.750558426240672	0.696252480473515	0.572835504875246	0.730558791815915	0.561493692718824	0.687089989216364	0.545192934153252	0.207262606425083	0.722964854134704	0.729062745848483	0.472421327899074
ZB_21	0.491218643853985	0.670064529775146	0.586639746067502	0.616989534789256	0.719219394143498	0.683574557174733	0.716706125021987	0.612834080334201	0.55414983005525	0.525906907070957	0.692694128703917	0.601701551236633	0.660391097736661	0.543513481215631	0.624021790989737	0.564329256279398	0.648290559990528	0.576386964163673	0.561549535991379	0.663439459833189	0	0.602242119709236	0.532414076637456	0.645011654473702	0.703235167248343	0.632649561722589	0.644999692014248	0.556248961560352	0.666922436429398	0.65594125319012	0.525445431940861	0.668184596612332	0.662542360125692	0.709590088418251	0.686771203509401	0.520848512924191	0.542721040673239	0.582044615900704	0.415617255404172	0.467362817362817	0.57880939694039	0.68182978437563	0.544233516383458	0.349275569255579	0.335072957094257	0.513798492668674	0.402363391935352	0.522245375029735	0.63081712533443	0.653087057085801	0.656533289832444	0.580900959435749	0.537443475603709	0.674534750153602	0.692004900938888	0.44184017351375	0.575134012186233	0.427816612282493	0.640202788649209	0.459180837030241	0.721411101128082	0.70461998004971	0.5259874465569	0.741462936448874
ZB_22	0.589039964093277	0.674851375789143	0.281857384164553	0.410151630143765	0.646739423407235	0.732214458800135	0.584525724415388	0.530273241525732	0.537313822880411	0.535262811626213	0.720582147797752	0.578746808608389	0.67734784275761	0.530903184872932	0.541089974465516	0.519667306858311	0.673112846185869	0.222869725750128	0.603952387409429	0.650633187956404	0.602242119709236	0	0.464361360045857	0.217682138185452	0.693511538243531	0.712971849008317	0.692983577024593	0.514857933224584	0.450778331516811	0.608580820128504	0.527314012154225	0.621397391154049	0.648707351042295	0.714938393388539	0.67030176326215	0.313854022222622	0.280577817981002	0.707466139014321	0.490804412722024	0.481946418639145	0.647022269653966	0.461951614353809	0.530823339338349	0.508238654564035	0.587074409195905	0.384258066221315	0.506366529592599	0.575098796408387	0.336274400288233	0.608491141033356	0.253833170195178	0.461594691437566	0.520500807731964	0.602704151243691	0.667418144977665	0.424554080728529	0.618868507896059	0.428117070712398	0.724135005378331	0.41527410143583	0.740155201645754	0.515393941519904	0.495003270866202	0.716581183172897
ZB_23	0.503660496188823	0.708344783766233	0.298574068194681	0.564995589417725	0.756705008588552	0.654886033602759	0.554431781456141	0.424371022459946	0.509870874895201	0.313235921179421	0.723493645323441	0.47114238350224	0.683930451728491	0.505655072613572	0.484803305849224	0.655795887833772	0.704677529648984	0.538798313282268	0.579376398143599	0.749075104156682	0.532414076637456	0.464361360045857	0	0.385826433589067	0.606315497820213	0.706335558012256	0.684253171031847	0.461500342287297	0.627848963793832	0.650623448065474	0.480318589236477	0.637400045500889	0.55525943359485	0.63204762325066	0.723836903368862	0.453490201476907	0.546871112320151	0.650420392366209	0.389707960578057	0.545097001763668	0.467148493821683	0.498383381474962	0.469472911076154	0.269890624494215	0.499678128180507	0.406772344776855	0.419258548865646	0.565449952558191	0.513863747698912	0.714152045119189	0.526345530257587	0.525651438577226	0.381626541992221	0.521931016289652	0.701254265763117	0.44726652550033	0.537359220092098	0.468298561635581	0.654728186293055	0.507787527869395	0.792611968024545	0.692994615648986	0.250312452910466	0.719583563281825
ZB_24	0.548753600095435	0.685948639351121	0.299018690339314	0.431288515994809	0.680139845683561	0.670349702810924	0.564405339763858	0.434607776464048	0.601598494607929	0.465370583475429	0.73109491424658	0.533315375123825	0.618766034954792	0.531072590203326	0.513100975931026	0.594062428756744	0.639746571560931	0.362869975436786	0.553671373613736	0.695702717303683	0.645011654473702	0.217682138185452	0.385826433589067	0	0.629153952100219	0.667087973582647	0.634534561025145	0.469580332460674	0.484329926646336	0.553883203488696	0.507751723909387	0.55601928134044	0.530324507641039	0.656756193380894	0.660850463305417	0.417488048116365	0.374516116024624	0.644688731761289	0.442506839543356	0.550548167569444	0.526231337236324	0.444978252789316	0.523010730592141	0.455342427992469	0.559690462781168	0.375285519880029	0.468164944155355	0.551282173929219	0.378265034622727	0.65434774805849	0.376238697004276	0.530874714098897	0.388487732090433	0.459664003314469	0.621100662791361	0.434022741189388	0.552515025372185	0.437468162676389	0.668665294088705	0.499449185143736	0.775997161053724	0.601668372642869	0.473674727391797	0.752148043514712
ZB_25	0.58099942934509	0.624236344237332	0.677861090827055	0.558668104811361	0.690816437684672	0.213279175951715	0.615634861347362	0.569939957913056	0.574506470012555	0.512204717877737	0.567700853975486	0.243567020492002	0.301451657265501	0.823166559889758	0.818880216716273	0.680402149901724	0.53894388229635	0.724989083996536	0.395455162484117	0.764568327751537	0.703235167248343	0.693511538243531	0.606315497820213	0.629153952100219	0	0.285836593715945	0.309027376202993	0.571858817156501	0.598225126902955	0.363557602564623	0.615551228574746	0.352695963381886	0.300778127942482	0.211914703658017	0.700562862027025	0.637276602347615	0.687496287011939	0.375709518928931	0.563475914539744	0.74209336280494	0.398339610549793	0.803607375968238	0.5866887017609	0.623106826098211	0.755894506562956	0.663046487683749	0.635694953864802	0.365423479106846	0.564278776369927	0.671457481000683	0.587599291451744	0.629662079728829	0.510185121503251	0.267469273686551	0.327524940963852	0.64034187965764	0.339479509975431	0.688592766288659	0.285071767191828	0.72786261910417	0.747792203781264	0.867690288586801	0.691157542717595	0.653176381205856
ZB_26	0.567703958530635	0.550378521459633	0.721708658205607	0.561081224159593	0.645634384607911	0.193326994070925	0.645068362112761	0.621669470941509	0.672567840283067	0.620800320547984	0.516406214520279	0.424725949735673	0.254888451274879	0.827945542659861	0.843874220699829	0.695523475229624	0.399480829215607	0.72847290539955	0.318395684572408	0.705848702217675	0.632649561722589	0.712971849008317	0.706335558012256	0.667087973582647	0.285836593715945	0	0.209980486909133	0.591096407071296	0.626198197623923	0.27246931060712	0.647912329761709	0.30763627521234	0.367541425371869	0.260575801016819	0.653905397651508	0.668801076819537	0.680310644587519	0.218172950549212	0.580607836278602	0.729224136859139	0.520186214949455	0.834960186784229	0.617987148481855	0.644332526804833	0.722698089963041	0.691735157430159	0.636766629148458	0.379645899628981	0.577194887218898	0.593084449893322	0.614471959912458	0.653385615338972	0.585472968863027	0.416547937870954	0.217146552865567	0.626930966560349	0.341987273742398	0.669933454748617	0.239331642727555	0.737912380025127	0.721639323684449	0.86681125536418	0.785580978079036	0.737122630148625
ZB_27	0.579013618407374	0.579474157915849	0.719362038085199	0.544454210991023	0.651117483082254	0.203815265718476	0.646753147524759	0.557501216615853	0.656897722245509	0.59740417508445	0.557041508263105	0.403101496251438	0.219276419370425	0.819332287475984	0.815047091216858	0.670648161082397	0.5038523832515	0.686267804357423	0.343510964199961	0.724099076610172	0.644999692014248	0.692983577024593	0.684253171031847	0.634534561025145	0.309027376202993	0.209980486909133	0	0.569258112758133	0.614292330208105	0.25931570402465	0.606643718857888	0.30525531458505	0.348489377031232	0.272640083021612	0.704430882876497	0.643812536284733	0.647984156420602	0.268311291101011	0.539260109626366	0.692117596112207	0.474357782117537	0.807268807790789	0.600189810620767	0.622844096299791	0.714994816340432	0.657661612368135	0.660548473994703	0.38413287149249	0.553713798720127	0.613943936482528	0.602585258803096	0.60189018167785	0.55796335782755	0.355423036715103	0.217783100194495	0.621177867427842	0.326706031419656	0.660700888121787	0.2560459830079	0.695097804391218	0.749953264513349	0.845268036299995	0.769242861330739	0.733374009768376
ZB_28	0.359128163838309	0.542663984321764	0.516272094591794	0.467969278788741	0.656761790387718	0.592568425142055	0.620960536740783	0.584549529847956	0.56562371921567	0.269720703993305	0.660681994219107	0.523737808827321	0.562949185613649	0.648842571268053	0.675351748403147	0.632113773413736	0.570131671764572	0.549175570471184	0.473911575695951	0.657496780216986	0.556248961560352	0.514857933224584	0.461500342287297	0.469580332460674	0.571858817156501	0.591096407071296	0.569258112758133	0	0.598911149680134	0.447192775814684	0.556241230505642	0.522741554220929	0.460633893645409	0.588835181703334	0.6656334087309	0.477267819291077	0.51389009840634	0.562098468855403	0.293730291689241	0.551522733059526	0.486000729960308	0.517153182021366	0.563276216071846	0.447273556205204	0.579143717393957	0.486128944624908	0.415597150520578	0.423400019037949	0.458691779135362	0.622935809893126	0.52907248876363	0.54760355647975	0.255798565378487	0.409948854728203	0.484503953367577	0.319672063561244	0.484870869766469	0.418939630267602	0.588438282802108	0.497243421815647	0.666322935539499	0.727448614647601	0.544963443074143	0.782739799651559
ZB_29	0.6754230214128	0.645723720067104	0.567348772694467	0.482176547563366	0.563574597818082	0.585256938243919	0.548508935318211	0.48964493492896	0.395530673707938	0.588592967038249	0.712480295979183	0.555380207029284	0.561393497597607	0.657412555315961	0.592123111551677	0.45994342956374	0.597954585198145	0.399899372006783	0.490517053040417	0.582914308002066	0.666922436429398	0.450778331516811	0.627848963793832	0.484329926646336	0.598225126902955	0.626198197623923	0.614292330208105	0.598911149680134	0	0.465953217731328	0.49701817950949	0.47833125826334	0.67075324060523	0.631242404862563	0.663221384337748	0.564126739730293	0.458138943927826	0.556386181073459	0.632162009333308	0.631941026135786	0.685258830875357	0.584210501878154	0.533506090276283	0.649249965044975	0.650234659595165	0.564405687077916	0.540066957369069	0.532241236896229	0.379332055725371	0.615520546248699	0.322774367387397	0.570660985064791	0.573466717479675	0.607077497865326	0.527221073486408	0.610830956810743	0.443100836391568	0.558987538247212	0.645079880748393	0.599567989980082	0.672877016759106	0.589363009646844	0.632990832361795	0.624402245326247
ZB_30	0.566420049651569	0.577609058385491	0.684077551024419	0.38719257502691	0.652869019598259	0.21242347568769	0.628720116681835	0.617284121969861	0.556981176295797	0.514626533960758	0.62445168679138	0.361118812927473	0.254534957763735	0.77704460596888	0.772132884749108	0.623256009694707	0.436994820349965	0.604810278868254	0.230498816888257	0.664435511768322	0.65594125319012	0.608580820128504	0.650623448065474	0.553883203488696	0.363557602564623	0.27246931060712	0.25931570402465	0.447192775814684	0.465953217731328	0	0.597860029390154	0.250600713786123	0.419612603994986	0.286455735784232	0.721611132488396	0.601310086682427	0.579609632414185	0.329077550055147	0.54825925411024	0.676886494486256	0.579107541942199	0.69692796022438	0.620806005368097	0.639372781098674	0.718007682323125	0.655305737775043	0.604811087369529	0.345108016391828	0.446279450298069	0.63569657506582	0.49388773522966	0.636456065870773	0.448553393267622	0.406216533708073	0.0798053815757641	0.576542393470491	0.268869592080259	0.617233206777517	0.37918040764345	0.650640759659088	0.737577272168835	0.75477628431362	0.73045115194987	0.767907077759924
ZB_31	0.55651392104058	0.607335374759227	0.525384635346305	0.551761235175955	0.599779528351748	0.682378560604419	0.508798586153317	0.359912998706975	0.268992748199954	0.560454837192503	0.634972761909104	0.576316643442075	0.600184330848128	0.540844120057655	0.52361600041006	0.265657630228155	0.631884057971014	0.576662770190865	0.575110617033923	0.537156253800762	0.525445431940861	0.527314012154225	0.480318589236477	0.507751723909387	0.615551228574746	0.647912329761709	0.606643718857888	0.556241230505642	0.49701817950949	0.597860029390154	0	0.607734775492906	0.59449196861758	0.660498239587637	0.469223125710373	0.548156571785182	0.618290463222948	0.610046930318083	0.410871755240606	0.437649355698099	0.552441508574404	0.46517963291437	0.335628320891406	0.428410621526605	0.427972851073248	0.447555259589237	0.470553665571415	0.555955415919555	0.450884538513466	0.576093341631511	0.413757314971745	0.573576787041835	0.553238926273756	0.540169885975282	0.657245559292909	0.432970604331271	0.558437194598189	0.37260283390511	0.635266348681458	0.358508794049045	0.617613903339928	0.676153904326564	0.365625589232986	0.53903772392611
ZB_32	0.562589009152249	0.575009538565185	0.701870793699858	0.500437467690204	0.668064708886442	0.21037574028259	0.636329896304667	0.598490661438906	0.620352189384359	0.534127136682013	0.649370947992063	0.448169279768805	0.258986951779424	0.82213216707459	0.785882948867837	0.677850536173973	0.530581202023418	0.63135516060893	0.193209046224245	0.74461028327747	0.668184596612332	0.621397391154049	0.637400045500889	0.55601928134044	0.352695963381886	0.30763627521234	0.30525531458505	0.522741554220929	0.47833125826334	0.250600713786123	0.607734775492906	0	0.453682456689826	0.295520215627303	0.696923755786012	0.624302504565162	0.587010101798828	0.163683524504692	0.561483322459133	0.709524759278268	0.537760287692991	0.792626201006558	0.625915103660836	0.624572865866503	0.750116570074524	0.644131977515594	0.657478372693552	0.500012850751374	0.442178600971732	0.665162373684368	0.498304464039418	0.660760646396966	0.518959161335393	0.359805024191932	0.229461956299032	0.593326192051982	0.161811279372381	0.66909920731689	0.329939852068601	0.681052629234206	0.762099779787411	0.777197176490379	0.734476630922321	0.707095383019666
ZB_33	0.526134861090649	0.623307014402694	0.56498900384016	0.523754520877764	0.716233670278409	0.334430620558301	0.597909902983569	0.556573527618517	0.638718851857502	0.508936965541313	0.572364713648586	0.333128763987281	0.403759088482334	0.734392794787926	0.775359169339708	0.699655111586913	0.576680312136459	0.716312913877082	0.45366006429407	0.773043586838675	0.662542360125692	0.648707351042295	0.55525943359485	0.530324507641039	0.300778127942482	0.367541425371869	0.348489377031232	0.460633893645409	0.67075324060523	0.419612603994986	0.59449196861758	0.453682456689826	0	0.327438496625479	0.700980907589774	0.584674853224578	0.661096005160412	0.452190482156654	0.491652441633254	0.719260615521245	0.349233667436271	0.738695054593261	0.5313562022373	0.531221527582789	0.669087666970013	0.581768863029017	0.527856533097407	0.37866979442018	0.58439978117155	0.659666956971375	0.599064444924252	0.652270362297883	0.473035759005655	0.247989936604991	0.380272167687271	0.574940902593098	0.443729736120768	0.605930933248619	0.413665515779507	0.7043469393641	0.7214372531781	0.877867731206638	0.651226055317203	0.719551695686208
ZB_34	0.596446600612626	0.621884910291093	0.690693987201204	0.548283910359251	0.70254332182261	0.123063152684558	0.558666766333068	0.608629373406639	0.628884379065173	0.538453765495	0.553809798801248	0.310577549751748	0.296167167032856	0.845335777698132	0.842066738567871	0.716897061443422	0.450251441530706	0.759401542995894	0.310233417281844	0.770085643466132	0.709590088418251	0.714938393388539	0.63204762325066	0.656756193380894	0.211914703658017	0.260575801016819	0.272640083021612	0.588835181703334	0.631242404862563	0.286455735784232	0.660498239587637	0.295520215627303	0.327438496625479	0	0.718521382885331	0.65377094900465	0.721226970178036	0.288329631930077	0.578651482611128	0.769773695533919	0.471757511241219	0.825807478698883	0.622138848359928	0.620639316526228	0.785110628646869	0.686375047148269	0.661568607180952	0.432311168650007	0.555512580326746	0.653027828099129	0.608670344459376	0.632533771197281	0.535481922135353	0.362914151786156	0.247105980573239	0.678492644098909	0.308556603064134	0.721168648201357	0.259671030547163	0.758500472340769	0.771079899799178	0.884300740576051	0.731252299122392	0.69573992006011
