ZB_1	ZB_2	ZB_3	ZB_4	ZB_5	ZB_6	ZB_7	ZB_8	ZB_9	ZB_10	ZB_11	ZB_12	ZB_13	ZB_14	ZB_15	ZB_16	ZB_17	ZB_18	ZB_19	ZB_20	ZB_21	ZB_22	ZB_23	ZB_24	ZB_25	ZB_26	ZB_27	ZB_28	ZB_29	ZB_30	ZB_31	ZB_32	ZB_33	ZB_34	ZB_35	ZB_36	ZB_37	ZB_38	ZB_39	ZB_40	ZB_41	ZB_42	ZB_43	ZB_44	ZB_45	ZB_46	ZB_47	ZB_48	ZB_49	ZB_50	ZB_51	ZB_52	ZB_53	ZB_54	ZB_55	ZB_56	ZB_57	ZB_58	ZB_59	ZB_60	ZB_61	ZB_62	ZB_63	ZB_64
ZB_1	0	0.372317326180687	0.326892640464257	0.889348465497891	0.461757740808715	0.69000742098169	0.161386870737919	0.791326607084603	0.350473597107947	0.177418293341055	0.345823815929326	0.545584049412846	0.679214731889349	0.928007112847856	0.928007112847856	0.457166341840879	0.263228616303089	0.74820108090627	0.442243339873329	0.351650389197323	0.237773835000884	0.787323090961736	0.459801002019376	0.434283305058374	0.581923795958337	0.727347695260895	0.666182573932719	0.46975304060144	0.754623624248289	0.593373459683265	0.325758713224555	0.502752924982794	0.478924593316772	0.68997809686055	0.369580619703537	0.32304704154626	0.802669713218852	0.562756523155943	0.105015606655021	0.418979981838635	0.41674714067997	0.379939737373988	0.467312157942662	0.313538148971803	0.928007112847856	0.51680804362489	0.349446054733643	0.364140828450521	0.169844423530505	0.521002617890049	0.324638210856983	0.326892640464257	0.279022356275934	0.229382285316254	0.675432797236878	0.187171860015279	0.575895544852498	0.453261591423499	0.50370806002357	0.464268393575443	0.373929600694146	0.765679213123862	0.4316665187325	0.364458631684941
ZB_2	0.372317326180687	0	0.452976584934835	0.785122031727403	0.23885344608091	0.615610049672701	0.35651387146139	0.747024004400152	0.239669310451384	0.44247178885074	0.316944845367184	0.466597061630373	0.600241130502639	0.814519191734	0.814519191734	0.366195044716123	0.373596067684545	0.687060095554705	0.544925753314174	0.0416918756377493	0.4669670381788	0.923504169838309	0.384230854194725	0.335954188065264	0.513649531104237	0.679266179324148	0.587285479024616	0.619361535120748	0.737080807094255	0.673882586716629	0.546155452678478	0.45717505634861	0.378038315566222	0.612508459908356	0.477019438551361	0.449923642926558	0.928784284001059	0.512288524220062	0.388772719961396	0.530473299106173	0.431667965566271	0.559411420164463	0.368507314848465	0.51586599737995	0.814519191734	0.428730255358688	0.543067125844123	0.54899146671073	0.33560750326131	0.43428391935883	0.456237881353852	0.452976584934835	0.505243582628183	0.461601756121204	0.694819359087399	0.439671824634976	0.505902598806179	0.473545189586472	0.594218895440797	0.375483677875879	0.0128621395398829	0.729518008829642	0.537946199052433	0.0328674241236772
ZB_3	0.326892640464257	0.452976584934835	0	0.7749882952972	0.305291706550818	0.688507502484668	0.222261910235146	0.564764410768316	0.393183642723006	0.397441256259579	0.409390943417981	0.293986312528615	0.666828349951343	0.799049739742153	0.799049739742153	0.472957774974413	0.453230434155632	0.492622181590257	0.188911103525625	0.481306604815551	0.422578679049395	0.589980868211288	0.179508489501735	0.415764291907423	0.355910551796151	0.501899273334687	0.65487593870962	0.40645281233099	0.597345846033277	0.4397625454802	0.262381417316905	0.281980707884907	0.177621714091789	0.676884039737709	0.333455986969278	0.00639762909312104	0.62168764395226	0.349136213929427	0.344785651819287	0.167254778282912	0.323508382116253	0.306366715714836	0.163901669607902	0.232453372454848	0.799049739742153	0.254251340113538	0.277157378759627	0.280901590983073	0.213052719434434	0.251499497278369	0.00375935861027511	0	0.453681984422704	0.128502037268765	0.606077172462018	0.387150003141742	0.345710373405114	0.377172951179035	0.286342733977093	0.170826245486471	0.450687848219326	0.543660935686608	0.167778425725371	0.464392656407236
ZB_4	0.889348465497891	0.785122031727403	0.7749882952972	0	0.613189155994821	0.932212465570764	0.916727261709992	0.738652462946818	0.905153820936211	0.902091466337922	0.73817583951362	0.779557470521213	0.746381848124929	0.516291875060981	0.516291875060981	0.91889180163387	0.838747581160789	0.730666910004703	0.806692682592864	0.77937449127086	0.90691058564975	0.576163481759166	0.742429943841044	0.890112203603927	0.795678523778295	0.54533348091677	0.904635233091707	0.821460355496764	0.659849954234407	0.768973214285714	0.780268322515481	0.760859553654612	0.750596230498294	0.743468443508617	0.717212359676671	0.773970015435071	0.615150183859775	0.657151576328083	0.896680383592088	0.800112384656397	0.749585949983729	0.797515208401243	0.745629963710892	0.780720165527918	0.516291875060981	0.766959666145664	0.789710353885027	0.793451633386013	0.917271167564639	0.649517495354595	0.774391050850843	0.7749882952972	0.814881846960637	0.760458746924923	0.67225525222498	0.902874528396026	0.792987705688009	0.758286295615647	0.824557622218209	0.744220017268468	0.785573320045157	0.751580542094376	0.80003452526652	0.782842365767985
ZB_5	0.461757740808715	0.23885344608091	0.305291706550818	0.613189155994821	0	0.711411501383479	0.47244342648876	0.575590871372038	0.396709861693545	0.53591178558116	0.443828071159233	0.322589427014931	0.698386644048767	0.615053509334594	0.615053509334594	0.489288238812463	0.465006427545182	0.512526427061311	0.422065226823753	0.212785449096688	0.56271764434269	0.757290083654586	0.177152907488026	0.423043704693297	0.382345078913057	0.51899494145574	0.685745227617443	0.523462309295274	0.583780042299558	0.576461828019353	0.404753862828624	0.250757726159751	0.210121672154937	0.708506730452399	0.320189405686709	0.301414534067595	0.774454527079499	0.35096122151233	0.504766340376623	0.398440550987607	0.288480644412848	0.448408177948318	0.190140165022049	0.393891787385753	0.615053509334594	0.274499375220275	0.423271199967209	0.435362989365846	0.476695597266244	0.281552412318275	0.303018643749558	0.305291706550818	0.581601213116942	0.325956046247531	0.589502195520569	0.540133284437082	0.37250663695969	0.333001931919605	0.4846664861162	0.184781864995769	0.240884266395803	0.550517078369132	0.411031751681444	0.228906993815092
ZB_6	0.69000742098169	0.615610049672701	0.688507502484668	0.932212465570764	0.711411501383479	0	0.61721380010769	0.570536121208079	0.539216275095413	0.717185880631592	0.727640479376979	0.670335710653969	0.388801487869659	0.939620358127339	0.939620358127339	0.619652084196639	0.748644639787512	0.410177993320452	0.724742483915105	0.638260270220117	0.737554526641754	0.8823163538874	0.636453214258987	0.609485833277951	0.703298775906475	0.546088823927306	0.434508200102538	0.816125452171047	0.73751591549953	0.809053002186284	0.774849931969159	0.670985687705203	0.605895954232019	0.375610010020431	0.800645247689892	0.694771981951096	0.89436538372684	0.696789474538051	0.697908065915004	0.745470807976289	0.686162158272911	0.78557318503165	0.634944494412478	0.763093033444519	0.939620358127339	0.681509398509825	0.778549194335938	0.755961100260417	0.623690579083838	0.676440012805709	0.692188620048412	0.688507502484668	0.745041850551157	0.704241587405303	0.74415647087367	0.717530300815437	0.697930274651767	0.747289595958077	0.757807649401586	0.625937754711646	0.612356684009228	0.485604873222841	0.745985256376529	0.613571681103058
ZB_7	0.161386870737919	0.35651387146139	0.222261910235146	0.916727261709992	0.47244342648876	0.61721380010769	0	0.755990012565889	0.219767727384341	0.286718067654342	0.321780590404994	0.480827432023451	0.616777740263934	0.961185273973589	0.961185273973589	0.366738466671018	0.351972395015308	0.705493069361992	0.369185271026536	0.357404303355797	0.338745130140828	0.766780950426079	0.37020754819049	0.347781128173389	0.526363895255014	0.680555895452988	0.603534113514579	0.539225172390481	0.736044310242092	0.557820687529404	0.40797300654362	0.454428402702929	0.395257834062285	0.628950574695771	0.46703184675366	0.228659539328267	0.785107627930068	0.50244174848566	0.224314222002511	0.349019970690154	0.502536711817573	0.461527636503688	0.380073695943883	0.404148191859337	0.961185273973589	0.453122923377782	0.435170390244029	0.440729777018229	0.0277362956755094	0.449584427291323	0.219327080774446	0.222261910235146	0.365863786177922	0.322202839231447	0.739247346004704	0.285076640496741	0.518863116016498	0.542044755667289	0.444961561176536	0.376048092525215	0.347194497401966	0.720732785605029	0.35476519172637	0.336450054542621
ZB_8	0.791326607084603	0.747024004400152	0.564764410768316	0.738652462946818	0.575590871372038	0.570536121208079	0.755990012565889	0	0.710290441960047	0.80074780814853	0.810712028494858	0.57616746675061	0.67933102317764	0.523356896509552	0.523356896509552	0.75426623331192	0.824434633539206	0.258641358641359	0.537512298526472	0.765261490956337	0.812445993572628	0.648145843187042	0.493946833242054	0.704096037955775	0.501482578542652	0.434276758628224	0.695373637420906	0.658069920578536	0.50647297629098	0.671802387713352	0.663240417674449	0.415896481018002	0.501477340047393	0.674855248098027	0.701085298754037	0.562204309641253	0.537821645797549	0.485008354828767	0.790865905766576	0.629860953320439	0.472689632166089	0.686754640249776	0.494156852349756	0.655491900384063	0.523356896509552	0.544389851041223	0.675772109867278	0.679278811453835	0.752207008450851	0.549065248407473	0.568200625824304	0.564764410768316	0.820617288249701	0.616456579640787	0.664791965423837	0.80590632402007	0.492462422286928	0.616418609058721	0.593068392333436	0.484230929825435	0.751973129635838	0.113388298644859	0.625630131768095	0.754263193878356
ZB_9	0.350473597107947	0.239669310451384	0.393183642723006	0.905153820936211	0.396709861693545	0.539216275095413	0.219767727384341	0.710290441960047	0	0.444813723213205	0.470831328719638	0.41053441618227	0.553818053782844	0.954905616796494	0.954905616796494	0.255549192134812	0.494387949045112	0.658074078981145	0.507817990413603	0.237807313545899	0.485272939500053	0.911141412603766	0.260423356594527	0.227224106147159	0.469474960036856	0.640014345877691	0.539760304304852	0.641328505273121	0.707480110024207	0.655827695851787	0.527659023902792	0.372583180904295	0.295311081814784	0.568416883059724	0.587203115054106	0.399581271816127	0.91818751118268	0.438710352768764	0.396198835608887	0.493270972806313	0.438833344780107	0.580848006636316	0.274228478613969	0.536183302872098	0.954905616796494	0.37291309615271	0.560331276237042	0.563639322916667	0.243180713868594	0.369155597060197	0.390893794063146	0.393183642723006	0.50522646074171	0.471160780881111	0.718716600101254	0.44219372246875	0.459875659085543	0.473392805077018	0.566941097487721	0.268566214095654	0.227892074806055	0.679970724751995	0.484819369715603	0.212496843651723
ZB_10	0.177418293341055	0.44247178885074	0.397441256259579	0.902091466337922	0.53591178558116	0.717185880631592	0.286718067654342	0.80074780814853	0.444813723213205	0	0.408956191769301	0.400957938336079	0.704665935857436	0.937269707975965	0.937269707975965	0.511820278294582	0.348502938661696	0.767203513909224	0.489322685732941	0.456269760791598	0.0737380573491126	0.816241746078677	0.524146725718315	0.494068339654665	0.61220222884489	0.743837980954424	0.495188732609207	0.355640620526578	0.78203523195582	0.491116770535233	0.397989985951515	0.570889951861556	0.528884636163516	0.713989375158108	0.445078595514473	0.394448562721357	0.827812138892572	0.604434879168431	0.222073859998903	0.474350592590996	0.470798213927353	0.431619457445157	0.524053447856649	0.165807319550833	0.937269707975965	0.559034635094984	0.214381533846916	0.227300008138021	0.284697532091286	0.562407783278534	0.400345318395034	0.397441256259579	0.123863515122854	0.311265451593742	0.561415887949484	0.019091710186997	0.440916616496087	0.504637512482847	0.379122800112064	0.517164438127035	0.44858104262328	0.785824239988474	0.481351130949826	0.44792689531223
ZB_11	0.345823815929326	0.316944845367184	0.409390943417981	0.73817583951362	0.443828071159233	0.727640479376979	0.321780590404994	0.810712028494858	0.470831328719638	0.408956191769301	0	0.586175521795473	0.704053275311428	0.861214950981593	0.861214950981593	0.530870376991221	0.343101614425463	0.770027319655447	0.49631380997182	0.345422695927859	0.347684451041883	0.719018507794342	0.542396553666839	0.522003456868208	0.614797451488236	0.750576710012246	0.692772662673975	0.577534400348919	0.701651314143214	0.629284133139034	0.498498531290608	0.591851268878674	0.53536463613779	0.712985453233303	0.444177057006762	0.414131223746996	0.737321600925005	0.616459777385376	0.261317909618027	0.488424382595421	0.558789686670037	0.518784791363801	0.530832785235691	0.477271269548831	0.861214950981593	0.570239587350559	0.432806870483946	0.433978613851013	0.31374979953863	0.437612512872652	0.412176414943544	0.409390943417981	0.460404535422087	0.419917574387654	0.746792275656419	0.399413829965093	0.610003053144197	0.591705340860696	0.544736565699004	0.53596350324797	0.31464416564894	0.791076808683224	0.488829011922771	0.328420487768772
ZB_12	0.545584049412846	0.466597061630373	0.293986312528615	0.779557470521213	0.322589427014931	0.670335710653969	0.480827432023451	0.57616746675061	0.41053441618227	0.400957938336079	0.586175521795473	0	0.651055464572998	0.803684551818167	0.803684551818167	0.485693630290308	0.61687629302496	0.476006925835841	0.385460887298278	0.494221685060147	0.425521850585937	0.771337205226517	0.202968902447403	0.430756518602335	0.343727258515759	0.487274818168682	0.417030822717841	0.409069289084893	0.58482233127019	0.422985516886887	0.461778782863806	0.268289918942315	0.163509502411675	0.661041134820095	0.50908929295382	0.299364382844877	0.786634932535619	0.336580566217071	0.549265543619792	0.397994400950453	0.310928293685158	0.486164801405868	0.187808330241442	0.238635233531067	0.803684551818167	0.273388193290395	0.282323201497396	0.259735107421875	0.473085864802031	0.270632931608496	0.297146560591736	0.293986312528615	0.456030749792444	0.345545882397211	0.438626221147175	0.390832927920785	0.0837050444636814	0.390810554839389	0.265336409112247	0.19453491088483	0.464365312758962	0.528064846147792	0.39844601997901	0.47772888140319
ZB_13	0.679214731889349	0.600241130502639	0.666828349951343	0.746381848124929	0.698386644048767	0.388801487869659	0.616777740263934	0.67933102317764	0.553818053782844	0.704665935857436	0.704053275311428	0.651055464572998	0	0.952591607190619	0.952591607190619	0.618845637009763	0.733566874268058	0.556126209335087	0.70257190584818	0.634391422854882	0.713235898837206	0.906736966631313	0.633057020672497	0.610307528061565	0.682013085881239	0.281461371248379	0.450098441539958	0.792308904285939	0.734167597250843	0.693258347695502	0.757986005839256	0.66299024333809	0.592695928399999	0.0211269848346847	0.782612137551292	0.672312444863474	0.914468495038331	0.513044232771586	0.675021709955001	0.720701137247329	0.665822894293004	0.760935626987743	0.617550012123086	0.738365352264723	0.952591607190619	0.659914799363198	0.753564290779815	0.733113366550927	0.607221496410904	0.65558316854334	0.670050899919057	0.666828349951343	0.583927818534446	0.682909948405946	0.581406819472476	0.694077634426736	0.676918445676442	0.721683480234578	0.734943037598387	0.624430302796041	0.597482183340545	0.615915174402922	0.721160420243942	0.614002581427774
ZB_14	0.928007112847856	0.814519191734	0.799049739742153	0.516291875060981	0.615053509334594	0.939620358127339	0.961185273973589	0.523356896509552	0.954905616796494	0.937269707975965	0.861214950981593	0.803684551818167	0.952591607190619	0	0	0.962332473037701	0.866167754493635	0.681322537112011	0.751320820210208	0.808737044664259	0.940699401230089	0.697739510355244	0.765250499541052	0.932184407894345	0.734229663453408	0.748055522954965	0.954618344012559	0.780463946895532	0.701122099657664	0.817694144238541	0.801067401427168	0.67760902653696	0.773857748920236	0.952031648927647	0.730564744801512	0.798013263915421	0.584284092945463	0.720725523748922	0.933371259355579	0.824216016634988	0.672210290854359	0.818344577344675	0.768633854796042	0.801524071788054	0	0.790842070144464	0.810565001450116	0.814302150475539	0.961474333858601	0.792717217971413	0.798441981153549	0.799049739742153	0.943112577899014	0.780828597193969	0.806504768759706	0.937829691032404	0.729996286627981	0.778582873184232	0.77825747558586	0.767144810539325	0.814971096378066	0.556509904595441	0.824139215053497	0.81223174898831
ZB_15	0.928007112847856	0.814519191734	0.799049739742153	0.516291875060981	0.615053509334594	0.939620358127339	0.961185273973589	0.523356896509552	0.954905616796494	0.937269707975965	0.861214950981593	0.803684551818167	0.952591607190619	0	0	0.962332473037701	0.866167754493635	0.681322537112011	0.751320820210208	0.808737044664259	0.940699401230089	0.697739510355244	0.765250499541052	0.932184407894345	0.734229663453408	0.748055522954965	0.954618344012559	0.780463946895532	0.701122099657664	0.817694144238541	0.801067401427168	0.67760902653696	0.773857748920236	0.952031648927647	0.730564744801512	0.798013263915421	0.584284092945463	0.720725523748922	0.933371259355579	0.824216016634988	0.672210290854359	0.818344577344675	0.768633854796042	0.801524071788054	0	0.790842070144464	0.810565001450116	0.814302150475539	0.961474333858601	0.792717217971413	0.798441981153549	0.799049739742153	0.943112577899014	0.780828597193969	0.806504768759706	0.937829691032404	0.729996286627981	0.778582873184232	0.77825747558586	0.767144810539325	0.814971096378066	0.556509904595441	0.824139215053497	0.81223174898831
ZB_16	0.457166341840879	0.366195044716123	0.472957774974413	0.91889180163387	0.489288238812463	0.619652084196639	0.366738466671018	0.75426623331192	0.255549192134812	0.511820278294582	0.530870376991221	0.485693630290308	0.618845637009763	0.962332473037701	0.962332473037701	0	0.333149051680766	0.709674159120311	0.559309088918853	0.382223651371923	0.542426757277297	0.925377194008416	0.393333449132376	0.357847625605227	0.287360515485912	0.680753051884272	0.605927066495736	0.516894689697134	0.553962610714205	0.598689843569497	0.390144243804566	0.472423671268443	0.403228088615783	0.630668715002156	0.530055554253299	0.478340037607407	0.930410409902597	0.516988062442608	0.48069777074524	0.322792945040821	0.506716679754724	0.435431706185007	0.394550618591441	0.581927693606306	0.962332473037701	0.458983766303895	0.604427657309403	0.60332005401302	0.374781601030377	0.455510337068981	0.476120486516078	0.472957774974413	0.557298018673651	0.531121210597226	0.650036894775209	0.513611464844991	0.522554161792689	0.312218802162295	0.605965428188194	0.384804849663893	0.363498340767946	0.729944204508575	0.323316592483279	0.362078730720182
ZB_17	0.263228616303089	0.373596067684545	0.453230434155632	0.838747581160789	0.465006427545182	0.748644639787512	0.351972395015308	0.824434633539206	0.494387949045112	0.348502938661696	0.343101614425463	0.61687629302496	0.733566874268058	0.866167754493635	0.866167754493635	0.333149051680766	0	0.791891500246836	0.530162541874615	0.374562041967356	0.386388199140709	0.831377741500132	0.55982154109848	0.550434158294791	0.475686913964127	0.766042106819674	0.722387310510993	0.390326403487354	0.658658209782189	0.570735862205436	0.22896680361959	0.606212921964638	0.572206870872283	0.742029969102177	0.264639790993183	0.457728129366544	0.841171344136399	0.628776654202707	0.304574189111057	0.323313631298564	0.516302635422153	0.294702420182656	0.564663972698015	0.435777154786228	0.866167754493635	0.603128164735006	0.459916366073994	0.464132517642323	0.365553331859488	0.600126397354815	0.451781534265835	0.453230434155632	0.406354588844631	0.373868246222588	0.637292713352178	0.34691223327465	0.637994867351296	0.354841041723276	0.573528242501343	0.562723080660957	0.366396914233853	0.798428252327458	0.328182573109302	0.358316708854045
ZB_18	0.74820108090627	0.687060095554705	0.492622181590257	0.730666910004703	0.512526427061311	0.410177993320452	0.705493069361992	0.258641358641359	0.658074078981145	0.767203513909224	0.770027319655447	0.476006925835841	0.556126209335087	0.681322537112011	0.681322537112011	0.709674159120311	0.791891500246836	0	0.562485119858642	0.714679351656096	0.772244747794495	0.634960399449036	0.413829374737033	0.65273862739464	0.528400886764392	0.302345433681323	0.58093312898566	0.693189123538096	0.545072639589328	0.697391103773127	0.627614851237514	0.459765426184845	0.373581558099134	0.54915022955884	0.663222084276638	0.489423686759919	0.672451151167776	0.522384064957805	0.739911713819734	0.568107722510774	0.50116266520148	0.641984630233723	0.395625881712358	0.604267502160761	0.681322537112011	0.467092461182016	0.62464902752444	0.612106323242187	0.688194082525647	0.472965924583005	0.490747563501884	0.492622181590257	0.791407776037721	0.529899461865164	0.593343162531027	0.75970791350617	0.519867789407413	0.560848443921239	0.615041366534247	0.410318976318114	0.687877482852431	0.18136144058897	0.576898954908064	0.703272574460262
ZB_19	0.442243339873329	0.544925753314174	0.188911103525625	0.806692682592864	0.422065226823753	0.724742483915105	0.369185271026536	0.537512298526472	0.507817990413603	0.489322685732941	0.49631380997182	0.385460887298278	0.70257190584818	0.751320820210208	0.751320820210208	0.559309088918853	0.530162541874615	0.562485119858642	0	0.568493780021541	0.506513428566384	0.660460782343376	0.334508446183369	0.375002509903361	0.328095690637423	0.562971022116389	0.691838249027041	0.400046038809155	0.553334219220389	0.307009746117175	0.373380251116773	0.256962471924938	0.301561303313933	0.711083341245179	0.42616206627104	0.194100149446817	0.591056322772107	0.321025067293456	0.451208353782903	0.303692886392246	0.297219374346217	0.282045950484982	0.321849927858206	0.349493050426375	0.751320820210208	0.228593392786968	0.382230766514223	0.362626472198188	0.361715798622565	0.380162398761781	0.191960277552285	0.188911103525625	0.529750163323037	0.248583145546992	0.639108801041036	0.480600698777718	0.318348165385373	0.470897645351826	0.120124478186031	0.327466374466108	0.543021730363806	0.493679346220372	0.304130738726546	0.554422897279748
ZB_20	0.351650389197323	0.0416918756377493	0.481306604815551	0.77937449127086	0.212785449096688	0.638260270220117	0.357404303355797	0.765261490956337	0.237807313545899	0.456269760791598	0.345422695927859	0.494221685060147	0.634391422854882	0.808737044664259	0.808737044664259	0.382223651371923	0.374562041967356	0.714679351656096	0.568493780021541	0	0.492728312572361	0.921482600819088	0.385633716831525	0.352412580582145	0.538837334904502	0.695631425167104	0.620633739743442	0.637757643130645	0.730856886496187	0.683797254266588	0.549363546996698	0.440589636688505	0.410249344198247	0.646658752260598	0.464843208298349	0.478411772872414	0.927035350687759	0.515405054474474	0.413051548321911	0.55085477465032	0.459135230321671	0.580704893763231	0.395330455402201	0.539264004216405	0.808737044664259	0.458315978340969	0.561596902252666	0.570788532581114	0.363702056070545	0.46358202135963	0.479609457001179	0.481306604815551	0.517966024410676	0.487622332496414	0.715022086477475	0.462082574018413	0.53149161165888	0.49504310101341	0.615234059404138	0.391379030951223	0.0449088323703584	0.736915464265872	0.562291879236568	0.0258063035144503
ZB_21	0.237773835000884	0.4669670381788	0.422578679049395	0.90691058564975	0.56271764434269	0.737554526641754	0.338745130140828	0.812445993572628	0.485272939500053	0.0737380573491126	0.347684451041883	0.425521850585937	0.713235898837206	0.940699401230089	0.940699401230089	0.542426757277297	0.386388199140709	0.772244747794495	0.506513428566384	0.492728312572361	0	0.826826764846669	0.553666523762545	0.526871390792811	0.623166015005812	0.757948276338451	0.518009796185741	0.377191486943426	0.792457492591721	0.513450400627068	0.430846511965752	0.59553634227915	0.546562194824219	0.722035777862083	0.473182962674224	0.419868343552233	0.837139977603583	0.625030646627569	0.14833580264979	0.492824907690204	0.490284821358386	0.45070837314644	0.542269489625677	0.203784668796073	0.940699401230089	0.574113707261844	0.151620277272527	0.165786743164062	0.321645235438654	0.577207992070531	0.425323987748124	0.422578679049395	0.180722891566265	0.340657552083333	0.574116248932766	0.0728818954932011	0.461909877634246	0.52165063591193	0.401462045097381	0.547326229448924	0.472594336218335	0.798164394590848	0.499413232126279	0.48499392095577
ZB_22	0.787323090961736	0.923504169838309	0.589980868211288	0.576163481759166	0.757290083654586	0.8823163538874	0.766780950426079	0.648145843187042	0.911141412603766	0.816241746078677	0.719018507794342	0.771337205226517	0.906736966631313	0.697739510355244	0.697739510355244	0.925377194008416	0.831377741500132	0.634960399449036	0.660460782343376	0.921482600819088	0.826826764846669	0	0.728008928886423	0.893762617352222	0.78967652653534	0.708771604493116	0.910593825156913	0.742932968676823	0.636330940733629	0.752579515650171	0.672960844698636	0.749710032435049	0.737672565523087	0.905673351647407	0.698256405974193	0.587629650292902	0.139080814473485	0.780004669381826	0.804129820525736	0.64625391576749	0.78004289897473	0.702823777204641	0.731804813257013	0.673753956192224	0.697739510355244	0.756808451455461	0.68941329271379	0.695862791306625	0.768712567708118	0.623926397771005	0.588602510989532	0.589980868211288	0.83423528982666	0.637603561340071	0.813558688583696	0.817974507369433	0.786634932535619	0.788185694054883	0.697979690104614	0.730133777987093	0.92366295392509	0.669123355975451	0.646084534018195	0.922702197077701
ZB_23	0.459801002019376	0.384230854194725	0.179508489501735	0.742429943841044	0.177152907488026	0.636453214258987	0.37020754819049	0.493946833242054	0.260423356594527	0.524146725718315	0.542396553666839	0.202968902447403	0.633057020672497	0.765250499541052	0.765250499541052	0.393333449132376	0.55982154109848	0.413829374737033	0.334508446183369	0.385633716831525	0.553666523762545	0.728008928886423	0	0.319861522431648	0.28266387981065	0.425468904244817	0.619999725165244	0.513685607084911	0.539359187877172	0.533305754286919	0.374970994592027	0.144245740805128	0.0471725622102025	0.644712753135311	0.436972867600255	0.185906118594856	0.749382365804934	0.241066288077044	0.489516996112811	0.312937819550443	0.241232588638913	0.431681496331263	0.0186662493232269	0.371121656435516	0.765250499541052	0.149747355357248	0.403863335603649	0.409985860188802	0.386495466776477	0.147019570500494	0.176412328096046	0.179508489501735	0.567917973891786	0.284943320162488	0.577103373272581	0.521524702994169	0.26968442590698	0.302038458465717	0.414450271822803	0.0109290782561234	0.375419797638761	0.456123112273435	0.318797158022517	0.365599994185751
ZB_24	0.434283305058374	0.335954188065264	0.415764291907423	0.890112203603927	0.423043704693297	0.609485833277951	0.347781128173389	0.704096037955775	0.227224106147159	0.494068339654665	0.522003456868208	0.430756518602335	0.610307528061565	0.932184407894345	0.932184407894345	0.357847625605227	0.550434158294791	0.65273862739464	0.375002509903361	0.352412580582145	0.526871390792811	0.893762617352222	0.319861522431648	0	0.482367948861725	0.636606737362285	0.597085428227041	0.634247373175486	0.704248788870026	0.556638355121622	0.554632570378311	0.402594444686345	0.332857566143684	0.622603460802776	0.59103759632956	0.412400663252803	0.901349554848326	0.466646361820642	0.460442435407217	0.500571347727668	0.455403810984603	0.459655039865091	0.321974174103185	0.535509337412293	0.932184407894345	0.189795000130147	0.561532912619968	0.567079275827544	0.345185714017322	0.395150828179054	0.419128024353043	0.415764291907423	0.549676766483368	0.483859875709721	0.710692425609637	0.503820945157194	0.473889528455655	0.495693568708741	0.450080007268799	0.310693172099832	0.344471402508981	0.686956087492093	0.508391519407842	0.342778779509887
ZB_25	0.581923795958337	0.513649531104237	0.355910551796151	0.795678523778295	0.382345078913057	0.703298775906475	0.526363895255014	0.501482578542652	0.469474960036856	0.61220222884489	0.614797451488236	0.343727258515759	0.682013085881239	0.734229663453408	0.734229663453408	0.287360515485912	0.475686913964127	0.528400886764392	0.328095690637423	0.538837334904502	0.623166015005812	0.78967652653534	0.28266387981065	0.482367948861725	0	0.532762712096896	0.670910845295916	0.341605577506394	0.306295835836116	0.427303965097873	0.301913014233855	0.199076750880426	0.24715001716019	0.69111284857962	0.442089411438883	0.360816913250431	0.723729406250233	0.274092972854341	0.583517994148817	0.219023338441301	0.24791008782922	0.339617726696295	0.26901921013657	0.478586584008691	0.734229663453408	0.339267690927442	0.504159357497622	0.485387297897073	0.519301338468423	0.33653037562686	0.35879361549206	0.355910551796151	0.640742280586118	0.3978827264904	0.529989645680228	0.603867844587075	0.272056881337294	0.206635366716234	0.399230798319234	0.275073201349317	0.511614648969193	0.454234856519172	0.219500684829335	0.523799392263084
ZB_26	0.727347695260895	0.679266179324148	0.501899273334687	0.54533348091677	0.51899494145574	0.546088823927306	0.680555895452988	0.434276758628224	0.640014345877691	0.743837980954424	0.750576710012246	0.487274818168682	0.281461371248379	0.748055522954965	0.748055522954965	0.680753051884272	0.766042106819674	0.302345433681323	0.562971022116389	0.695631425167104	0.757948276338451	0.708771604493116	0.425468904244817	0.636606737362285	0.532762712096896	0	0.578812333119527	0.68777548487259	0.565336661973671	0.575071786635519	0.618322666269156	0.473600363394494	0.40152364353207	0.296934329722821	0.654197663943407	0.507383368246818	0.733139915416373	0.322210866144287	0.730906382769651	0.578730500044363	0.508973490363408	0.640611660835217	0.426377727255158	0.606681496147804	0.748055522954965	0.488745839075252	0.628298350479383	0.607847426250495	0.684529638061862	0.485087419655085	0.505121823302401	0.501899273334687	0.639114132051276	0.534080526117096	0.43635772236338	0.743741240883863	0.525276850992427	0.576065223617331	0.610535871906628	0.416751297875816	0.676990151450434	0.370070336725519	0.579189783040975	0.678657746223025
ZB_27	0.666182573932719	0.587285479024616	0.65487593870962	0.904635233091707	0.685745227617443	0.434508200102538	0.603534113514579	0.695373637420906	0.539760304304852	0.495188732609207	0.692772662673975	0.417030822717841	0.450098441539958	0.954618344012559	0.954618344012559	0.605927066495736	0.722387310510993	0.58093312898566	0.691838249027041	0.620633739743442	0.518009796185741	0.910593825156913	0.619999725165244	0.597085428227041	0.670910845295916	0.578812333119527	0	0.662308022880794	0.721571951236739	0.667678569628801	0.747141460112085	0.650413158101834	0.580540325129516	0.465834855421401	0.772263618763509	0.660254009025883	0.917723549928175	0.674936658053834	0.662892107966473	0.709485795811747	0.654463744983841	0.750835606313325	0.604839152959283	0.564912148668589	0.954618344012559	0.647657866258043	0.591036478678385	0.568448384602865	0.59420061291421	0.643459993366012	0.658036186772742	0.65487593870962	0.548258706467662	0.671822797534733	0.547573405710355	0.483217765461837	0.4658282836232	0.710168109231538	0.57171377084101	0.611565733602671	0.5845913267075	0.635130393644911	0.709937414840304	0.600723737432104
ZB_28	0.46975304060144	0.619361535120748	0.40645281233099	0.821460355496764	0.523462309295274	0.816125452171047	0.539225172390481	0.658069920578536	0.641328505273121	0.355640620526578	0.577534400348919	0.409069289084893	0.792308904285939	0.780463946895532	0.780463946895532	0.516894689697134	0.390326403487354	0.693189123538096	0.400046038809155	0.637757643130645	0.377191486943426	0.742932968676823	0.513685607084911	0.634247373175486	0.341605577506394	0.68777548487259	0.662308022880794	0	0.526828067968996	0.255462099606084	0.236381997025419	0.470150457024992	0.508359166711866	0.798682284040996	0.2704709993346	0.404175723965347	0.690386466079238	0.506605872655376	0.475948950887149	0.293303784448662	0.378446826353801	0.267068416298198	0.504362577744727	0.227565292078001	0.780463946895532	0.53313443953153	0.26290739635723	0.272298265207654	0.528098656515423	0.535951135755017	0.408698536371011	0.40645281233099	0.409271512880125	0.339454766206186	0.37330289789911	0.353966671173607	0.353596715579718	0.320124699120956	0.30719785568394	0.508499104245538	0.62283851731866	0.648080541729077	0.300198164548405	0.631705782282542
ZB_29	0.754623624248289	0.737080807094255	0.597345846033277	0.659849954234407	0.583780042299558	0.73751591549953	0.736044310242092	0.50647297629098	0.707480110024207	0.78203523195582	0.701651314143214	0.58482233127019	0.734167597250843	0.701122099657664	0.701122099657664	0.553962610714205	0.658658209782189	0.545072639589328	0.553334219220389	0.730856886496187	0.792457492591721	0.636330940733629	0.539359187877172	0.704248788870026	0.306295835836116	0.565336661973671	0.721571951236739	0.526828067968996	0	0.586680348072492	0.506265548270154	0.437986462645434	0.529615712350008	0.731605329303907	0.60099619682609	0.595531230070153	0.555284292659138	0.504618207043052	0.770369317249751	0.46121470231925	0.504702528847766	0.541403386428772	0.545055369992602	0.66502642948218	0.701122099657664	0.5830403484487	0.678367241823332	0.668348231697468	0.737761180981404	0.449986729434115	0.596281523993296	0.597345846033277	0.799881819221532	0.616388699020278	0.563884383574801	0.783726659964732	0.519251350085074	0.452214464173032	0.597251631482289	0.542545518069166	0.737571083975953	0.451429977782498	0.469194689759568	0.73460772318675
ZB_30	0.593373459683265	0.673882586716629	0.4397625454802	0.768973214285714	0.576461828019353	0.809053002186284	0.557820687529404	0.671802387713352	0.655827695851787	0.491116770535233	0.629284133139034	0.422985516886887	0.693258347695502	0.817694144238541	0.817694144238541	0.598689843569497	0.570735862205436	0.697391103773127	0.307009746117175	0.683797254266588	0.513450400627068	0.752579515650171	0.533305754286919	0.556638355121622	0.427303965097873	0.575071786635519	0.667678569628801	0.255462099606084	0.586680348072492	0	0.448389064815084	0.472882180416389	0.518924802709159	0.699944567068807	0.407175187156566	0.437712174732847	0.702004842357121	0.383865852273649	0.601737139290484	0.402790719298891	0.501201629251304	0.379217748335731	0.533182152611899	0.385764072992949	0.817694144238541	0.462040195352488	0.411283240434303	0.40041776306866	0.55593118154267	0.561541781393762	0.441905280238664	0.4397625454802	0.415203163323002	0.466053503529668	0.370865285889977	0.497737777794493	0.369384896038057	0.528974766893643	0.211070460294903	0.528166157615287	0.676947696735265	0.64568401497544	0.408708157986178	0.677824252177594
ZB_31	0.325758713224555	0.546155452678478	0.262381417316905	0.780268322515481	0.404753862828624	0.774849931969159	0.40797300654362	0.663240417674449	0.527659023902792	0.397989985951515	0.498498531290608	0.461778782863806	0.757986005839256	0.801067401427168	0.801067401427168	0.390144243804566	0.22896680361959	0.627614851237514	0.373380251116773	0.549363546996698	0.430846511965752	0.672960844698636	0.374970994592027	0.554632570378311	0.301913014233855	0.618322666269156	0.747141460112085	0.236381997025419	0.506265548270154	0.448389064815084	0	0.440006818546446	0.393973483113947	0.765904571378098	0.20827585881665	0.267247106542187	0.693453292676605	0.47965245770493	0.360179233511359	0.121257323507515	0.345583944132863	0.107617937804288	0.382411173811245	0.265321353801546	0.801067401427168	0.43920660471455	0.298928748583573	0.305981964309307	0.419899979499574	0.43648642994445	0.26026639764353	0.262381417316905	0.447988773942257	0.179665269973028	0.504953883224833	0.396276525809251	0.493443337470657	0.140079852913979	0.434842552139148	0.379369340057481	0.540443183602855	0.643819784328111	0.111620956828543	0.535467446374108
ZB_32	0.502752924982794	0.45717505634861	0.281980707884907	0.760859553654612	0.250757726159751	0.670985687705203	0.454428402702929	0.415896481018002	0.372583180904295	0.570889951861556	0.591851268878674	0.268289918942315	0.66299024333809	0.67760902653696	0.67760902653696	0.472423671268443	0.606212921964638	0.459765426184845	0.256962471924938	0.440589636688505	0.59553634227915	0.749710032435049	0.144245740805128	0.402594444686345	0.199076750880426	0.473600363394494	0.650413158101834	0.470150457024992	0.437986462645434	0.472882180416389	0.440006818546446	0	0.139343898104265	0.67364994279691	0.472435404580508	0.277838196413365	0.671231380835874	0.152632026588506	0.542251042399957	0.381039982724358	0.152817705216131	0.480455951321139	0.158283677239728	0.429389337022561	0.67760902653696	0.249038231938659	0.45690335423987	0.446302705767174	0.45897468718999	0.256592425277092	0.279552273472076	0.281980707884907	0.612915412178174	0.337845575353587	0.600936812586737	0.574761618504089	0.184584874478634	0.372917801220546	0.346219467257593	0.152486026513124	0.458472133247918	0.353955344590407	0.394128096988107	0.45088324068268
ZB_33	0.478924593316772	0.378038315566222	0.177621714091789	0.750596230498294	0.210121672154937	0.605895954232019	0.395257834062285	0.501477340047393	0.295311081814784	0.528884636163516	0.53536463613779	0.163509502411675	0.592695928399999	0.773857748920236	0.773857748920236	0.403228088615783	0.572206870872283	0.373581558099134	0.301561303313933	0.410249344198247	0.546562194824219	0.737672565523087	0.0471725622102025	0.332857566143684	0.24715001716019	0.40152364353207	0.580540325129516	0.508359166711866	0.529615712350008	0.518924802709159	0.393973483113947	0.139343898104265	0	0.604351660862812	0.452606234075163	0.183886193558217	0.757609882414812	0.235107914593858	0.487195511846792	0.314243205481214	0.203667546433022	0.426669002126241	0.0290485401804599	0.366561931358504	0.773857748920236	0.148424909483787	0.403363545735677	0.380775451660156	0.386240308064175	0.145762065604081	0.181302831655533	0.177621714091789	0.57123354980503	0.249542308000518	0.550181882957379	0.518759625748221	0.233527976705753	0.303613370825376	0.385460887298278	0.0370899712101984	0.375436038399286	0.444897808056872	0.314757653881455	0.391018306636156
ZB_34	0.68997809686055	0.612508459908356	0.676884039737709	0.743468443508617	0.708506730452399	0.375610010020431	0.628950574695771	0.674855248098027	0.568416883059724	0.713989375158108	0.712985453233303	0.661041134820095	0.0211269848346847	0.952031648927647	0.952031648927647	0.630668715002156	0.742029969102177	0.54915022955884	0.711083341245179	0.646658752260598	0.722035777862083	0.905673351647407	0.644712753135311	0.622603460802776	0.69111284857962	0.296934329722821	0.465834855421401	0.798682284040996	0.731605329303907	0.699944567068807	0.765904571378098	0.67364994279691	0.604351660862812	0	0.789906191039551	0.682368134649839	0.91357476326384	0.523703932230406	0.685093307261145	0.729357055995992	0.675385968199968	0.768271752929363	0.6292057445859	0.746394088216856	0.952031648927647	0.670350933494422	0.761201727806073	0.740750803577185	0.61939433084274	0.665978257122532	0.680106589705423	0.676884039737709	0.593251257835118	0.691984045783568	0.590250431249383	0.703401073727408	0.686164000590913	0.730561793542412	0.742528115324281	0.636086035258854	0.609749512746262	0.610554265131623	0.729816338992604	0.62626991083349
